1 1 3 9
1 2 3 12
1 3 7 12
1 4 2 9
1 5 5 14
1 6 5 12
1 7 7 13
1 8 3 11
1 9 4 12
1 10 7 14
1 11 6 12
1 12 6 8
1 13 8 9
1 14 5 10
1 15 7 8
1 16 3 11
1 17 5 10
1 18 6 13
1 19 6 13
1 20 7 12
1 21 6 9
1 22 6 14
1 23 9 12
1 24 7 15
1 25 5 14
1 26 4 13
1 27 4 14
1 28 4 11
1 29 6 11
1 30 3 10
1 31 5 13
1 32 4 11
1 33 5 7
1 34 5 13
1 35 9 13
1 36 4 8
1 37 6 13
1 38 9 13
1 39 4 10
1 40 2 5
1 41 3 7
1 42 4 6
1 43 4 6
1 44 4 6
1 45 5 7
1 46 4 7
1 47 9 10
1 48 3 14
1 49 4 12
1 50 7 12
1 51 2 5
1 52 4 7
1 53 6 13
1 54 7 13
1 55 3 11
1 56 9 10
1 57 4 10
1 58 6 9
1 59 4 13
1 60 3 12
1 61 3 9
1 62 4 6
1 63 2 5
1 64 6 13
1 65 4 11
1 66 6 8
1 67 3 14
1 68 4 11
1 69 5 13
1 70 2 9
1 71 5 12
1 72 5 9
1 73 3 8
1 74 5 11
1 75 3 11
1 76 3 11
1 77 3 11
1 78 4 8
1 79 2 5
1 80 4 11
1 81 6 11
1 82 0 3
1 83 0 3
1 84 0 3
1 85 0 3
1 86 0 3
1 87 0 3
1 88 0 3
1 89 0 3
1 90 3 14
1 91 2 4
1 92 3 14
1 93 4 11
1 94 1 7
1 95 0 3
1 96 5 8
1 97 4 5
1 98 4 5
1 99 4 9
1 100 2 5
2 1 4 6
2 2 0 3
2 3 0 2
2 4 5 14
2 5 3 9
2 6 5 12
2 7 5 7
2 8 4 8
2 9 2 9
2 10 7 12
2 11 3 12
2 12 3 11
2 13 6 12
2 14 7 13
2 15 5 6
2 16 4 12
2 17 5 10
2 18 7 8
2 19 7 14
2 20 1 3
2 21 4 13
2 22 6 13
2 23 7 12
2 24 7 15
2 25 5 10
2 26 6 11
2 27 6 9
2 28 8 9
2 29 5 14
2 30 4 10
2 31 9 12
2 32 6 13
2 33 4 14
2 34 6 8
2 35 6 8
2 36 4 11
2 37 6 10
2 38 3 10
2 39 6 11
2 40 3 11
2 41 4 9
2 42 5 8
2 43 6 14
2 44 4 5
2 45 4 9
2 46 4 15
2 47 4 7
2 48 4 6
2 49 2 6
2 50 9 14
2 51 2 10
2 52 2 10
2 53 6 12
2 54 6 14
2 55 3 7
2 56 4 11
2 57 4 10
2 58 2 6
2 59 2 5
2 60 2 5
2 61 4 11
2 62 3 9
2 63 5 15
2 64 5 10
2 65 3 11
2 66 3 8
2 67 3 8
2 68 3 12
2 69 4 11
2 70 4 11
2 71 5 11
2 72 1 5
2 73 5 10
2 74 5 12
2 75 6 13
2 76 4 14
2 77 4 12
2 78 0 3
2 79 0 3
2 80 0 3
2 81 0 3
2 82 0 3
2 83 0 3
2 84 0 3
2 85 0 3
2 86 0 3
2 87 0 3
2 88 0 3
2 89 0 3
2 90 0 3
2 91 0 3
2 92 0 3
2 93 0 3
2 94 0 3
2 95 0 3
2 96 0 3
2 97 0 3
2 98 0 3
2 99 0 3
2 100 4 5
3 1 4 6
3 2 0 3
3 3 0 2
3 4 0 2
3 5 2 4
3 6 1 3
3 7 4 7
3 8 0 3
3 9 0 3
3 10 0 2
3 11 0 3
3 12 0 2
3 13 4 6
3 14 0 3
3 15 5 12
3 16 4 8
3 17 3 9
3 18 5 14
3 19 3 11
3 20 7 14
3 21 7 12
3 22 3 12
3 23 3 5
3 24 7 15
3 25 7 8
3 26 4 7
3 27 6 12
3 28 5 7
3 29 2 9
3 30 1 3
3 31 1 3
3 32 1 3
3 33 7 12
3 34 5 10
3 35 4 12
3 36 7 13
3 37 3 11
3 38 6 11
3 39 6 9
3 40 4 10
3 41 5 14
3 42 5 10
3 43 5 6
3 44 5 6
3 45 4 12
3 46 5 11
3 47 4 13
3 48 5 10
3 49 8 9
3 50 5 10
3 51 5 9
3 52 6 13
3 53 4 5
3 54 4 7
3 55 5 9
3 56 4 8
3 57 5 8
3 58 1 5
3 59 9 15
3 60 9 10
3 61 3 7
3 62 6 12
3 63 4 7
3 64 5 13
3 65 4 11
3 66 4 13
3 67 6 11
3 68 4 9
3 69 4 6
3 70 3 10
3 71 4 13
3 72 5 12
3 73 3 13
3 74 2 6
3 75 4 12
3 76 3 13
3 77 0 3
3 78 0 4
3 79 0 2
3 80 0 2
3 81 0 3
3 82 0 2
3 83 0 3
3 84 3 11
3 85 4 11
3 86 0 3
3 87 0 3
3 88 0 3
3 89 0 3
3 90 0 3
3 91 0 3
3 92 0 3
3 93 0 3
3 94 0 3
3 95 0 3
3 96 0 3
3 97 0 3
3 98 0 3
3 99 0 3
3 100 0 3
4 1 5 14
4 2 4 6
4 3 0 3
4 4 0 2
4 5 0 2
4 6 2 4
4 7 1 3
4 8 4 7
4 9 0 3
4 10 0 3
4 11 0 2
4 12 0 3
4 13 0 2
4 14 4 6
4 15 0 3
4 16 1 3
4 17 0 3
4 18 0 3
4 19 0 2
4 20 0 3
4 21 0 3
4 22 1 3
4 23 0 2
4 24 0 2
4 25 0 2
4 26 0 3
4 27 0 1
4 28 1 3
4 29 0 3
4 30 4 8
4 31 0 3
4 32 0 2
4 33 0 2
4 34 0 3
4 35 0 2
4 36 0 3
4 37 0 3
4 38 0 3
4 39 1 2
4 40 0 3
4 41 0 2
4 42 0 3
4 43 0 3
4 44 0 2
4 45 5 15
4 46 8 13
4 47 5 12
4 48 7 14
4 49 4 12
4 50 4 8
4 51 6 12
4 52 3 9
4 53 7 8
4 54 4 7
4 55 5 12
4 56 7 11
4 57 1 3
4 58 1 3
4 59 4 13
4 60 7 12
4 61 3 11
4 62 3 5
4 63 8 15
4 64 4 9
4 65 3 12
4 66 3 8
4 67 6 8
4 68 5 9
4 69 3 8
4 70 5 13
4 71 7 15
4 72 4 7
4 73 4 7
4 74 6 10
4 75 6 11
4 76 6 11
4 77 5 7
4 78 2 9
4 79 7 14
4 80 4 8
4 81 3 9
4 82 6 13
4 83 2 3
4 84 5 12
4 85 6 15
4 86 5 6
4 87 3 11
4 88 5 11
4 89 5 13
4 90 2 9
4 91 0 3
4 92 0 3
4 93 0 3
4 94 0 3
4 95 0 3
4 96 0 3
4 97 0 3
4 98 0 3
4 99 0 4
4 100 4 14
5 1 0 5
5 2 0 3
5 3 0 3
5 4 0 3
5 5 4 13
5 6 8 11
5 7 2 10
5 8 1 7
5 9 4 6
5 10 0 3
5 11 0 2
5 12 0 2
5 13 2 4
5 14 1 3
5 15 4 7
5 16 0 3
5 17 0 3
5 18 0 2
5 19 0 3
5 20 0 2
5 21 4 6
5 22 0 3
5 23 1 3
5 24 0 3
5 25 0 3
5 26 0 2
5 27 0 3
5 28 0 3
5 29 1 3
5 30 0 2
5 31 0 2
5 32 0 2
5 33 0 3
5 34 0 1
5 35 1 3
5 36 0 3
5 37 4 8
5 38 0 2
5 39 0 2
5 40 0 2
5 41 0 3
5 42 1 3
5 43 0 3
5 44 0 1
5 45 0 3
5 46 2 4
5 47 0 3
5 48 0 2
5 49 0 2
5 50 0 3
5 51 0 3
5 52 1 2
5 53 0 2
5 54 0 3
5 55 0 3
5 56 0 3
5 57 0 3
5 58 0 3
5 59 0 2
5 60 0 3
5 61 0 3
5 62 0 2
5 63 0 2
5 64 0 2
5 65 0 3
5 66 0 3
5 67 0 3
5 68 0 3
5 69 0 3
5 70 1 2
5 71 0 3
5 72 2 7
5 73 2 12
5 74 3 13
5 75 5 14
5 76 6 14
5 77 2 9
5 78 8 12
5 79 0 2
5 80 3 11
5 81 5 11
5 82 3 12
5 83 1 3
5 84 4 13
5 85 8 14
5 86 3 14
5 87 4 12
5 88 3 10
5 89 6 11
5 90 6 13
5 91 4 11
5 92 4 13
5 93 4 14
5 94 8 12
5 95 0 3
5 96 0 3
5 97 0 3
5 98 0 2
5 99 0 2
5 100 4 9
6 1 0 3
6 2 0 3
6 3 4 13
6 4 3 10
6 5 1 4
6 6 7 14
6 7 5 12
6 8 0 5
6 9 0 3
6 10 2 10
6 11 1 7
6 12 2 12
6 13 2 6
6 14 4 6
6 15 0 3
6 16 0 2
6 17 0 2
6 18 2 4
6 19 1 3
6 20 4 7
6 21 0 3
6 22 0 3
6 23 0 2
6 24 0 3
6 25 0 2
6 26 4 6
6 27 0 3
6 28 1 3
6 29 0 3
6 30 0 3
6 31 0 2
6 32 0 3
6 33 0 3
6 34 1 3
6 35 0 2
6 36 0 1
6 37 0 3
6 38 0 2
6 39 0 1
6 40 0 2
6 41 0 2
6 42 1 2
6 43 0 3
6 44 0 3
6 45 0 2
6 46 0 2
6 47 1 2
6 48 1 2
6 49 0 2
6 50 0 3
6 51 0 1
6 52 1 3
6 53 4 10
6 54 0 2
6 55 0 3
6 56 1 3
6 57 0 3
6 58 0 3
6 59 0 3
6 60 0 3
6 61 0 3
6 62 0 3
6 63 0 1
6 64 0 2
6 65 0 3
6 66 0 2
6 67 0 3
6 68 0 3
6 69 2 4
6 70 0 2
6 71 0 2
6 72 0 3
6 73 0 3
6 74 0 2
6 75 0 3
6 76 2 8
6 77 2 11
6 78 5 8
6 79 5 12
6 80 4 10
6 81 8 11
6 82 8 12
6 83 2 7
6 84 6 11
6 85 5 14
6 86 4 13
6 87 2 6
6 88 4 6
6 89 3 5
6 90 6 14
6 91 8 12
6 92 1 2
6 93 7 13
6 94 4 8
6 95 3 9
6 96 3 8
6 97 4 9
6 98 3 7
6 99 3 10
6 100 0 2
7 1 0 3
7 2 0 3
7 3 0 3
7 4 0 2
7 5 0 3
7 6 0 3
7 7 0 2
7 8 4 13
7 9 3 10
7 10 2 11
7 11 1 4
7 12 7 14
7 13 1 7
7 14 4 6
7 15 0 3
7 16 0 2
7 17 0 2
7 18 2 4
7 19 1 3
7 20 4 7
7 21 0 3
7 22 0 3
7 23 0 2
7 24 0 3
7 25 0 2
7 26 4 6
7 27 0 3
7 28 1 3
7 29 0 3
7 30 0 3
7 31 0 1
7 32 0 3
7 33 1 3
7 34 0 2
7 35 0 2
7 36 0 2
7 37 0 3
7 38 0 3
7 39 0 1
7 40 1 3
7 41 0 3
7 42 0 2
7 43 0 1
7 44 0 3
7 45 0 3
7 46 0 3
7 47 0 3
7 48 0 1
7 49 0 3
7 50 0 3
7 51 0 3
7 52 0 3
7 53 0 2
7 54 0 2
7 55 0 3
7 56 1 4
7 57 0 2
7 58 0 2
7 59 0 2
7 60 0 2
7 61 2 3
7 62 0 2
7 63 0 2
7 64 1 2
7 65 0 3
7 66 0 2
7 67 0 5
7 68 0 3
7 69 0 3
7 70 0 3
7 71 2 7
7 72 2 10
7 73 8 13
7 74 5 12
7 75 4 14
7 76 2 5
7 77 2 12
7 78 2 6
7 79 2 9
7 80 6 11
7 81 3 12
7 82 1 2
7 83 9 11
7 84 7 9
7 85 6 11
7 86 2 10
7 87 1 8
7 88 7 15
7 89 4 10
7 90 4 10
7 91 4 14
7 92 4 14
7 93 1 9
7 94 7 12
7 95 8 14
7 96 3 5
7 97 0 1
7 98 2 10
7 99 0 2
7 100 2 9
8 1 0 3
8 2 0 3
8 3 0 3
8 4 0 2
8 5 0 3
8 6 0 3
8 7 0 2
8 8 0 2
8 9 0 2
8 10 0 2
8 11 0 2
8 12 0 2
8 13 0 2
8 14 0 3
8 15 0 3
8 16 0 3
8 17 0 3
8 18 4 13
8 19 2 6
8 20 2 11
8 21 7 14
8 22 1 4
8 23 1 4
8 24 1 3
8 25 1 2
8 26 3 10
8 27 5 14
8 28 4 6
8 29 0 3
8 30 0 2
8 31 0 2
8 32 2 4
8 33 1 3
8 34 4 7
8 35 0 3
8 36 0 3
8 37 0 2
8 38 0 3
8 39 0 2
8 40 4 6
8 41 0 3
8 42 1 3
8 43 0 3
8 44 0 3
8 45 1 2
8 46 0 2
8 47 0 3
8 48 0 3
8 49 0 3
8 50 0 2
8 51 0 3
8 52 0 2
8 53 0 2
8 54 0 3
8 55 0 3
8 56 0 1
8 57 0 2
8 58 0 2
8 59 0 2
8 60 0 3
8 61 0 1
8 62 0 3
8 63 1 3
8 64 0 3
8 65 0 3
8 66 0 3
8 67 1 3
8 68 0 3
8 69 0 3
8 70 0 2
8 71 0 2
8 72 0 2
8 73 0 1
8 74 0 3
8 75 0 2
8 76 0 3
8 77 0 3
8 78 2 10
8 79 1 7
8 80 5 7
8 81 5 12
8 82 0 3
8 83 0 3
8 84 0 3
8 85 0 3
8 86 5 12
8 87 6 13
8 88 3 12
8 89 4 14
8 90 8 11
8 91 3 13
8 92 5 13
8 93 3 12
8 94 4 12
8 95 4 13
8 96 4 8
8 97 3 11
8 98 3 11
8 99 0 2
8 100 0 3
9 1 0 3
9 2 0 3
9 3 0 3
9 4 0 3
9 5 0 3
9 6 0 3
9 7 0 3
9 8 0 3
9 9 0 2
9 10 0 3
9 11 0 3
9 12 0 2
9 13 0 2
9 14 0 2
9 15 0 2
9 16 0 2
9 17 0 2
9 18 0 2
9 19 0 3
9 20 0 3
9 21 0 3
9 22 0 3
9 23 0 2
9 24 0 2
9 25 0 2
9 26 0 2
9 27 0 2
9 28 0 2
9 29 0 3
9 30 0 3
9 31 0 3
9 32 0 2
9 33 0 3
9 34 0 2
9 35 0 2
9 36 0 2
9 37 0 3
9 38 0 2
9 39 0 3
9 40 0 2
9 41 0 3
9 42 0 3
9 43 0 2
9 44 0 2
9 45 4 13
9 46 1 4
9 47 1 4
9 48 2 11
9 49 2 6
9 50 3 13
9 51 1 3
9 52 7 14
9 53 1 3
9 54 2 3
9 55 1 3
9 56 4 13
9 57 1 2
9 58 1 2
9 59 1 2
9 60 3 9
9 61 5 12
9 62 4 14
9 63 12 12
9 64 2 14
9 65 4 6
9 66 0 3
9 67 0 2
9 68 0 2
9 69 0 1
9 70 0 2
9 71 0 3
9 72 0 2
9 73 0 3
9 74 0 1
9 75 0 3
9 76 0 3
9 77 0 1
9 78 0 3
9 79 1 3
9 80 0 2
9 81 0 2
9 82 0 2
9 83 0 3
9 84 0 1
9 85 0 2
9 86 3 10
9 87 0 3
9 88 2 10
9 89 1 4
9 90 5 14
9 91 1 3
9 92 12 13
9 93 3 9
9 94 4 11
9 95 1 6
9 96 7 9
9 97 3 7
9 98 5 9
9 99 0 2
9 100 2 12
10 1 0 3
10 2 0 3
10 3 0 3
10 4 0 2
10 5 0 3
10 6 0 3
10 7 0 2
10 8 0 2
10 9 0 2
10 10 0 2
10 11 0 2
10 12 0 2
10 13 0 2
10 14 0 3
10 15 0 3
10 16 0 3
10 17 0 3
10 18 0 2
10 19 0 2
10 20 0 2
10 21 0 2
10 22 0 2
10 23 0 2
10 24 0 3
10 25 0 3
10 26 0 2
10 27 0 3
10 28 0 2
10 29 0 2
10 30 0 2
10 31 0 2
10 32 0 2
10 33 0 3
10 34 0 3
10 35 0 3
10 36 0 3
10 37 0 2
10 38 0 3
10 39 0 2
10 40 0 2
10 41 0 3
10 42 0 2
10 43 0 2
10 44 1 3
10 45 0 2
10 46 0 3
10 47 0 2
10 48 0 2
10 49 0 2
10 50 0 3
10 51 0 2
10 52 0 2
10 53 0 3
10 54 0 2
10 55 1 5
10 56 0 2
10 57 0 2
10 58 0 3
10 59 0 3
10 60 0 3
10 61 0 3
10 62 0 3
10 63 0 3
10 64 0 3
10 65 0 3
10 66 3 12
10 67 0 3
10 68 0 3
10 69 0 3
10 70 3 13
10 71 3 9
10 72 3 12
10 73 1 3
10 74 1 3
10 75 2 3
10 76 4 10
10 77 7 12
10 78 1 3
10 79 1 3
10 80 6 10
10 81 4 12
10 82 5 10
10 83 5 12
10 84 4 12
10 85 4 7
10 86 5 11
10 87 9 15
10 88 3 10
10 89 5 14
10 90 0 6
10 91 0 2
10 92 8 15
10 93 0 3
10 94 0 3
10 95 0 2
10 96 1 3
10 97 0 2
10 98 1 4
10 99 7 12
10 100 7 11
11 1 0 3
11 2 0 3
11 3 0 3
11 4 0 2
11 5 0 3
11 6 0 3
11 7 0 2
11 8 0 2
11 9 0 2
11 10 0 2
11 11 0 2
11 12 0 2
11 13 0 2
11 14 0 3
11 15 0 3
11 16 0 3
11 17 0 3
11 18 0 2
11 19 0 2
11 20 0 2
11 21 0 2
11 22 0 2
11 23 0 2
11 24 0 3
11 25 0 3
11 26 0 2
11 27 0 3
11 28 0 2
11 29 0 2
11 30 0 2
11 31 0 3
11 32 0 2
11 33 0 2
11 34 0 2
11 35 0 2
11 36 0 2
11 37 0 2
11 38 0 2
11 39 0 3
11 40 0 2
11 41 0 2
11 42 0 2
11 43 0 2
11 44 0 2
11 45 0 3
11 46 0 2
11 47 0 3
11 48 0 3
11 49 0 2
11 50 0 2
11 51 1 3
11 52 0 2
11 53 0 2
11 54 0 2
11 55 0 2
11 56 0 2
11 57 0 2
11 58 0 2
11 59 0 3
11 60 0 3
11 61 0 3
11 62 0 2
11 63 0 3
11 64 0 2
11 65 0 3
11 66 0 2
11 67 0 2
11 68 3 9
11 69 0 3
11 70 0 3
11 71 0 3
11 72 3 12
11 73 2 5
11 74 1 3
11 75 2 10
11 76 8 12
11 77 5 9
11 78 4 11
11 79 7 10
11 80 2 3
11 81 2 3
11 82 3 6
11 83 3 13
11 84 1 3
11 85 7 13
11 86 2 3
11 87 1 12
11 88 3 10
11 89 5 13
11 90 2 7
11 91 0 2
11 92 0 3
11 93 3 11
11 94 4 12
11 95 5 12
11 96 2 12
11 97 1 4
11 98 5 13
11 99 11 13
11 100 5 12
12 1 0 3
12 2 0 3
12 3 0 3
12 4 0 2
12 5 0 3
12 6 0 3
12 7 0 2
12 8 0 2
12 9 0 2
12 10 0 2
12 11 0 2
12 12 0 2
12 13 0 2
12 14 0 3
12 15 0 3
12 16 0 3
12 17 0 3
12 18 0 2
12 19 0 2
12 20 0 2
12 21 0 2
12 22 0 2
12 23 0 2
12 24 0 3
12 25 0 3
12 26 0 2
12 27 0 3
12 28 0 2
12 29 0 2
12 30 0 2
12 31 0 2
12 32 0 2
12 33 0 3
12 34 0 3
12 35 0 3
12 36 0 3
12 37 0 2
12 38 0 2
12 39 0 2
12 40 0 2
12 41 0 2
12 42 0 2
12 43 0 2
12 44 0 2
12 45 0 2
12 46 0 3
12 47 1 3
12 48 0 3
12 49 0 3
12 50 0 2
12 51 0 2
12 52 0 3
12 53 0 2
12 54 0 2
12 55 0 3
12 56 0 2
12 57 0 2
12 58 0 2
12 59 0 2
12 60 0 2
12 61 0 2
12 62 0 2
12 63 8 13
12 64 2 3
12 65 2 7
12 66 1 2
12 67 2 8
12 68 6 13
12 69 1 3
12 70 7 12
12 71 1 3
12 72 4 11
12 73 7 11
12 74 3 11
12 75 1 2
12 76 0 2
12 77 0 2
12 78 3 11
12 79 5 11
12 80 6 11
12 81 4 11
12 82 6 12
12 83 0 3
12 84 0 3
12 85 0 3
12 86 0 3
12 87 4 8
12 88 8 13
12 89 4 9
12 90 0 2
12 91 0 1
12 92 4 13
12 93 3 12
12 94 1 8
12 95 7 10
12 96 6 12
12 97 10 15
12 98 8 13
12 99 3 13
12 100 3 12
13 1 8 13
13 2 0 3
13 3 0 3
13 4 0 3
13 5 0 3
13 6 0 3
13 7 0 3
13 8 0 3
13 9 0 3
13 10 0 2
13 11 0 3
13 12 0 3
13 13 0 2
13 14 0 2
13 15 0 2
13 16 0 2
13 17 0 2
13 18 0 2
13 19 0 2
13 20 0 3
13 21 0 3
13 22 0 3
13 23 0 3
13 24 0 2
13 25 0 2
13 26 0 2
13 27 0 2
13 28 0 2
13 29 0 2
13 30 0 3
13 31 0 3
13 32 0 2
13 33 0 3
13 34 0 2
13 35 0 2
13 36 0 2
13 37 0 3
13 38 0 2
13 39 0 2
13 40 0 3
13 41 0 2
13 42 0 2
13 43 0 2
13 44 0 2
13 45 0 2
13 46 0 3
13 47 0 2
13 48 0 3
13 49 0 2
13 50 0 2
13 51 0 2
13 52 0 2
13 53 0 3
13 54 0 2
13 55 0 3
13 56 0 2
13 57 1 3
13 58 0 2
13 59 0 2
13 60 0 3
13 61 0 2
13 62 0 3
13 63 0 3
13 64 0 3
13 65 0 2
13 66 0 2
13 67 0 2
13 68 0 3
13 69 0 3
13 70 0 2
13 71 0 2
13 72 6 11
13 73 5 11
13 74 4 10
13 75 1 3
13 76 6 13
13 77 6 13
13 78 4 10
13 79 4 11
13 80 2 5
13 81 2 9
13 82 1 2
13 83 0 2
13 84 4 11
13 85 7 14
13 86 5 12
13 87 5 12
13 88 0 2
13 89 0 1
13 90 0 1
13 91 0 1
13 92 0 1
13 93 4 12
13 94 1 2
13 95 0 2
13 96 0 2
13 97 4 12
13 98 5 13
13 99 5 12
13 100 5 11
14 1 0 3
14 2 0 3
14 3 0 3
14 4 0 2
14 5 0 3
14 6 0 3
14 7 0 2
14 8 0 2
14 9 0 2
14 10 0 2
14 11 0 2
14 12 0 2
14 13 0 2
14 14 0 3
14 15 0 3
14 16 0 3
14 17 0 3
14 18 0 2
14 19 0 2
14 20 0 2
14 21 0 2
14 22 0 2
14 23 0 2
14 24 0 3
14 25 0 2
14 26 0 2
14 27 0 3
14 28 0 2
14 29 0 2
14 30 0 2
14 31 0 2
14 32 0 3
14 33 0 3
14 34 0 2
14 35 0 2
14 36 0 3
14 37 0 2
14 38 0 2
14 39 0 2
14 40 0 2
14 41 0 2
14 42 0 2
14 43 0 2
14 44 0 2
14 45 0 3
14 46 0 2
14 47 0 2
14 48 0 2
14 49 1 3
14 50 0 2
14 51 0 3
14 52 0 2
14 53 0 3
14 54 0 2
14 55 0 2
14 56 0 3
14 57 0 3
14 58 0 2
14 59 0 2
14 60 0 2
14 61 0 3
14 62 0 3
14 63 0 3
14 64 0 3
14 65 0 3
14 66 0 3
14 67 6 15
14 68 3 9
14 69 4 12
14 70 0 2
14 71 7 12
14 72 6 14
14 73 6 11
14 74 1 2
14 75 1 2
14 76 6 13
14 77 8 13
14 78 2 11
14 79 4 11
14 80 4 12
14 81 4 11
14 82 0 3
14 83 0 3
14 84 0 1
14 85 0 1
14 86 0 2
14 87 0 2
14 88 0 1
14 89 0 1
14 90 0 1
14 91 0 2
14 92 0 4
14 93 0 2
14 94 0 2
14 95 0 2
14 96 0 2
14 97 5 12
14 98 4 8
14 99 8 12
14 100 7 13
15 1 0 3
15 2 0 3
15 3 0 3
15 4 0 3
15 5 0 3
15 6 2 9
15 7 0 3
15 8 0 3
15 9 0 3
15 10 0 2
15 11 0 3
15 12 0 3
15 13 0 2
15 14 0 2
15 15 0 2
15 16 0 2
15 17 0 2
15 18 0 2
15 19 0 2
15 20 0 3
15 21 0 3
15 22 0 3
15 23 0 3
15 24 0 2
15 25 0 2
15 26 0 2
15 27 0 2
15 28 0 2
15 29 0 2
15 30 0 3
15 31 0 2
15 32 0 2
15 33 0 3
15 34 0 2
15 35 0 2
15 36 0 2
15 37 0 3
15 38 0 2
15 39 0 3
15 40 0 2
15 41 0 3
15 42 0 2
15 43 0 2
15 44 0 2
15 45 0 3
15 46 0 2
15 47 0 2
15 48 0 2
15 49 0 2
15 50 0 3
15 51 0 2
15 52 0 2
15 53 0 2
15 54 0 2
15 55 0 2
15 56 0 3
15 57 0 3
15 58 0 2
15 59 0 2
15 60 4 10
15 61 0 2
15 62 0 2
15 63 0 2
15 64 0 2
15 65 0 2
15 66 0 2
15 67 0 2
15 68 0 2
15 69 0 2
15 70 0 2
15 71 5 10
15 72 1 2
15 73 1 2
15 74 2 3
15 75 5 8
15 76 5 12
15 77 5 13
15 78 1 3
15 79 0 4
15 80 3 9
15 81 3 13
15 82 6 11
15 83 5 10
15 84 0 1
15 85 0 2
15 86 0 2
15 87 0 1
15 88 0 3
15 89 0 2
15 90 0 2
15 91 0 2
15 92 0 2
15 93 0 2
15 94 0 2
15 95 6 11
15 96 3 11
15 97 1 4
15 98 2 9
15 99 4 12
15 100 3 14
16 1 2 9
16 2 0 3
16 3 0 3
16 4 0 3
16 5 0 2
16 6 0 3
16 7 0 3
16 8 0 2
16 9 0 2
16 10 0 2
16 11 0 2
16 12 0 2
16 13 0 2
16 14 0 2
16 15 0 3
16 16 0 3
16 17 0 3
16 18 0 3
16 19 0 2
16 20 0 2
16 21 0 2
16 22 0 2
16 23 0 2
16 24 0 2
16 25 0 3
16 26 0 2
16 27 0 2
16 28 0 2
16 29 0 2
16 30 0 3
16 31 0 2
16 32 0 2
16 33 0 3
16 34 0 2
16 35 0 2
16 36 0 2
16 37 0 2
16 38 0 2
16 39 0 2
16 40 0 2
16 41 0 2
16 42 0 2
16 43 0 2
16 44 0 3
16 45 0 3
16 46 0 3
16 47 0 2
16 48 0 2
16 49 0 3
16 50 0 3
16 51 0 3
16 52 0 2
16 53 0 2
16 54 0 2
16 55 0 2
16 56 0 2
16 57 0 2
16 58 0 3
16 59 0 3
16 60 0 2
16 61 0 3
16 62 3 11
16 63 5 11
16 64 2 7
16 65 1 3
16 66 4 13
16 67 6 13
16 68 3 13
16 69 2 3
16 70 5 13
16 71 4 8
16 72 1 2
16 73 1 2
16 74 1 2
16 75 3 11
16 76 5 13
16 77 4 12
16 78 3 10
16 79 0 3
16 80 0 3
16 81 0 3
16 82 0 3
16 83 0 3
16 84 0 6
16 85 0 3
16 86 0 3
16 87 0 3
16 88 0 3
16 89 5 9
16 90 0 3
16 91 2 4
16 92 2 9
16 93 0 2
16 94 0 1
16 95 6 10
16 96 1 10
16 97 0 2
16 98 0 2
16 99 3 10
16 100 6 12
17 1 2 9
17 2 0 3
17 3 0 3
17 4 0 3
17 5 0 2
17 6 0 3
17 7 0 3
17 8 0 2
17 9 0 2
17 10 0 2
17 11 0 2
17 12 0 2
17 13 0 2
17 14 0 2
17 15 0 3
17 16 0 3
17 17 0 3
17 18 0 3
17 19 0 2
17 20 0 2
17 21 0 2
17 22 0 2
17 23 0 2
17 24 0 2
17 25 0 3
17 26 0 2
17 27 0 2
17 28 0 2
17 29 0 2
17 30 0 3
17 31 0 2
17 32 0 2
17 33 0 2
17 34 0 3
17 35 0 3
17 36 0 3
17 37 4 10
17 38 0 2
17 39 0 2
17 40 0 2
17 41 0 2
17 42 0 2
17 43 0 2
17 44 0 3
17 45 0 2
17 46 0 2
17 47 0 2
17 48 0 2
17 49 3 14
17 50 0 3
17 51 0 3
17 52 0 2
17 53 0 2
17 54 0 3
17 55 0 2
17 56 0 3
17 57 0 2
17 58 0 2
17 59 0 2
17 60 0 3
17 61 0 2
17 62 0 2
17 63 0 3
17 64 0 2
17 65 0 2
17 66 0 3
17 67 0 3
17 68 0 3
17 69 0 3
17 70 0 3
17 71 0 3
17 72 4 12
17 73 6 10
17 74 3 9
17 75 5 9
17 76 2 7
17 77 6 11
17 78 2 13
17 79 1 2
17 80 1 2
17 81 1 2
17 82 5 13
17 83 6 13
17 84 7 11
17 85 3 9
17 86 3 12
17 87 4 9
17 88 4 12
17 89 3 14
17 90 2 8
17 91 4 12
17 92 0 3
17 93 4 15
17 94 0 2
17 95 8 11
17 96 0 3
17 97 0 2
17 98 0 2
17 99 0 3
17 100 4 12
18 1 0 3
18 2 0 3
18 3 0 3
18 4 6 13
18 5 5 11
18 6 3 13
18 7 2 10
18 8 5 11
18 9 1 2
18 10 3 11
18 11 6 13
18 12 2 9
18 13 0 3
18 14 0 3
18 15 0 3
18 16 0 2
18 17 0 3
18 18 0 3
18 19 0 2
18 20 0 2
18 21 0 2
18 22 0 2
18 23 0 2
18 24 0 2
18 25 0 2
18 26 0 3
18 27 0 3
18 28 0 3
18 29 0 3
18 30 0 2
18 31 0 2
18 32 0 2
18 33 0 2
18 34 0 2
18 35 0 2
18 36 0 3
18 37 0 2
18 38 0 2
18 39 0 2
18 40 0 2
18 41 0 3
18 42 0 3
18 43 0 2
18 44 0 2
18 45 0 3
18 46 0 2
18 47 0 2
18 48 0 3
18 49 0 2
18 50 0 2
18 51 0 2
18 52 0 2
18 53 0 3
18 54 0 3
18 55 0 3
18 56 0 2
18 57 0 3
18 58 0 2
18 59 0 3
18 60 0 2
18 61 0 2
18 62 0 3
18 63 0 2
18 64 0 2
18 65 0 2
18 66 0 3
18 67 7 14
18 68 0 2
18 69 0 2
18 70 0 2
18 71 5 7
18 72 0 3
18 73 0 2
18 74 0 3
18 75 0 2
18 76 0 2
18 77 0 2
18 78 0 2
18 79 0 3
18 80 3 10
18 81 1 5
18 82 8 13
18 83 5 11
18 84 6 11
18 85 4 12
18 86 5 12
18 87 4 12
18 88 3 13
18 89 4 13
18 90 9 12
18 91 0 3
18 92 1 4
18 93 0 2
18 94 0 3
18 95 0 2
18 96 3 12
18 97 0 3
18 98 2 9
18 99 3 12
18 100 3 12
19 1 2 9
19 2 4 11
19 3 4 14
19 4 3 11
19 5 8 13
19 6 0 3
19 7 0 3
19 8 0 3
19 9 0 2
19 10 0 3
19 11 0 3
19 12 0 2
19 13 0 2
19 14 0 2
19 15 0 2
19 16 0 2
19 17 0 2
19 18 0 2
19 19 0 3
19 20 0 3
19 21 0 3
19 22 0 3
19 23 0 2
19 24 0 2
19 25 0 3
19 26 0 2
19 27 0 2
19 28 0 2
19 29 0 2
19 30 0 2
19 31 0 2
19 32 0 2
19 33 0 3
19 34 0 2
19 35 1 6
19 36 0 2
19 37 0 2
19 38 0 2
19 39 0 2
19 40 0 3
19 41 0 2
19 42 0 2
19 43 0 2
19 44 0 2
19 45 0 2
19 46 0 2
19 47 0 2
19 48 0 3
19 49 0 2
19 50 0 3
19 51 0 2
19 52 0 2
19 53 0 2
19 54 0 2
19 55 0 3
19 56 0 2
19 57 0 2
19 58 0 2
19 59 0 3
19 60 0 2
19 61 6 10
19 62 2 9
19 63 5 11
19 64 3 13
19 65 2 10
19 66 4 12
19 67 2 9
19 68 5 10
19 69 6 13
19 70 6 11
19 71 5 11
19 72 4 15
19 73 0 3
19 74 0 3
19 75 0 3
19 76 1 7
19 77 0 3
19 78 0 3
19 79 0 3
19 80 0 3
19 81 0 3
19 82 0 3
19 83 1 2
19 84 3 13
19 85 6 12
19 86 6 13
19 87 6 13
19 88 3 12
19 89 0 2
19 90 0 2
19 91 0 1
19 92 1 4
19 93 0 3
19 94 4 12
19 95 0 3
19 96 0 2
19 97 3 13
19 98 1 3
19 99 5 10
19 100 6 11
20 1 0 3
20 2 0 3
20 3 0 3
20 4 0 2
20 5 0 3
20 6 0 3
20 7 0 2
20 8 0 2
20 9 0 2
20 10 0 2
20 11 0 2
20 12 0 2
20 13 0 2
20 14 0 3
20 15 0 3
20 16 0 3
20 17 0 3
20 18 0 2
20 19 0 2
20 20 0 3
20 21 0 2
20 22 0 2
20 23 0 2
20 24 0 2
20 25 0 2
20 26 0 3
20 27 0 2
20 28 0 2
20 29 0 2
20 30 0 2
20 31 0 2
20 32 0 2
20 33 0 3
20 34 0 2
20 35 0 2
20 36 0 2
20 37 0 3
20 38 0 2
20 39 0 2
20 40 0 2
20 41 0 2
20 42 0 2
20 43 0 3
20 44 0 2
20 45 0 2
20 46 0 3
20 47 0 2
20 48 0 2
20 49 0 3
20 50 0 3
20 51 0 2
20 52 0 2
20 53 0 2
20 54 0 2
20 55 0 3
20 56 0 2
20 57 0 2
20 58 0 2
20 59 0 2
20 60 1 6
20 61 4 13
20 62 4 10
20 63 0 3
20 64 0 3
20 65 0 3
20 66 0 3
20 67 9 15
20 68 4 11
20 69 4 11
20 70 3 11
20 71 5 14
20 72 4 14
20 73 6 14
20 74 5 11
20 75 5 13
20 76 2 9
20 77 3 12
20 78 8 13
20 79 3 10
20 80 1 2
20 81 5 10
20 82 3 13
20 83 2 10
20 84 4 14
20 85 8 13
20 86 4 11
20 87 2 9
20 88 0 2
20 89 0 3
20 90 0 2
20 91 0 2
20 92 0 2
20 93 0 2
20 94 0 3
20 95 8 14
20 96 3 13
20 97 5 10
20 98 2 10
20 99 6 12
20 100 6 13
21 1 0 3
21 2 0 3
21 3 0 3
21 4 0 2
21 5 0 3
21 6 0 3
21 7 0 2
21 8 0 2
21 9 0 2
21 10 0 2
21 11 0 2
21 12 0 2
21 13 0 2
21 14 0 3
21 15 0 3
21 16 0 3
21 17 0 3
21 18 0 2
21 19 0 2
21 20 0 3
21 21 0 2
21 22 0 2
21 23 0 2
21 24 0 2
21 25 0 2
21 26 0 3
21 27 0 2
21 28 0 2
21 29 0 2
21 30 0 2
21 31 0 2
21 32 0 3
21 33 0 2
21 34 0 2
21 35 0 2
21 36 0 3
21 37 0 2
21 38 0 2
21 39 0 3
21 40 0 2
21 41 0 2
21 42 0 2
21 43 3 9
21 44 0 2
21 45 0 2
21 46 0 2
21 47 0 2
21 48 0 2
21 49 0 2
21 50 0 3
21 51 0 2
21 52 0 2
21 53 0 2
21 54 0 2
21 55 0 2
21 56 0 3
21 57 0 2
21 58 0 2
21 59 0 2
21 60 0 2
21 61 0 2
21 62 0 2
21 63 0 2
21 64 0 3
21 65 5 11
21 66 5 12
21 67 2 11
21 68 7 9
21 69 0 3
21 70 2 12
21 71 0 3
21 72 7 10
21 73 0 3
21 74 3 7
21 75 7 14
21 76 3 10
21 77 5 11
21 78 6 14
21 79 4 14
21 80 5 13
21 81 8 13
21 82 4 14
21 83 3 11
21 84 3 11
21 85 0 3
21 86 0 2
21 87 0 2
21 88 0 2
21 89 0 2
21 90 0 1
21 91 4 9
21 92 0 2
21 93 1 7
21 94 0 2
21 95 0 3
21 96 1 3
21 97 0 2
21 98 0 3
21 99 4 12
21 100 5 12
22 1 0 3
22 2 0 3
22 3 0 3
22 4 0 3
22 5 0 2
22 6 0 3
22 7 0 3
22 8 0 2
22 9 0 2
22 10 0 2
22 11 0 2
22 12 0 2
22 13 0 2
22 14 0 2
22 15 0 3
22 16 0 3
22 17 0 3
22 18 0 3
22 19 0 2
22 20 0 2
22 21 0 3
22 22 0 2
22 23 0 2
22 24 0 2
22 25 0 2
22 26 0 2
22 27 0 3
22 28 0 2
22 29 0 2
22 30 0 2
22 31 0 2
22 32 0 2
22 33 0 2
22 34 0 2
22 35 0 2
22 36 0 2
22 37 0 2
22 38 0 2
22 39 0 3
22 40 0 3
22 41 0 2
22 42 0 2
22 43 0 2
22 44 0 2
22 45 0 2
22 46 0 2
22 47 0 3
22 48 0 2
22 49 0 2
22 50 0 2
22 51 0 2
22 52 0 2
22 53 0 2
22 54 0 2
22 55 0 3
22 56 0 3
22 57 0 2
22 58 0 2
22 59 0 2
22 60 0 2
22 61 0 2
22 62 0 2
22 63 0 2
22 64 0 2
22 65 0 2
22 66 0 2
22 67 0 3
22 68 0 3
22 69 3 12
22 70 4 11
22 71 6 12
22 72 2 7
22 73 7 12
22 74 1 3
22 75 5 13
22 76 5 15
22 77 7 13
22 78 4 11
22 79 3 10
22 80 7 13
22 81 6 11
22 82 4 14
22 83 3 12
22 84 0 2
22 85 0 2
22 86 0 1
22 87 0 2
22 88 0 1
22 89 0 2
22 90 0 2
22 91 0 3
22 92 0 2
22 93 0 3
22 94 0 2
22 95 5 10
22 96 3 12
22 97 4 10
22 98 12 13
22 99 2 13
22 100 3 10
23 1 0 3
23 2 0 3
23 3 0 3
23 4 0 2
23 5 0 3
23 6 0 3
23 7 0 2
23 8 0 2
23 9 0 2
23 10 0 2
23 11 0 2
23 12 0 2
23 13 0 2
23 14 0 3
23 15 0 3
23 16 0 3
23 17 0 3
23 18 0 2
23 19 0 2
23 20 0 3
23 21 0 2
23 22 0 2
23 23 0 2
23 24 0 2
23 25 0 2
23 26 0 3
23 27 0 2
23 28 0 2
23 29 0 2
23 30 0 2
23 31 0 2
23 32 0 3
23 33 0 2
23 34 0 2
23 35 0 2
23 36 0 3
23 37 1 3
23 38 0 2
23 39 0 2
23 40 0 2
23 41 0 2
23 42 0 2
23 43 0 2
23 44 0 2
23 45 0 2
23 46 0 2
23 47 0 2
23 48 0 2
23 49 0 3
23 50 0 2
23 51 0 2
23 52 0 3
23 53 0 2
23 54 0 3
23 55 0 2
23 56 0 2
23 57 0 2
23 58 0 2
23 59 0 2
23 60 0 2
23 61 0 2
23 62 0 2
23 63 5 15
23 64 0 2
23 65 2 8
23 66 0 2
23 67 0 2
23 68 0 2
23 69 0 2
23 70 0 3
23 71 0 2
23 72 0 2
23 73 0 2
23 74 0 3
23 75 0 10
23 76 4 12
23 77 4 12
23 78 1 3
23 79 1 2
23 80 5 13
23 81 2 12
23 82 1 9
23 83 3 11
23 84 0 3
23 85 0 1
23 86 0 2
23 87 0 1
23 88 0 2
23 89 4 7
23 90 0 2
23 91 0 3
23 92 0 3
23 93 0 2
23 94 0 2
23 95 0 2
23 96 0 3
23 97 1 14
23 98 0 2
23 99 3 9
23 100 0 2
24 1 0 3
24 2 0 3
24 3 0 3
24 4 0 2
24 5 0 3
24 6 0 3
24 7 0 2
24 8 0 2
24 9 0 2
24 10 0 2
24 11 0 2
24 12 0 2
24 13 0 2
24 14 0 3
24 15 0 3
24 16 0 3
24 17 0 3
24 18 0 2
24 19 0 2
24 20 0 3
24 21 0 2
24 22 0 2
24 23 0 2
24 24 0 2
24 25 0 2
24 26 0 3
24 27 0 2
24 28 0 2
24 29 0 2
24 30 0 2
24 31 0 2
24 32 0 3
24 33 0 2
24 34 0 2
24 35 0 3
24 36 0 2
24 37 0 3
24 38 0 2
24 39 0 2
24 40 0 2
24 41 0 2
24 42 0 2
24 43 0 2
24 44 0 3
24 45 0 2
24 46 0 2
24 47 0 2
24 48 0 2
24 49 0 2
24 50 0 2
24 51 0 2
24 52 0 2
24 53 0 2
24 54 0 3
24 55 0 2
24 56 0 2
24 57 0 2
24 58 0 2
24 59 0 2
24 60 0 2
24 61 0 2
24 62 0 2
24 63 0 2
24 64 6 12
24 65 5 11
24 66 6 12
24 67 9 13
24 68 2 9
24 69 1 2
24 70 1 2
24 71 3 11
24 72 5 14
24 73 4 10
24 74 6 13
24 75 4 10
24 76 4 12
24 77 3 10
24 78 4 13
24 79 4 11
24 80 3 10
24 81 4 10
24 82 0 3
24 83 2 8
24 84 0 2
24 85 0 3
24 86 0 2
24 87 0 3
24 88 0 2
24 89 0 1
24 90 0 1
24 91 0 2
24 92 0 2
24 93 6 13
24 94 4 12
24 95 0 3
24 96 2 10
24 97 0 2
24 98 4 12
24 99 6 13
24 100 7 13
25 1 0 3
25 2 0 3
25 3 0 3
25 4 0 2
25 5 0 3
25 6 0 3
25 7 0 2
25 8 0 2
25 9 0 2
25 10 0 2
25 11 0 2
25 12 0 2
25 13 0 2
25 14 0 3
25 15 0 3
25 16 0 3
25 17 0 3
25 18 0 2
25 19 0 2
25 20 0 3
25 21 0 2
25 22 0 2
25 23 0 2
25 24 0 2
25 25 0 2
25 26 0 3
25 27 0 2
25 28 0 2
25 29 0 2
25 30 0 2
25 31 0 3
25 32 0 3
25 33 0 3
25 34 0 2
25 35 0 2
25 36 0 3
25 37 0 2
25 38 0 2
25 39 0 2
25 40 0 2
25 41 0 2
25 42 0 2
25 43 0 2
25 44 0 2
25 45 0 2
25 46 0 2
25 47 0 2
25 48 0 2
25 49 0 2
25 50 0 3
25 51 0 2
25 52 0 2
25 53 0 2
25 54 0 2
25 55 0 2
25 56 0 2
25 57 0 2
25 58 0 3
25 59 0 2
25 60 0 2
25 61 0 2
25 62 0 2
25 63 0 2
25 64 0 2
25 65 0 2
25 66 0 2
25 67 0 2
25 68 0 2
25 69 2 12
25 70 4 13
25 71 5 11
25 72 6 9
25 73 3 12
25 74 5 10
25 75 6 11
25 76 5 14
25 77 3 12
25 78 8 15
25 79 5 13
25 80 3 10
25 81 5 8
25 82 2 11
25 83 0 3
25 84 5 13
25 85 3 12
25 86 7 14
25 87 1 8
25 88 0 3
25 89 0 3
25 90 3 14
25 91 7 15
25 92 5 11
25 93 0 2
25 94 0 1
25 95 0 1
25 96 0 2
25 97 0 2
25 98 0 2
25 99 3 9
25 100 3 8
26 1 3 10
26 2 4 12
26 3 5 11
26 4 4 6
26 5 0 3
26 6 0 3
26 7 0 3
26 8 0 2
26 9 0 3
26 10 0 3
26 11 0 2
26 12 0 2
26 13 0 2
26 14 0 2
26 15 0 2
26 16 0 2
26 17 0 2
26 18 0 3
26 19 0 3
26 20 0 3
26 21 0 3
26 22 0 2
26 23 0 2
26 24 0 3
26 25 0 2
26 26 0 2
26 27 0 2
26 28 0 2
26 29 0 2
26 30 0 3
26 31 0 2
26 32 0 2
26 33 0 2
26 34 0 2
26 35 0 2
26 36 0 2
26 37 0 2
26 38 0 2
26 39 0 2
26 40 0 2
26 41 0 2
26 42 0 2
26 43 0 2
26 44 0 2
26 45 0 2
26 46 0 2
26 47 0 3
26 48 0 2
26 49 0 2
26 50 0 3
26 51 0 2
26 52 0 2
26 53 0 2
26 54 0 2
26 55 0 2
26 56 0 2
26 57 0 3
26 58 0 2
26 59 0 2
26 60 0 2
26 61 0 2
26 62 0 3
26 63 0 2
26 64 0 2
26 65 0 2
26 66 0 2
26 67 0 2
26 68 0 3
26 69 0 2
26 70 0 2
26 71 0 2
26 72 1 3
26 73 0 2
26 74 5 8
26 75 4 8
26 76 0 3
26 77 0 3
26 78 5 10
26 79 6 14
26 80 4 13
26 81 6 14
26 82 4 11
26 83 5 9
26 84 3 11
26 85 0 3
26 86 0 3
26 87 5 13
26 88 0 2
26 89 0 2
26 90 0 2
26 91 5 9
26 92 4 12
26 93 2 7
26 94 0 3
26 95 0 2
26 96 0 2
26 97 0 2
26 98 4 11
26 99 3 12
26 100 10 13
27 1 0 3
27 2 0 3
27 3 0 3
27 4 0 2
27 5 0 3
27 6 0 3
27 7 0 2
27 8 0 2
27 9 0 2
27 10 0 2
27 11 0 2
27 12 0 2
27 13 0 2
27 14 0 3
27 15 0 3
27 16 0 3
27 17 0 3
27 18 0 2
27 19 0 2
27 20 0 3
27 21 0 2
27 22 0 2
27 23 0 2
27 24 0 2
27 25 0 2
27 26 0 3
27 27 0 2
27 28 0 2
27 29 0 2
27 30 0 2
27 31 0 2
27 32 0 2
27 33 0 2
27 34 0 2
27 35 0 2
27 36 0 2
27 37 0 3
27 38 0 2
27 39 0 2
27 40 0 2
27 41 0 3
27 42 0 2
27 43 4 13
27 44 0 2
27 45 1 3
27 46 0 2
27 47 0 2
27 48 0 2
27 49 0 2
27 50 0 3
27 51 0 2
27 52 0 2
27 53 0 2
27 54 0 2
27 55 0 3
27 56 0 2
27 57 0 2
27 58 0 2
27 59 0 2
27 60 0 2
27 61 0 2
27 62 0 2
27 63 0 2
27 64 0 2
27 65 0 2
27 66 0 2
27 67 0 3
27 68 3 10
27 69 6 14
27 70 4 12
27 71 9 12
27 72 7 9
27 73 4 10
27 74 2 9
27 75 4 6
27 76 12 13
27 77 5 9
27 78 3 15
27 79 3 10
27 80 5 13
27 81 5 11
27 82 4 10
27 83 6 11
27 84 4 10
27 85 1 2
27 86 3 13
27 87 3 7
27 88 4 12
27 89 6 11
27 90 4 9
27 91 4 14
27 92 1 8
27 93 4 11
27 94 0 1
27 95 0 3
27 96 0 2
27 97 0 2
27 98 2 10
27 99 3 11
27 100 5 13
28 1 0 3
28 2 0 3
28 3 0 3
28 4 0 2
28 5 0 3
28 6 0 3
28 7 0 2
28 8 0 2
28 9 0 2
28 10 0 2
28 11 0 2
28 12 0 2
28 13 0 2
28 14 0 3
28 15 0 3
28 16 0 3
28 17 0 3
28 18 0 2
28 19 0 2
28 20 0 3
28 21 0 2
28 22 0 2
28 23 0 2
28 24 0 2
28 25 0 2
28 26 0 3
28 27 0 2
28 28 0 2
28 29 0 2
28 30 0 2
28 31 0 2
28 32 0 2
28 33 0 2
28 34 0 2
28 35 0 2
28 36 0 2
28 37 0 2
28 38 0 2
28 39 0 2
28 40 0 2
28 41 0 3
28 42 0 2
28 43 0 2
28 44 0 2
28 45 0 2
28 46 0 2
28 47 0 2
28 48 0 2
28 49 0 3
28 50 0 3
28 51 0 2
28 52 0 2
28 53 0 2
28 54 0 2
28 55 0 2
28 56 0 3
28 57 0 3
28 58 0 2
28 59 0 2
28 60 0 2
28 61 0 3
28 62 0 2
28 63 0 2
28 64 0 3
28 65 0 2
28 66 0 2
28 67 0 2
28 68 0 2
28 69 0 2
28 70 0 3
28 71 5 12
28 72 6 11
28 73 3 10
28 74 1 9
28 75 8 14
28 76 7 14
28 77 2 10
28 78 4 9
28 79 3 13
28 80 4 12
28 81 4 11
28 82 1 2
28 83 1 2
28 84 1 2
28 85 5 14
28 86 1 4
28 87 3 10
28 88 4 10
28 89 6 12
28 90 2 9
28 91 0 1
28 92 0 2
28 93 0 2
28 94 0 2
28 95 3 10
28 96 0 2
28 97 0 3
28 98 4 14
28 99 3 11
28 100 3 12
29 1 0 3
29 2 0 3
29 3 0 3
29 4 0 2
29 5 0 3
29 6 0 3
29 7 0 2
29 8 0 2
29 9 0 2
29 10 0 2
29 11 0 2
29 12 0 2
29 13 0 2
29 14 0 3
29 15 0 3
29 16 0 3
29 17 0 3
29 18 0 2
29 19 0 2
29 20 0 3
29 21 0 2
29 22 0 2
29 23 0 2
29 24 0 2
29 25 0 2
29 26 0 3
29 27 0 2
29 28 0 2
29 29 0 2
29 30 0 2
29 31 0 2
29 32 0 2
29 33 0 2
29 34 0 2
29 35 0 2
29 36 0 2
29 37 0 3
29 38 0 2
29 39 0 3
29 40 0 3
29 41 0 2
29 42 0 2
29 43 0 2
29 44 0 2
29 45 0 3
29 46 0 2
29 47 0 3
29 48 0 2
29 49 0 3
29 50 0 2
29 51 0 2
29 52 0 2
29 53 0 2
29 54 0 2
29 55 0 3
29 56 0 3
29 57 0 2
29 58 0 2
29 59 0 2
29 60 0 2
29 61 0 2
29 62 0 2
29 63 0 2
29 64 0 2
29 65 0 2
29 66 0 2
29 67 0 2
29 68 0 2
29 69 0 2
29 70 0 2
29 71 0 2
29 72 0 2
29 73 0 3
29 74 7 13
29 75 6 11
29 76 6 8
29 77 3 11
29 78 3 11
29 79 1 2
29 80 8 13
29 81 2 11
29 82 3 11
29 83 1 4
29 84 2 3
29 85 3 10
29 86 5 13
29 87 3 12
29 88 3 12
29 89 0 3
29 90 0 1
29 91 0 1
29 92 0 1
29 93 1 4
29 94 0 8
29 95 0 3
29 96 0 2
29 97 0 2
29 98 0 2
29 99 4 13
29 100 3 8
30 1 0 3
30 2 0 3
30 3 0 3
30 4 0 2
30 5 0 3
30 6 0 3
30 7 0 2
30 8 0 2
30 9 0 2
30 10 0 2
30 11 0 2
30 12 0 2
30 13 0 2
30 14 0 3
30 15 0 3
30 16 0 3
30 17 0 3
30 18 0 2
30 19 0 2
30 20 0 3
30 21 0 2
30 22 0 2
30 23 0 2
30 24 0 2
30 25 0 2
30 26 0 3
30 27 0 2
30 28 0 2
30 29 0 2
30 30 0 2
30 31 0 2
30 32 0 2
30 33 1 3
30 34 0 2
30 35 0 2
30 36 0 2
30 37 0 2
30 38 0 2
30 39 0 3
30 40 0 2
30 41 0 2
30 42 0 3
30 43 0 2
30 44 0 3
30 45 0 2
30 46 0 2
30 47 0 2
30 48 0 3
30 49 0 2
30 50 0 2
30 51 0 2
30 52 0 2
30 53 0 2
30 54 0 2
30 55 0 2
30 56 0 2
30 57 0 2
30 58 0 2
30 59 0 2
30 60 0 2
30 61 0 2
30 62 0 2
30 63 0 2
30 64 0 2
30 65 0 2
30 66 0 2
30 67 0 2
30 68 0 2
30 69 0 3
30 70 0 2
30 71 3 13
30 72 7 9
30 73 5 10
30 74 3 14
30 75 1 3
30 76 4 9
30 77 9 10
30 78 5 13
30 79 2 11
30 80 3 10
30 81 9 10
30 82 5 14
30 83 3 15
30 84 3 11
30 85 0 3
30 86 4 10
30 87 1 4
30 88 0 1
30 89 0 1
30 90 0 1
30 91 0 1
30 92 0 1
30 93 0 1
30 94 4 12
30 95 0 1
30 96 0 2
30 97 0 2
30 98 0 2
30 99 6 14
30 100 3 9
31 1 0 3
31 2 0 3
31 3 0 3
31 4 0 2
31 5 0 3
31 6 0 3
31 7 0 2
31 8 0 2
31 9 0 2
31 10 0 2
31 11 0 2
31 12 0 2
31 13 0 2
31 14 0 3
31 15 0 3
31 16 0 3
31 17 0 3
31 18 0 2
31 19 0 2
31 20 0 3
31 21 0 2
31 22 0 2
31 23 0 2
31 24 0 2
31 25 0 2
31 26 0 3
31 27 0 2
31 28 0 2
31 29 0 2
31 30 0 2
31 31 0 3
31 32 0 2
31 33 0 2
31 34 0 2
31 35 0 2
31 36 0 2
31 37 0 2
31 38 0 2
31 39 0 3
31 40 0 2
31 41 0 2
31 42 0 2
31 43 0 2
31 44 0 2
31 45 0 2
31 46 0 2
31 47 0 2
31 48 0 2
31 49 0 2
31 50 0 2
31 51 0 2
31 52 0 2
31 53 0 2
31 54 0 2
31 55 0 2
31 56 0 2
31 57 0 2
31 58 0 2
31 59 0 2
31 60 0 2
31 61 0 2
31 62 0 3
31 63 1 10
31 64 3 12
31 65 7 13
31 66 2 11
31 67 6 15
31 68 5 13
31 69 4 12
31 70 4 13
31 71 5 13
31 72 6 12
31 73 0 12
31 74 3 8
31 75 5 12
31 76 0 3
31 77 4 11
31 78 0 7
31 79 1 4
31 80 1 4
31 81 0 1
31 82 0 2
31 83 0 2
31 84 0 1
31 85 0 1
31 86 0 1
31 87 5 14
31 88 0 3
31 89 0 3
31 90 3 8
31 91 0 2
31 92 0 2
31 93 0 2
31 94 0 2
31 95 0 4
31 96 3 11
31 97 3 12
31 98 3 14
31 99 4 11
31 100 2 10
32 1 0 3
32 2 0 3
32 3 0 3
32 4 0 3
32 5 0 3
32 6 0 3
32 7 0 2
32 8 0 3
32 9 0 3
32 10 0 2
32 11 0 2
32 12 0 2
32 13 0 2
32 14 0 2
32 15 0 2
32 16 0 2
32 17 0 3
32 18 0 3
32 19 0 3
32 20 0 3
32 21 0 2
32 22 0 2
32 23 0 3
32 24 0 2
32 25 0 2
32 26 0 2
32 27 0 2
32 28 0 2
32 29 0 3
32 30 0 2
32 31 0 2
32 32 0 2
32 33 0 2
32 34 0 2
32 35 0 3
32 36 0 2
32 37 0 2
32 38 0 2
32 39 0 3
32 40 0 3
32 41 0 2
32 42 0 2
32 43 0 2
32 44 0 2
32 45 0 2
32 46 0 2
32 47 0 3
32 48 0 2
32 49 0 2
32 50 0 2
32 51 0 2
32 52 0 3
32 53 0 2
32 54 0 2
32 55 0 2
32 56 0 2
32 57 0 3
32 58 0 3
32 59 0 2
32 60 0 2
32 61 0 3
32 62 0 2
32 63 0 2
32 64 0 2
32 65 0 2
32 66 0 2
32 67 0 2
32 68 0 2
32 69 0 3
32 70 0 2
32 71 0 2
32 72 2 9
32 73 3 14
32 74 6 11
32 75 3 11
32 76 4 12
32 77 10 12
32 78 3 10
32 79 3 9
32 80 4 13
32 81 4 10
32 82 1 2
32 83 8 10
32 84 3 10
32 85 4 11
32 86 0 2
32 87 3 9
32 88 5 13
32 89 6 12
32 90 3 12
32 91 0 2
32 92 0 2
32 93 0 2
32 94 0 2
32 95 4 13
32 96 3 10
32 97 4 13
32 98 4 7
32 99 1 9
32 100 1 10
33 1 2 10
33 2 3 7
33 3 6 11
33 4 4 12
33 5 4 13
33 6 5 11
33 7 0 3
33 8 0 3
33 9 0 3
33 10 0 2
33 11 0 3
33 12 0 3
33 13 0 2
33 14 0 2
33 15 0 2
33 16 0 2
33 17 0 2
33 18 0 2
33 19 0 2
33 20 0 3
33 21 0 3
33 22 0 3
33 23 0 3
33 24 0 2
33 25 0 2
33 26 0 3
33 27 0 2
33 28 0 2
33 29 0 2
33 30 0 2
33 31 0 2
33 32 0 3
33 33 0 2
33 34 0 2
33 35 0 3
33 36 0 2
33 37 0 2
33 38 0 2
33 39 0 2
33 40 0 2
33 41 0 2
33 42 0 2
33 43 0 2
33 44 0 3
33 45 0 2
33 46 0 3
33 47 0 2
33 48 0 3
33 49 0 2
33 50 0 2
33 51 0 2
33 52 0 2
33 53 0 3
33 54 0 3
33 55 0 2
33 56 0 2
33 57 0 2
33 58 0 2
33 59 0 2
33 60 0 3
33 61 0 2
33 62 0 2
33 63 0 2
33 64 0 3
33 65 0 3
33 66 0 2
33 67 0 2
33 68 0 2
33 69 0 2
33 70 0 2
33 71 0 2
33 72 0 2
33 73 0 2
33 74 0 2
33 75 0 3
33 76 0 3
33 77 0 3
33 78 4 11
33 79 4 10
33 80 5 14
33 81 5 12
33 82 1 3
33 83 4 12
33 84 1 4
33 85 6 14
33 86 0 3
33 87 6 10
33 88 5 14
33 89 3 13
33 90 2 10
33 91 3 13
33 92 3 12
33 93 0 3
33 94 0 2
33 95 3 11
33 96 0 3
33 97 4 10
33 98 8 11
33 99 5 12
33 100 4 13
34 1 0 3
34 2 0 3
34 3 0 3
34 4 0 2
34 5 0 3
34 6 0 3
34 7 0 2
34 8 0 2
34 9 0 2
34 10 0 2
34 11 0 2
34 12 0 2
34 13 0 2
34 14 0 3
34 15 0 3
34 16 0 3
34 17 0 3
34 18 0 2
34 19 0 2
34 20 0 3
34 21 0 2
34 22 0 2
34 23 0 2
34 24 0 2
34 25 0 2
34 26 0 2
34 27 0 3
34 28 0 2
34 29 0 2
34 30 0 2
34 31 0 2
34 32 0 2
34 33 0 2
34 34 0 3
34 35 0 2
34 36 0 2
34 37 0 2
34 38 0 3
34 39 0 2
34 40 0 2
34 41 0 3
34 42 0 2
34 43 0 10
34 44 0 2
34 45 0 3
34 46 0 2
34 47 0 2
34 48 0 2
34 49 0 2
34 50 0 2
34 51 0 2
34 52 0 2
34 53 0 2
34 54 0 2
34 55 0 2
34 56 0 2
34 57 0 2
34 58 0 2
34 59 0 2
34 60 1 3
34 61 0 2
34 62 0 2
34 63 0 2
34 64 0 2
34 65 0 2
34 66 0 2
34 67 0 2
34 68 3 12
34 69 5 11
34 70 6 12
34 71 4 12
34 72 0 3
34 73 0 3
34 74 2 9
34 75 4 12
34 76 6 12
34 77 5 11
34 78 2 3
34 79 4 12
34 80 6 11
34 81 5 10
34 82 1 4
34 83 1 4
34 84 3 7
34 85 2 10
34 86 4 13
34 87 4 13
34 88 0 2
34 89 0 2
34 90 0 3
34 91 0 3
34 92 3 11
34 93 11 13
34 94 0 3
34 95 0 3
34 96 0 3
34 97 3 12
34 98 4 12
34 99 2 11
34 100 3 11
35 1 0 3
35 2 0 3
35 3 0 3
35 4 0 2
35 5 0 3
35 6 0 3
35 7 0 2
35 8 0 2
35 9 0 2
35 10 0 2
35 11 0 2
35 12 0 2
35 13 0 2
35 14 0 3
35 15 0 3
35 16 0 3
35 17 0 3
35 18 0 2
35 19 0 2
35 20 0 3
35 21 0 2
35 22 0 2
35 23 0 2
35 24 0 2
35 25 0 2
35 26 0 2
35 27 0 3
35 28 0 2
35 29 0 2
35 30 0 2
35 31 0 2
35 32 0 2
35 33 0 2
35 34 0 2
35 35 0 2
35 36 0 3
35 37 0 2
35 38 0 3
35 39 0 3
35 40 0 2
35 41 0 2
35 42 0 2
35 43 0 2
35 44 0 2
35 45 0 2
35 46 0 2
35 47 0 2
35 48 0 2
35 49 0 2
35 50 0 2
35 51 0 2
35 52 0 2
35 53 0 2
35 54 0 3
35 55 0 3
35 56 0 2
35 57 0 2
35 58 0 2
35 59 0 3
35 60 0 2
35 61 0 3
35 62 0 2
35 63 0 2
35 64 0 2
35 65 0 2
35 66 0 2
35 67 0 2
35 68 4 13
35 69 0 3
35 70 3 11
35 71 2 3
35 72 5 12
35 73 1 2
35 74 3 8
35 75 8 12
35 76 5 11
35 77 5 13
35 78 4 10
35 79 4 10
35 80 1 4
35 81 3 14
35 82 4 8
35 83 0 3
35 84 0 3
35 85 0 3
35 86 6 12
35 87 8 10
35 88 0 2
35 89 0 2
35 90 0 1
35 91 0 2
35 92 5 12
35 93 0 3
35 94 0 2
35 95 5 11
35 96 0 3
35 97 5 9
35 98 3 9
35 99 3 13
35 100 2 13
36 1 0 3
36 2 0 3
36 3 0 3
36 4 0 2
36 5 0 3
36 6 0 3
36 7 0 2
36 8 0 2
36 9 0 2
36 10 0 2
36 11 0 2
36 12 0 2
36 13 0 2
36 14 0 3
36 15 0 3
36 16 0 3
36 17 0 3
36 18 0 2
36 19 0 2
36 20 0 3
36 21 0 2
36 22 0 2
36 23 0 2
36 24 0 2
36 25 0 2
36 26 0 2
36 27 0 3
36 28 0 2
36 29 0 2
36 30 0 2
36 31 0 2
36 32 0 2
36 33 0 2
36 34 0 2
36 35 0 2
36 36 0 2
36 37 0 3
36 38 0 2
36 39 0 2
36 40 0 2
36 41 0 2
36 42 0 2
36 43 0 2
36 44 0 2
36 45 0 3
36 46 0 2
36 47 0 2
36 48 0 2
36 49 0 2
36 50 0 2
36 51 0 3
36 52 0 2
36 53 0 2
36 54 0 2
36 55 0 2
36 56 0 3
36 57 0 2
36 58 0 3
36 59 0 2
36 60 0 2
36 61 0 2
36 62 0 3
36 63 0 2
36 64 0 3
36 65 0 2
36 66 0 3
36 67 0 2
36 68 5 9
36 69 2 3
36 70 2 8
36 71 1 4
36 72 0 3
36 73 0 3
36 74 0 3
36 75 0 3
36 76 3 7
36 77 5 11
36 78 0 3
36 79 5 10
36 80 1 2
36 81 1 2
36 82 6 10
36 83 1 2
36 84 2 11
36 85 5 12
36 86 3 15
36 87 0 3
36 88 2 5
36 89 1 4
36 90 0 3
36 91 0 2
36 92 0 2
36 93 0 2
36 94 4 10
36 95 0 1
36 96 0 2
36 97 4 13
36 98 0 3
36 99 4 12
36 100 0 3
37 1 0 3
37 2 0 3
37 3 0 3
37 4 0 3
37 5 5 14
37 6 7 11
37 7 11 14
37 8 4 10
37 9 3 11
37 10 2 15
37 11 0 3
37 12 0 3
37 13 0 3
37 14 0 2
37 15 0 3
37 16 0 3
37 17 0 2
37 18 0 2
37 19 0 2
37 20 0 2
37 21 0 2
37 22 0 2
37 23 0 2
37 24 0 3
37 25 0 3
37 26 0 3
37 27 0 3
37 28 0 2
37 29 0 2
37 30 0 3
37 31 0 2
37 32 0 2
37 33 0 2
37 34 0 2
37 35 0 2
37 36 0 2
37 37 0 3
37 38 0 2
37 39 0 2
37 40 0 2
37 41 0 2
37 42 0 3
37 43 0 3
37 44 0 2
37 45 0 2
37 46 0 2
37 47 0 2
37 48 0 2
37 49 0 3
37 50 0 3
37 51 0 2
37 52 0 2
37 53 0 2
37 54 0 2
37 55 0 3
37 56 0 2
37 57 0 2
37 58 0 3
37 59 0 2
37 60 0 2
37 61 0 2
37 62 0 2
37 63 0 2
37 64 0 2
37 65 0 2
37 66 1 3
37 67 0 2
37 68 0 2
37 69 0 2
37 70 0 2
37 71 0 3
37 72 0 2
37 73 0 2
37 74 0 2
37 75 0 2
37 76 0 2
37 77 0 2
37 78 0 2
37 79 0 2
37 80 0 2
37 81 0 2
37 82 1 2
37 83 1 2
37 84 0 2
37 85 0 2
37 86 0 2
37 87 0 2
37 88 0 1
37 89 0 2
37 90 0 2
37 91 0 2
37 92 5 8
37 93 4 10
37 94 5 9
37 95 0 3
37 96 5 12
37 97 0 3
37 98 5 12
37 99 2 13
37 100 3 13
38 1 0 3
38 2 0 3
38 3 0 3
38 4 0 2
38 5 0 3
38 6 0 3
38 7 0 2
38 8 0 2
38 9 0 2
38 10 0 2
38 11 0 2
38 12 0 2
38 13 0 2
38 14 0 3
38 15 0 3
38 16 0 3
38 17 0 3
38 18 0 2
38 19 0 2
38 20 0 3
38 21 0 2
38 22 1 3
38 23 0 2
38 24 0 2
38 25 0 2
38 26 0 3
38 27 0 2
38 28 0 2
38 29 0 3
38 30 0 2
38 31 0 3
38 32 0 2
38 33 0 2
38 34 0 2
38 35 0 2
38 36 0 2
38 37 0 2
38 38 0 2
38 39 0 2
38 40 0 2
38 41 0 2
38 42 0 3
38 43 0 2
38 44 0 2
38 45 0 2
38 46 0 2
38 47 0 2
38 48 0 3
38 49 0 2
38 50 0 2
38 51 0 2
38 52 0 2
38 53 0 2
38 54 0 3
38 55 0 2
38 56 0 3
38 57 0 2
38 58 0 2
38 59 0 2
38 60 5 14
38 61 0 3
38 62 0 3
38 63 0 3
38 64 0 3
38 65 0 3
38 66 8 13
38 67 3 12
38 68 2 12
38 69 4 11
38 70 2 9
38 71 3 12
38 72 3 9
38 73 2 12
38 74 5 7
38 75 3 8
38 76 2 13
38 77 4 10
38 78 3 11
38 79 4 11
38 80 7 11
38 81 5 8
38 82 2 15
38 83 2 10
38 84 0 3
38 85 11 14
38 86 0 2
38 87 0 2
38 88 0 1
38 89 0 2
38 90 0 1
38 91 0 2
38 92 0 2
38 93 0 2
38 94 0 3
38 95 5 13
38 96 5 11
38 97 3 10
38 98 5 14
38 99 3 13
38 100 4 13
39 1 9 12
39 2 0 3
39 3 0 3
39 4 0 3
39 5 0 3
39 6 0 3
39 7 0 3
39 8 0 3
39 9 0 3
39 10 0 3
39 11 4 12
39 12 0 3
39 13 0 3
39 14 0 3
39 15 0 2
39 16 0 3
39 17 0 3
39 18 0 2
39 19 0 2
39 20 0 2
39 21 0 2
39 22 0 2
39 23 0 2
39 24 0 2
39 25 0 3
39 26 0 3
39 27 0 3
39 28 0 3
39 29 0 2
39 30 0 2
39 31 0 3
39 32 0 2
39 33 1 3
39 34 0 2
39 35 0 2
39 36 0 2
39 37 0 3
39 38 0 2
39 39 0 2
39 40 0 3
39 41 0 2
39 42 0 2
39 43 0 3
39 44 0 2
39 45 0 2
39 46 0 2
39 47 0 2
39 48 1 3
39 49 0 2
39 50 0 2
39 51 0 2
39 52 0 2
39 53 0 3
39 54 0 2
39 55 0 2
39 56 0 2
39 57 0 3
39 58 0 2
39 59 0 2
39 60 0 2
39 61 0 3
39 62 0 2
39 63 0 2
39 64 0 2
39 65 0 2
39 66 0 2
39 67 0 2
39 68 0 2
39 69 0 2
39 70 0 2
39 71 0 2
39 72 0 3
39 73 4 7
39 74 5 10
39 75 8 13
39 76 5 13
39 77 4 9
39 78 3 12
39 79 7 10
39 80 6 12
39 81 0 2
39 82 2 12
39 83 7 11
39 84 4 9
39 85 5 13
39 86 3 15
39 87 0 3
39 88 0 1
39 89 0 2
39 90 0 2
39 91 0 2
39 92 5 15
39 93 0 2
39 94 6 10
39 95 0 2
39 96 4 13
39 97 4 9
39 98 4 12
39 99 4 13
39 100 4 10
40 1 0 3
40 2 0 3
40 3 0 3
40 4 0 2
40 5 0 3
40 6 0 3
40 7 0 2
40 8 0 2
40 9 0 2
40 10 0 2
40 11 0 2
40 12 0 2
40 13 0 2
40 14 0 3
40 15 0 3
40 16 0 3
40 17 0 3
40 18 0 2
40 19 0 2
40 20 0 3
40 21 0 2
40 22 0 2
40 23 0 2
40 24 0 2
40 25 0 3
40 26 0 3
40 27 0 2
40 28 0 2
40 29 0 2
40 30 0 2
40 31 0 2
40 32 0 2
40 33 0 2
40 34 0 2
40 35 0 3
40 36 0 2
40 37 0 2
40 38 0 2
40 39 0 2
40 40 3 7
40 41 1 3
40 42 0 2
40 43 0 2
40 44 0 3
40 45 0 2
40 46 0 3
40 47 0 2
40 48 0 2
40 49 0 2
40 50 0 3
40 51 0 2
40 52 0 3
40 53 0 2
40 54 0 2
40 55 0 3
40 56 0 3
40 57 0 3
40 58 0 3
40 59 0 3
40 60 0 3
40 61 0 3
40 62 0 3
40 63 0 3
40 64 0 3
40 65 0 3
40 66 0 3
40 67 0 3
40 68 0 3
40 69 0 3
40 70 2 14
40 71 0 3
40 72 0 3
40 73 3 12
40 74 4 10
40 75 8 12
40 76 4 14
40 77 3 12
40 78 9 12
40 79 3 12
40 80 4 10
40 81 4 12
40 82 5 11
40 83 4 10
40 84 4 13
40 85 7 14
40 86 6 11
40 87 3 10
40 88 1 2
40 89 1 2
40 90 0 2
40 91 0 1
40 92 0 1
40 93 1 2
40 94 0 2
40 95 0 2
40 96 0 2
40 97 0 3
40 98 6 15
40 99 4 9
40 100 0 3
41 1 0 3
41 2 0 3
41 3 0 3
41 4 0 2
41 5 0 3
41 6 0 3
41 7 0 2
41 8 0 2
41 9 0 2
41 10 0 2
41 11 0 2
41 12 0 2
41 13 0 2
41 14 0 3
41 15 0 3
41 16 0 3
41 17 0 3
41 18 0 2
41 19 0 2
41 20 0 3
41 21 0 2
41 22 0 2
41 23 0 2
41 24 0 2
41 25 0 3
41 26 0 3
41 27 0 2
41 28 0 2
41 29 0 2
41 30 0 2
41 31 0 2
41 32 0 2
41 33 0 2
41 34 0 2
41 35 0 2
41 36 0 2
41 37 0 2
41 38 0 2
41 39 0 2
41 40 0 2
41 41 0 2
41 42 0 2
41 43 0 3
41 44 0 2
41 45 0 2
41 46 0 2
41 47 0 3
41 48 3 11
41 49 0 2
41 50 0 2
41 51 0 2
41 52 0 2
41 53 0 2
41 54 0 3
41 55 0 2
41 56 0 2
41 57 0 2
41 58 0 2
41 59 0 2
41 60 0 3
41 61 0 2
41 62 0 3
41 63 0 2
41 64 0 2
41 65 0 3
41 66 1 3
41 67 0 2
41 68 5 12
41 69 0 2
41 70 0 2
41 71 0 3
41 72 0 3
41 73 0 3
41 74 0 3
41 75 0 3
41 76 0 3
41 77 9 13
41 78 6 12
41 79 3 9
41 80 4 9
41 81 6 13
41 82 4 11
41 83 6 11
41 84 1 9
41 85 3 11
41 86 2 6
41 87 5 9
41 88 6 10
41 89 8 14
41 90 5 14
41 91 1 2
41 92 1 4
41 93 1 2
41 94 0 1
41 95 0 3
41 96 0 1
41 97 0 1
41 98 0 3
41 99 3 12
41 100 5 13
42 1 5 13
42 2 0 3
42 3 0 3
42 4 0 3
42 5 0 2
42 6 0 3
42 7 0 3
42 8 0 2
42 9 0 2
42 10 0 2
42 11 0 2
42 12 0 2
42 13 0 2
42 14 0 2
42 15 0 3
42 16 0 3
42 17 0 3
42 18 0 3
42 19 0 2
42 20 0 2
42 21 0 3
42 22 0 2
42 23 0 2
42 24 0 2
42 25 0 2
42 26 0 3
42 27 0 3
42 28 0 2
42 29 0 2
42 30 0 2
42 31 0 2
42 32 0 2
42 33 0 2
42 34 0 3
42 35 0 2
42 36 0 2
42 37 0 2
42 38 0 3
42 39 0 2
42 40 0 2
42 41 0 2
42 42 0 2
42 43 0 2
42 44 0 2
42 45 0 2
42 46 0 2
42 47 0 3
42 48 0 2
42 49 2 7
42 50 0 2
42 51 0 2
42 52 0 2
42 53 0 2
42 54 0 2
42 55 0 2
42 56 0 2
42 57 0 2
42 58 0 3
42 59 0 2
42 60 6 12
42 61 0 2
42 62 0 2
42 63 0 2
42 64 0 3
42 65 0 2
42 66 0 2
42 67 0 2
42 68 0 2
42 69 0 2
42 70 0 2
42 71 0 3
42 72 0 3
42 73 0 2
42 74 0 3
42 75 4 11
42 76 0 3
42 77 7 14
42 78 1 3
42 79 0 2
42 80 7 10
42 81 2 9
42 82 5 12
42 83 5 13
42 84 4 13
42 85 1 3
42 86 4 12
42 87 1 2
42 88 4 14
42 89 4 7
42 90 6 14
42 91 0 1
42 92 0 1
42 93 0 2
42 94 3 6
42 95 0 1
42 96 0 3
42 97 0 2
42 98 0 2
42 99 7 13
42 100 5 11
43 1 0 3
43 2 0 3
43 3 0 3
43 4 0 2
43 5 0 3
43 6 0 3
43 7 0 2
43 8 0 2
43 9 0 2
43 10 0 2
43 11 0 2
43 12 0 2
43 13 0 2
43 14 0 3
43 15 0 3
43 16 0 3
43 17 0 3
43 18 0 2
43 19 0 2
43 20 0 3
43 21 0 2
43 22 0 2
43 23 0 2
43 24 0 2
43 25 0 3
43 26 0 3
43 27 0 2
43 28 0 2
43 29 0 2
43 30 0 2
43 31 0 2
43 32 0 3
43 33 0 3
43 34 0 2
43 35 0 2
43 36 0 2
43 37 0 3
43 38 0 2
43 39 0 2
43 40 0 3
43 41 0 3
43 42 0 2
43 43 0 3
43 44 0 2
43 45 0 2
43 46 0 2
43 47 0 2
43 48 0 2
43 49 0 2
43 50 0 2
43 51 0 2
43 52 0 2
43 53 0 2
43 54 0 2
43 55 0 3
43 56 0 2
43 57 0 2
43 58 0 2
43 59 0 2
43 60 0 2
43 61 0 2
43 62 0 2
43 63 0 2
43 64 0 3
43 65 0 2
43 66 0 2
43 67 0 2
43 68 0 2
43 69 0 2
43 70 4 12
43 71 5 12
43 72 4 13
43 73 5 9
43 74 0 3
43 75 0 3
43 76 1 2
43 77 4 11
43 78 0 5
43 79 3 7
43 80 6 13
43 81 5 13
43 82 0 2
43 83 3 10
43 84 3 12
43 85 2 8
43 86 1 3
43 87 0 1
43 88 0 1
43 89 0 3
43 90 4 7
43 91 0 3
43 92 0 2
43 93 6 10
43 94 1 2
43 95 2 4
43 96 3 11
43 97 2 9
43 98 0 3
43 99 2 11
43 100 4 13
44 1 0 3
44 2 0 3
44 3 0 3
44 4 0 2
44 5 0 3
44 6 0 3
44 7 0 2
44 8 0 2
44 9 0 2
44 10 0 2
44 11 0 2
44 12 0 2
44 13 0 2
44 14 0 3
44 15 0 3
44 16 0 3
44 17 0 3
44 18 0 2
44 19 0 2
44 20 0 3
44 21 0 2
44 22 0 2
44 23 0 2
44 24 0 2
44 25 0 3
44 26 0 3
44 27 0 2
44 28 0 2
44 29 0 2
44 30 0 2
44 31 0 3
44 32 0 2
44 33 2 14
44 34 0 2
44 35 0 2
44 36 0 2
44 37 0 3
44 38 0 2
44 39 0 2
44 40 0 2
44 41 0 3
44 42 0 2
44 43 0 2
44 44 0 2
44 45 0 2
44 46 0 2
44 47 0 2
44 48 0 2
44 49 0 2
44 50 0 2
44 51 0 3
44 52 0 2
44 53 0 2
44 54 0 2
44 55 0 2
44 56 0 2
44 57 0 2
44 58 0 2
44 59 0 2
44 60 0 2
44 61 0 2
44 62 0 2
44 63 3 13
44 64 5 12
44 65 6 12
44 66 0 3
44 67 0 3
44 68 0 3
44 69 0 3
44 70 0 3
44 71 3 10
44 72 2 7
44 73 4 11
44 74 2 10
44 75 3 12
44 76 5 11
44 77 8 13
44 78 2 12
44 79 6 13
44 80 4 9
44 81 4 14
44 82 1 2
44 83 1 8
44 84 9 13
44 85 5 12
44 86 3 9
44 87 0 1
44 88 6 13
44 89 0 1
44 90 0 1
44 91 0 1
44 92 1 3
44 93 0 2
44 94 1 2
44 95 0 2
44 96 0 2
44 97 3 13
44 98 3 11
44 99 4 11
44 100 3 8
45 1 3 10
45 2 0 3
45 3 0 3
45 4 0 3
45 5 0 2
45 6 0 3
45 7 0 3
45 8 0 2
45 9 0 2
45 10 0 2
45 11 0 2
45 12 0 2
45 13 0 2
45 14 0 2
45 15 0 3
45 16 0 3
45 17 0 3
45 18 0 3
45 19 0 2
45 20 0 2
45 21 0 3
45 22 0 2
45 23 0 2
45 24 0 2
45 25 0 2
45 26 0 3
45 27 0 3
45 28 0 2
45 29 0 2
45 30 0 2
45 31 0 2
45 32 0 3
45 33 0 2
45 34 0 2
45 35 0 2
45 36 0 3
45 37 0 2
45 38 0 3
45 39 0 2
45 40 0 3
45 41 1 3
45 42 0 2
45 43 0 2
45 44 0 2
45 45 0 2
45 46 0 2
45 47 0 2
45 48 0 2
45 49 0 2
45 50 0 2
45 51 0 2
45 52 0 3
45 53 0 2
45 54 0 3
45 55 0 2
45 56 0 2
45 57 0 2
45 58 0 2
45 59 0 2
45 60 0 2
45 61 0 2
45 62 0 2
45 63 0 2
45 64 0 3
45 65 0 3
45 66 0 2
45 67 0 2
45 68 1 3
45 69 2 8
45 70 0 3
45 71 5 13
45 72 4 8
45 73 5 7
45 74 17 14
45 75 5 9
45 76 8 13
45 77 2 9
45 78 5 7
45 79 2 12
45 80 4 12
45 81 3 10
45 82 7 13
45 83 0 1
45 84 0 1
45 85 0 1
45 86 0 2
45 87 0 2
45 88 0 2
45 89 5 10
45 90 0 3
45 91 5 10
45 92 2 3
45 93 0 2
45 94 0 2
45 95 0 2
45 96 6 10
45 97 6 10
45 98 5 12
45 99 0 2
45 100 3 13
46 1 0 3
46 2 0 3
46 3 2 11
46 4 5 11
46 5 8 15
46 6 7 11
46 7 1 5
46 8 3 10
46 9 0 3
46 10 0 3
46 11 0 3
46 12 0 2
46 13 0 3
46 14 0 3
46 15 0 2
46 16 0 2
46 17 0 2
46 18 0 2
46 19 0 2
46 20 0 2
46 21 0 2
46 22 0 3
46 23 0 3
46 24 0 3
46 25 0 3
46 26 0 2
46 27 0 2
46 28 0 3
46 29 0 2
46 30 0 2
46 31 0 2
46 32 0 2
46 33 0 3
46 34 0 3
46 35 0 2
46 36 0 2
46 37 0 2
46 38 0 2
46 39 0 2
46 40 0 2
46 41 0 2
46 42 0 3
46 43 0 3
46 44 0 3
46 45 0 2
46 46 0 2
46 47 0 2
46 48 0 2
46 49 0 2
46 50 0 2
46 51 0 2
46 52 0 2
46 53 0 2
46 54 0 2
46 55 0 2
46 56 0 3
46 57 0 2
46 58 0 2
46 59 0 2
46 60 0 2
46 61 1 3
46 62 0 2
46 63 0 2
46 64 0 2
46 65 0 3
46 66 9 13
46 67 0 2
46 68 0 3
46 69 0 3
46 70 0 3
46 71 0 3
46 72 0 2
46 73 0 2
46 74 0 3
46 75 0 3
46 76 1 3
46 77 0 2
46 78 0 2
46 79 0 2
46 80 5 11
46 81 0 13
46 82 4 14
46 83 8 10
46 84 8 13
46 85 0 1
46 86 0 2
46 87 0 1
46 88 0 2
46 89 5 11
46 90 9 15
46 91 3 13
46 92 6 11
46 93 4 9
46 94 3 12
46 95 1 4
46 96 1 2
46 97 3 11
46 98 1 7
46 99 3 9
46 100 3 13
47 1 7 11
47 2 0 3
47 3 0 3
47 4 0 3
47 5 0 2
47 6 0 3
47 7 0 3
47 8 0 2
47 9 0 2
47 10 0 2
47 11 0 2
47 12 0 2
47 13 0 2
47 14 0 2
47 15 0 3
47 16 0 3
47 17 0 3
47 18 0 3
47 19 0 2
47 20 0 2
47 21 0 3
47 22 0 2
47 23 0 2
47 24 0 3
47 25 0 2
47 26 0 2
47 27 0 2
47 28 0 2
47 29 0 2
47 30 0 2
47 31 0 2
47 32 0 2
47 33 0 2
47 34 0 2
47 35 0 2
47 36 0 2
47 37 0 2
47 38 0 2
47 39 0 2
47 40 0 2
47 41 0 2
47 42 4 15
47 43 1 7
47 44 0 2
47 45 0 2
47 46 0 2
47 47 0 2
47 48 0 3
47 49 0 2
47 50 0 2
47 51 0 2
47 52 0 3
47 53 0 3
47 54 0 2
47 55 0 3
47 56 0 3
47 57 0 2
47 58 0 2
47 59 0 3
47 60 0 2
47 61 0 2
47 62 3 10
47 63 0 2
47 64 0 2
47 65 0 2
47 66 0 3
47 67 0 2
47 68 5 11
47 69 0 3
47 70 5 12
47 71 0 5
47 72 5 12
47 73 0 3
47 74 0 3
47 75 3 10
47 76 0 3
47 77 0 3
47 78 0 3
47 79 6 13
47 80 6 10
47 81 1 2
47 82 3 12
47 83 3 9
47 84 2 11
47 85 3 13
47 86 1 5
47 87 3 10
47 88 4 10
47 89 0 5
47 90 8 15
47 91 0 4
47 92 0 2
47 93 0 1
47 94 0 1
47 95 0 2
47 96 0 3
47 97 0 3
47 98 0 2
47 99 0 3
47 100 4 12
48 1 1 7
48 2 3 13
48 3 0 3
48 4 0 3
48 5 0 3
48 6 0 2
48 7 0 3
48 8 0 3
48 9 0 2
48 10 0 2
48 11 0 2
48 12 0 2
48 13 0 2
48 14 0 2
48 15 0 2
48 16 0 3
48 17 0 3
48 18 0 3
48 19 0 3
48 20 0 2
48 21 0 2
48 22 0 3
48 23 0 2
48 24 0 2
48 25 0 3
48 26 0 2
48 27 0 2
48 28 0 2
48 29 0 2
48 30 0 2
48 31 0 2
48 32 0 3
48 33 0 3
48 34 0 2
48 35 0 2
48 36 0 2
48 37 0 2
48 38 0 2
48 39 0 2
48 40 0 2
48 41 0 2
48 42 0 2
48 43 0 2
48 44 0 2
48 45 0 2
48 46 0 2
48 47 0 2
48 48 0 2
48 49 0 2
48 50 0 2
48 51 0 2
48 52 0 3
48 53 0 2
48 54 0 3
48 55 0 2
48 56 0 2
48 57 0 2
48 58 0 2
48 59 0 2
48 60 0 2
48 61 0 2
48 62 0 3
48 63 0 3
48 64 0 2
48 65 0 2
48 66 0 2
48 67 0 2
48 68 0 2
48 69 0 2
48 70 0 2
48 71 0 2
48 72 0 3
48 73 0 3
48 74 0 3
48 75 0 3
48 76 0 3
48 77 4 15
48 78 6 10
48 79 7 11
48 80 6 11
48 81 6 13
48 82 3 5
48 83 1 2
48 84 7 13
48 85 2 10
48 86 3 9
48 87 3 8
48 88 0 4
48 89 0 1
48 90 0 2
48 91 0 2
48 92 0 1
48 93 0 2
48 94 0 2
48 95 5 11
48 96 0 3
48 97 0 2
48 98 0 3
48 99 3 10
48 100 4 12
49 1 0 3
49 2 0 3
49 3 0 3
49 4 0 2
49 5 0 3
49 6 0 3
49 7 0 2
49 8 0 2
49 9 0 2
49 10 0 2
49 11 0 2
49 12 0 2
49 13 0 2
49 14 0 3
49 15 0 3
49 16 0 3
49 17 0 3
49 18 0 2
49 19 0 2
49 20 0 3
49 21 0 2
49 22 0 2
49 23 0 3
49 24 0 2
49 25 0 2
49 26 0 2
49 27 0 2
49 28 0 2
49 29 4 14
49 30 0 3
49 31 0 2
49 32 0 2
49 33 0 5
49 34 0 2
49 35 0 2
49 36 0 2
49 37 0 2
49 38 0 2
49 39 0 2
49 40 0 2
49 41 0 2
49 42 0 2
49 43 0 2
49 44 0 2
49 45 0 3
49 46 0 3
49 47 0 2
49 48 0 2
49 49 0 2
49 50 0 2
49 51 0 2
49 52 0 2
49 53 0 2
49 54 0 2
49 55 0 2
49 56 0 2
49 57 0 2
49 58 0 2
49 59 0 3
49 60 0 2
49 61 0 2
49 62 0 2
49 63 1 3
49 64 0 2
49 65 0 2
49 66 0 2
49 67 0 2
49 68 0 3
49 69 0 2
49 70 4 13
49 71 0 3
49 72 4 11
49 73 4 13
49 74 4 10
49 75 3 9
49 76 9 13
49 77 3 13
49 78 2 6
49 79 3 9
49 80 6 11
49 81 5 14
49 82 4 13
49 83 1 7
49 84 3 10
49 85 3 10
49 86 1 2
49 87 1 2
49 88 1 2
49 89 3 11
49 90 1 2
49 91 0 2
49 92 0 2
49 93 0 1
49 94 4 9
49 95 6 11
49 96 2 6
49 97 2 5
49 98 0 2
49 99 3 11
49 100 3 12
50 1 0 3
50 2 2 12
50 3 1 2
50 4 6 10
50 5 0 3
50 6 0 3
50 7 0 3
50 8 0 2
50 9 0 3
50 10 0 3
50 11 0 2
50 12 0 2
50 13 0 2
50 14 0 2
50 15 0 2
50 16 0 2
50 17 0 2
50 18 0 3
50 19 0 3
50 20 0 3
50 21 0 3
50 22 0 2
50 23 0 2
50 24 0 3
50 25 0 2
50 26 0 2
50 27 0 3
50 28 0 2
50 29 0 2
50 30 0 2
50 31 0 2
50 32 0 2
50 33 4 14
50 34 0 3
50 35 0 2
50 36 0 2
50 37 0 2
50 38 0 2
50 39 0 3
50 40 0 2
50 41 0 2
50 42 0 2
50 43 0 2
50 44 0 2
50 45 0 3
50 46 0 2
50 47 0 2
50 48 0 2
50 49 0 3
50 50 0 3
50 51 0 2
50 52 0 2
50 53 0 2
50 54 0 2
50 55 0 3
50 56 0 2
50 57 0 2
50 58 0 2
50 59 0 2
50 60 0 2
50 61 0 2
50 62 0 2
50 63 0 2
50 64 0 2
50 65 0 2
50 66 0 2
50 67 0 2
50 68 0 2
50 69 0 2
50 70 0 3
50 71 0 2
50 72 0 2
50 73 0 2
50 74 0 2
50 75 0 2
50 76 0 2
50 77 0 3
50 78 0 2
50 79 3 5
50 80 3 11
50 81 8 15
50 82 5 12
50 83 3 13
50 84 1 4
50 85 0 2
50 86 0 1
50 87 0 1
50 88 2 6
50 89 0 2
50 90 0 11
50 91 2 8
50 92 2 7
50 93 2 11
50 94 4 9
50 95 0 3
50 96 3 12
50 97 2 7
50 98 4 11
50 99 4 14
50 100 4 14
51 1 5 11
51 2 0 3
51 3 0 3
51 4 0 3
51 5 0 3
51 6 0 3
51 7 0 2
51 8 0 3
51 9 0 3
51 10 0 2
51 11 0 2
51 12 0 2
51 13 0 2
51 14 0 2
51 15 0 2
51 16 0 2
51 17 0 3
51 18 0 3
51 19 0 3
51 20 0 3
51 21 0 2
51 22 0 2
51 23 0 3
51 24 0 2
51 25 0 2
51 26 0 3
51 27 0 2
51 28 0 2
51 29 0 2
51 30 0 2
51 31 0 2
51 32 0 2
51 33 0 2
51 34 0 2
51 35 0 2
51 36 0 2
51 37 0 2
51 38 0 2
51 39 0 2
51 40 0 2
51 41 0 2
51 42 0 2
51 43 0 2
51 44 0 3
51 45 0 2
51 46 0 3
51 47 0 2
51 48 0 2
51 49 0 2
51 50 0 2
51 51 0 3
51 52 0 2
51 53 0 2
51 54 0 2
51 55 0 2
51 56 0 2
51 57 0 2
51 58 0 3
51 59 0 2
51 60 0 2
51 61 0 3
51 62 0 2
51 63 0 2
51 64 0 2
51 65 0 2
51 66 0 2
51 67 1 11
51 68 1 3
51 69 7 14
51 70 5 15
51 71 5 13
51 72 5 8
51 73 1 2
51 74 3 8
51 75 3 11
51 76 4 13
51 77 2 12
51 78 6 11
51 79 3 14
51 80 4 12
51 81 2 3
51 82 2 3
51 83 6 10
51 84 2 13
51 85 4 12
51 86 4 11
51 87 6 12
51 88 0 2
51 89 0 2
51 90 0 1
51 91 2 10
51 92 5 9
51 93 4 11
51 94 6 14
51 95 5 12
51 96 3 13
51 97 2 14
51 98 3 12
51 99 6 12
51 100 4 11
52 1 0 3
52 2 0 3
52 3 0 3
52 4 0 2
52 5 0 3
52 6 0 3
52 7 0 2
52 8 0 2
52 9 0 2
52 10 0 2
52 11 0 2
52 12 0 2
52 13 0 2
52 14 0 3
52 15 0 3
52 16 0 3
52 17 0 3
52 18 0 2
52 19 0 2
52 20 0 3
52 21 0 2
52 22 0 2
52 23 0 3
52 24 0 2
52 25 0 2
52 26 0 2
52 27 0 2
52 28 0 2
52 29 0 2
52 30 0 3
52 31 0 2
52 32 0 2
52 33 0 2
52 34 0 2
52 35 0 3
52 36 0 2
52 37 0 2
52 38 0 3
52 39 0 2
52 40 0 2
52 41 0 2
52 42 0 3
52 43 0 2
52 44 0 3
52 45 0 2
52 46 0 3
52 47 0 2
52 48 0 2
52 49 0 2
52 50 0 2
52 51 0 2
52 52 0 2
52 53 0 2
52 54 0 2
52 55 0 2
52 56 0 2
52 57 0 2
52 58 0 2
52 59 0 2
52 60 0 2
52 61 0 3
52 62 0 2
52 63 0 2
52 64 3 10
52 65 9 10
52 66 6 13
52 67 5 11
52 68 8 14
52 69 1 2
52 70 1 2
52 71 0 3
52 72 0 3
52 73 0 3
52 74 0 3
52 75 6 11
52 76 6 9
52 77 5 12
52 78 4 13
52 79 4 10
52 80 2 3
52 81 2 3
52 82 3 11
52 83 8 12
52 84 3 10
52 85 6 13
52 86 4 11
52 87 0 1
52 88 0 2
52 89 0 2
52 90 0 1
52 91 1 7
52 92 0 2
52 93 0 2
52 94 0 2
52 95 0 2
52 96 0 2
52 97 1 5
52 98 6 14
52 99 4 15
52 100 4 9
53 1 0 3
53 2 0 3
53 3 0 3
53 4 0 2
53 5 0 3
53 6 0 3
53 7 0 2
53 8 0 2
53 9 0 2
53 10 0 2
53 11 0 2
53 12 0 2
53 13 0 2
53 14 0 3
53 15 0 3
53 16 0 3
53 17 0 3
53 18 0 2
53 19 0 2
53 20 0 3
53 21 0 2
53 22 0 2
53 23 0 3
53 24 0 2
53 25 0 2
53 26 0 2
53 27 0 2
53 28 0 2
53 29 0 2
53 30 0 3
53 31 0 2
53 32 0 2
53 33 0 2
53 34 0 2
53 35 0 2
53 36 0 2
53 37 0 3
53 38 0 2
53 39 0 3
53 40 0 2
53 41 0 2
53 42 0 2
53 43 0 2
53 44 0 2
53 45 0 2
53 46 0 3
53 47 0 2
53 48 0 2
53 49 0 2
53 50 0 3
53 51 0 2
53 52 0 2
53 53 0 2
53 54 0 2
53 55 0 2
53 56 0 2
53 57 0 3
53 58 0 2
53 59 0 2
53 60 0 2
53 61 0 2
53 62 0 2
53 63 0 2
53 64 0 2
53 65 0 3
53 66 0 2
53 67 0 2
53 68 0 2
53 69 0 2
53 70 0 2
53 71 0 2
53 72 0 2
53 73 0 2
53 74 5 13
53 75 0 2
53 76 3 8
53 77 1 3
53 78 3 9
53 79 3 8
53 80 0 3
53 81 6 12
53 82 1 2
53 83 1 2
53 84 1 3
53 85 4 14
53 86 4 12
53 87 2 10
53 88 4 7
53 89 0 3
53 90 0 2
53 91 0 1
53 92 0 2
53 93 2 3
53 94 2 3
53 95 0 2
53 96 0 2
53 97 0 2
53 98 0 2
53 99 4 13
53 100 6 12
54 1 0 3
54 2 0 3
54 3 0 3
54 4 0 3
54 5 0 3
54 6 0 3
54 7 0 3
54 8 0 2
54 9 0 3
54 10 0 3
54 11 0 2
54 12 0 2
54 13 0 2
54 14 0 2
54 15 0 2
54 16 0 2
54 17 0 2
54 18 0 3
54 19 0 3
54 20 0 3
54 21 0 3
54 22 0 2
54 23 0 2
54 24 0 3
54 25 0 2
54 26 0 2
54 27 0 3
54 28 0 2
54 29 0 2
54 30 0 2
54 31 0 2
54 32 0 2
54 33 0 2
54 34 0 3
54 35 0 2
54 36 0 2
54 37 0 2
54 38 0 2
54 39 0 2
54 40 0 2
54 41 0 2
54 42 0 2
54 43 0 3
54 44 0 2
54 45 0 2
54 46 0 2
54 47 0 2
54 48 0 2
54 49 0 2
54 50 0 2
54 51 0 2
54 52 0 2
54 53 0 2
54 54 0 3
54 55 0 2
54 56 0 2
54 57 0 3
54 58 0 2
54 59 0 2
54 60 0 2
54 61 0 2
54 62 0 2
54 63 0 3
54 64 0 2
54 65 0 2
54 66 0 3
54 67 0 2
54 68 0 2
54 69 0 3
54 70 0 3
54 71 0 2
54 72 0 2
54 73 5 14
54 74 4 14
54 75 4 11
54 76 6 12
54 77 6 11
54 78 0 2
54 79 5 11
54 80 5 11
54 81 3 8
54 82 1 4
54 83 7 12
54 84 1 2
54 85 4 14
54 86 6 13
54 87 5 11
54 88 5 14
54 89 0 2
54 90 7 10
54 91 3 11
54 92 0 2
54 93 0 2
54 94 0 2
54 95 0 2
54 96 0 2
54 97 0 2
54 98 3 10
54 99 9 14
54 100 5 11
55 1 3 10
55 2 11 15
55 3 0 3
55 4 0 3
55 5 0 3
55 6 0 3
55 7 0 3
55 8 0 3
55 9 0 3
55 10 0 3
55 11 0 3
55 12 0 3
55 13 0 3
55 14 0 3
55 15 0 2
55 16 0 3
55 17 0 3
55 18 0 2
55 19 0 2
55 20 0 2
55 21 0 2
55 22 0 2
55 23 0 2
55 24 0 2
55 25 0 3
55 26 0 3
55 27 0 3
55 28 0 3
55 29 0 2
55 30 0 2
55 31 0 3
55 32 0 2
55 33 0 2
55 34 0 3
55 35 0 2
55 36 0 2
55 37 0 2
55 38 0 2
55 39 0 2
55 40 0 2
55 41 0 2
55 42 0 2
55 43 0 2
55 44 0 2
55 45 0 2
55 46 0 3
55 47 0 3
55 48 0 3
55 49 0 2
55 50 0 2
55 51 0 2
55 52 0 2
55 53 0 3
55 54 0 2
55 55 0 2
55 56 0 2
55 57 0 2
55 58 0 2
55 59 0 2
55 60 0 2
55 61 0 2
55 62 0 2
55 63 0 2
55 64 0 2
55 65 0 3
55 66 0 2
55 67 0 2
55 68 0 2
55 69 0 2
55 70 0 2
55 71 0 2
55 72 0 2
55 73 0 2
55 74 0 2
55 75 0 2
55 76 0 2
55 77 0 2
55 78 0 2
55 79 0 2
55 80 1 6
55 81 2 12
55 82 8 13
55 83 4 13
55 84 4 14
55 85 2 12
55 86 1 5
55 87 1 4
55 88 1 7
55 89 4 7
55 90 6 13
55 91 0 2
55 92 0 2
55 93 0 2
55 94 0 2
55 95 0 3
55 96 6 14
55 97 1 3
55 98 5 12
55 99 9 12
55 100 0 2
56 1 0 3
56 2 0 3
56 3 0 3
56 4 0 3
56 5 0 3
56 6 0 3
56 7 0 3
56 8 0 3
56 9 0 3
56 10 0 3
56 11 0 3
56 12 0 3
56 13 0 3
56 14 0 3
56 15 0 3
56 16 0 3
56 17 0 3
56 18 0 2
56 19 0 3
56 20 0 3
56 21 0 2
56 22 0 2
56 23 0 2
56 24 0 2
56 25 0 2
56 26 0 2
56 27 0 2
56 28 0 3
56 29 0 3
56 30 0 3
56 31 0 3
56 32 0 2
56 33 0 2
56 34 0 2
56 35 0 2
56 36 0 3
56 37 0 3
56 38 0 2
56 39 0 2
56 40 0 2
56 41 0 2
56 42 0 2
56 43 0 2
56 44 0 2
56 45 0 2
56 46 0 2
56 47 0 3
56 48 0 2
56 49 0 3
56 50 0 2
56 51 0 2
56 52 0 2
56 53 0 2
56 54 0 2
56 55 0 2
56 56 0 3
56 57 0 3
56 58 0 2
56 59 0 2
56 60 0 3
56 61 0 2
56 62 0 3
56 63 0 3
56 64 0 2
56 65 0 3
56 66 0 2
56 67 0 3
56 68 0 3
56 69 3 10
56 70 4 11
56 71 6 12
56 72 1 4
56 73 2 13
56 74 3 10
56 75 5 10
56 76 3 10
56 77 11 15
56 78 1 11
56 79 5 12
56 80 5 10
56 81 0 2
56 82 0 2
56 83 0 2
56 84 0 1
56 85 0 2
56 86 4 7
56 87 6 13
56 88 2 5
56 89 0 3
56 90 2 9
56 91 0 3
56 92 0 2
56 93 0 2
56 94 0 2
56 95 0 2
56 96 3 12
56 97 5 14
56 98 6 12
56 99 6 11
56 100 5 13
57 1 3 11
57 2 0 3
57 3 0 3
57 4 0 3
57 5 0 2
57 6 0 3
57 7 0 3
57 8 0 2
57 9 0 2
57 10 0 2
57 11 0 2
57 12 0 2
57 13 0 2
57 14 0 2
57 15 0 3
57 16 0 3
57 17 0 3
57 18 0 2
57 19 0 3
57 20 0 2
57 21 0 2
57 22 0 3
57 23 0 2
57 24 0 2
57 25 0 2
57 26 0 3
57 27 0 2
57 28 0 2
57 29 0 2
57 30 0 2
57 31 0 2
57 32 0 2
57 33 0 2
57 34 0 2
57 35 0 2
57 36 0 2
57 37 0 2
57 38 0 2
57 39 0 3
57 40 0 2
57 41 0 2
57 42 0 2
57 43 0 2
57 44 0 3
57 45 0 3
57 46 0 3
57 47 0 3
57 48 0 2
57 49 0 3
57 50 0 2
57 51 0 2
57 52 0 2
57 53 6 11
57 54 0 2
57 55 0 3
57 56 0 2
57 57 0 2
57 58 0 2
57 59 0 3
57 60 4 12
57 61 0 3
57 62 0 3
57 63 0 3
57 64 0 3
57 65 0 3
57 66 0 3
57 67 0 3
57 68 0 3
57 69 0 3
57 70 0 3
57 71 0 3
57 72 0 3
57 73 0 3
57 74 0 3
57 75 0 3
57 76 0 3
57 77 2 13
57 78 4 11
57 79 3 13
57 80 3 13
57 81 1 3
57 82 4 8
57 83 5 11
57 84 0 2
57 85 1 7
57 86 0 2
57 87 0 1
57 88 0 2
57 89 3 12
57 90 0 3
57 91 0 3
57 92 3 10
57 93 1 11
57 94 0 2
57 95 0 2
57 96 0 2
57 97 3 8
57 98 2 11
57 99 4 10
57 100 6 14
58 1 3 11
58 2 0 3
58 3 0 3
58 4 0 3
58 5 0 3
58 6 0 2
58 7 0 3
58 8 0 3
58 9 0 2
58 10 0 2
58 11 0 2
58 12 0 2
58 13 0 2
58 14 0 2
58 15 0 2
58 16 0 3
58 17 0 3
58 18 0 3
58 19 0 2
58 20 0 3
58 21 0 2
58 22 0 2
58 23 0 3
58 24 0 2
58 25 0 2
58 26 0 2
58 27 0 3
58 28 0 2
58 29 0 2
58 30 0 2
58 31 0 2
58 32 0 3
58 33 0 3
58 34 0 2
58 35 0 3
58 36 0 2
58 37 0 3
58 38 0 2
58 39 0 3
58 40 0 2
58 41 0 2
58 42 0 2
58 43 0 2
58 44 0 2
58 45 0 3
58 46 0 3
58 47 0 2
58 48 0 3
58 49 0 2
58 50 0 3
58 51 0 2
58 52 0 3
58 53 0 2
58 54 0 2
58 55 0 2
58 56 0 3
58 57 0 2
58 58 0 3
58 59 0 3
58 60 0 3
58 61 0 2
58 62 0 2
58 63 0 2
58 64 0 2
58 65 0 2
58 66 0 2
58 67 0 2
58 68 1 5
58 69 3 11
58 70 6 13
58 71 5 11
58 72 0 3
58 73 0 3
58 74 0 3
58 75 0 3
58 76 0 3
58 77 0 3
58 78 0 3
58 79 0 3
58 80 4 14
58 81 4 9
58 82 2 12
58 83 1 13
58 84 6 9
58 85 6 9
58 86 5 11
58 87 4 10
58 88 5 12
58 89 0 2
58 90 2 11
58 91 0 2
58 92 0 3
58 93 4 12
58 94 2 14
58 95 0 2
58 96 0 3
58 97 4 11
58 98 6 11
58 99 5 13
58 100 6 14
59 1 1 5
59 2 3 6
59 3 1 3
59 4 6 13
59 5 6 11
59 6 0 3
59 7 0 3
59 8 0 3
59 9 0 2
59 10 0 3
59 11 0 3
59 12 0 2
59 13 0 2
59 14 0 2
59 15 0 2
59 16 0 2
59 17 0 2
59 18 0 2
59 19 0 3
59 20 0 3
59 21 0 3
59 22 0 2
59 23 0 3
59 24 0 2
59 25 0 2
59 26 0 3
59 27 0 2
59 28 0 2
59 29 0 2
59 30 0 3
59 31 0 2
59 32 0 2
59 33 0 2
59 34 0 3
59 35 0 3
59 36 0 2
59 37 0 2
59 38 0 2
59 39 0 2
59 40 0 2
59 41 0 2
59 42 0 2
59 43 0 2
59 44 0 2
59 45 0 2
59 46 0 2
59 47 0 2
59 48 0 2
59 49 0 3
59 50 0 2
59 51 0 2
59 52 0 3
59 53 0 2
59 54 0 2
59 55 0 2
59 56 0 2
59 57 0 2
59 58 0 3
59 59 0 2
59 60 0 3
59 61 0 2
59 62 0 2
59 63 0 2
59 64 0 2
59 65 0 2
59 66 0 2
59 67 0 2
59 68 0 2
59 69 0 3
59 70 0 3
59 71 5 12
59 72 3 11
59 73 0 3
59 74 8 13
59 75 0 3
59 76 0 3
59 77 0 3
59 78 0 3
59 79 0 3
59 80 0 3
59 81 0 3
59 82 8 11
59 83 4 11
59 84 5 13
59 85 6 14
59 86 1 12
59 87 7 12
59 88 1 9
59 89 4 9
59 90 7 11
59 91 0 3
59 92 1 4
59 93 0 3
59 94 0 2
59 95 0 2
59 96 3 13
59 97 1 7
59 98 6 12
59 99 0 3
59 100 0 2
60 1 0 3
60 2 0 3
60 3 0 3
60 4 0 2
60 5 0 3
60 6 0 3
60 7 0 2
60 8 0 2
60 9 0 2
60 10 0 2
60 11 0 2
60 12 0 2
60 13 0 2
60 14 0 3
60 15 0 3
60 16 0 3
60 17 0 2
60 18 0 3
60 19 0 2
60 20 0 2
60 21 0 3
60 22 0 2
60 23 0 2
60 24 0 2
60 25 0 3
60 26 0 2
60 27 0 3
60 28 0 3
60 29 0 2
60 30 0 2
60 31 0 2
60 32 0 2
60 33 0 3
60 34 0 2
60 35 0 3
60 36 0 2
60 37 0 3
60 38 0 2
60 39 0 2
60 40 0 2
60 41 0 2
60 42 0 2
60 43 0 2
60 44 0 3
60 45 0 3
60 46 0 3
60 47 0 2
60 48 0 2
60 49 0 2
60 50 0 2
60 51 0 2
60 52 0 3
60 53 0 2
60 54 0 2
60 55 0 2
60 56 0 2
60 57 0 2
60 58 0 2
60 59 0 2
60 60 0 3
60 61 0 2
60 62 0 2
60 63 0 3
60 64 3 9
60 65 5 10
60 66 6 13
60 67 0 3
60 68 0 3
60 69 0 3
60 70 6 11
60 71 5 12
60 72 3 6
60 73 5 13
60 74 2 5
60 75 1 7
60 76 2 12
60 77 1 3
60 78 5 13
60 79 6 14
60 80 2 7
60 81 2 3
60 82 4 11
60 83 5 9
60 84 6 11
60 85 1 3
60 86 6 13
60 87 1 9
60 88 7 13
60 89 1 5
60 90 6 10
60 91 7 12
60 92 4 12
60 93 0 2
60 94 3 12
60 95 3 14
60 96 0 2
60 97 0 2
60 98 0 2
60 99 5 10
60 100 2 11
61 1 4 11
61 2 4 11
61 3 0 3
61 4 0 3
61 5 0 3
61 6 0 2
61 7 0 3
61 8 0 3
61 9 0 2
61 10 0 2
61 11 0 2
61 12 0 2
61 13 0 2
61 14 0 2
61 15 0 2
61 16 0 3
61 17 0 3
61 18 0 3
61 19 0 2
61 20 0 3
61 21 0 2
61 22 0 2
61 23 0 3
61 24 0 2
61 25 0 2
61 26 0 2
61 27 0 3
61 28 0 2
61 29 0 3
61 30 0 3
61 31 0 2
61 32 0 2
61 33 0 3
61 34 0 2
61 35 0 2
61 36 0 3
61 37 0 2
61 38 0 2
61 39 0 3
61 40 0 2
61 41 0 2
61 42 0 2
61 43 0 2
61 44 0 2
61 45 0 2
61 46 0 2
61 47 0 2
61 48 0 2
61 49 0 2
61 50 0 2
61 51 0 2
61 52 0 2
61 53 0 2
61 54 0 2
61 55 0 3
61 56 0 3
61 57 0 2
61 58 0 2
61 59 0 2
61 60 0 2
61 61 0 2
61 62 0 2
61 63 0 2
61 64 0 2
61 65 0 2
61 66 0 2
61 67 0 2
61 68 0 2
61 69 0 2
61 70 0 3
61 71 0 2
61 72 0 3
61 73 0 2
61 74 8 12
61 75 1 2
61 76 3 6
61 77 8 13
61 78 4 10
61 79 0 2
61 80 6 12
61 81 5 11
61 82 1 6
61 83 1 3
61 84 4 12
61 85 3 11
61 86 3 11
61 87 4 8
61 88 3 10
61 89 5 12
61 90 1 3
61 91 2 5
61 92 2 4
61 93 3 9
61 94 0 3
61 95 0 2
61 96 0 2
61 97 4 15
61 98 4 13
61 99 5 13
61 100 6 11
62 1 1 6
62 2 0 3
62 3 0 3
62 4 0 3
62 5 0 2
62 6 0 3
62 7 0 3
62 8 0 2
62 9 0 2
62 10 0 2
62 11 0 2
62 12 0 2
62 13 0 2
62 14 0 2
62 15 0 3
62 16 0 3
62 17 0 3
62 18 0 2
62 19 0 3
62 20 0 2
62 21 0 2
62 22 0 3
62 23 0 2
62 24 0 2
62 25 0 2
62 26 0 3
62 27 0 2
62 28 0 3
62 29 0 3
62 30 0 2
62 31 0 2
62 32 0 2
62 33 0 2
62 34 0 2
62 35 0 2
62 36 0 3
62 37 0 2
62 38 0 3
62 39 0 2
62 40 0 2
62 41 0 2
62 42 0 2
62 43 0 2
62 44 0 2
62 45 0 2
62 46 0 3
62 47 0 2
62 48 0 2
62 49 0 2
62 50 0 2
62 51 0 3
62 52 0 2
62 53 0 3
62 54 0 3
62 55 0 2
62 56 0 2
62 57 0 2
62 58 0 2
62 59 0 2
62 60 0 2
62 61 0 2
62 62 0 2
62 63 0 2
62 64 0 2
62 65 0 2
62 66 0 2
62 67 0 3
62 68 0 2
62 69 0 2
62 70 0 2
62 71 3 12
62 72 4 11
62 73 0 3
62 74 5 11
62 75 3 9
62 76 4 11
62 77 1 3
62 78 7 10
62 79 6 14
62 80 2 4
62 81 1 2
62 82 3 10
62 83 1 6
62 84 4 15
62 85 0 2
62 86 6 12
62 87 4 8
62 88 3 14
62 89 5 13
62 90 0 2
62 91 4 14
62 92 4 14
62 93 0 2
62 94 0 2
62 95 0 2
62 96 4 13
62 97 2 11
62 98 2 12
62 99 2 12
62 100 1 12
63 1 4 10
63 2 3 11
63 3 2 3
63 4 7 11
63 5 4 10
63 6 3 12
63 7 5 15
63 8 2 6
63 9 0 3
63 10 0 3
63 11 0 3
63 12 0 3
63 13 0 3
63 14 0 2
63 15 0 3
63 16 0 3
63 17 0 2
63 18 0 2
63 19 0 2
63 20 0 2
63 21 0 2
63 22 0 2
63 23 0 2
63 24 0 3
63 25 0 3
63 26 0 3
63 27 0 2
63 28 0 3
63 29 0 2
63 30 0 2
63 31 0 3
63 32 0 2
63 33 0 2
63 34 0 2
63 35 0 3
63 36 0 2
63 37 0 3
63 38 0 3
63 39 0 2
63 40 0 2
63 41 0 2
63 42 0 2
63 43 0 3
63 44 0 2
63 45 0 2
63 46 0 2
63 47 0 3
63 48 0 2
63 49 0 2
63 50 0 2
63 51 0 3
63 52 0 3
63 53 0 2
63 54 0 3
63 55 0 2
63 56 0 2
63 57 0 2
63 58 0 2
63 59 0 2
63 60 0 2
63 61 0 2
63 62 0 2
63 63 0 2
63 64 0 2
63 65 0 3
63 66 0 2
63 67 0 2
63 68 0 2
63 69 0 2
63 70 0 2
63 71 0 3
63 72 0 2
63 73 0 3
63 74 0 2
63 75 0 3
63 76 0 2
63 77 0 2
63 78 7 11
63 79 5 13
63 80 2 11
63 81 1 7
63 82 2 12
63 83 3 14
63 84 1 3
63 85 3 6
63 86 4 13
63 87 3 11
63 88 1 11
63 89 7 14
63 90 3 12
63 91 1 6
63 92 1 12
63 93 0 3
63 94 6 9
63 95 4 13
63 96 6 10
63 97 2 10
63 98 0 2
63 99 3 13
63 100 5 11
64 1 4 11
64 2 5 11
64 3 3 12
64 4 4 10
64 5 7 11
64 6 4 9
64 7 5 13
64 8 0 3
64 9 0 3
64 10 0 3
64 11 0 2
64 12 0 3
64 13 0 3
64 14 0 2
64 15 0 2
64 16 0 2
64 17 0 2
64 18 0 2
64 19 0 2
64 20 0 2
64 21 0 3
64 22 0 3
64 23 0 3
64 24 0 2
64 25 0 3
64 26 0 2
64 27 0 2
64 28 0 2
64 29 0 3
64 30 0 2
64 31 0 2
64 32 0 3
64 33 0 2
64 34 0 3
64 35 0 2
64 36 0 2
64 37 0 2
64 38 0 2
64 39 0 2
64 40 0 2
64 41 0 2
64 42 0 2
64 43 0 2
64 44 0 2
64 45 0 2
64 46 0 2
64 47 0 2
64 48 0 2
64 49 0 2
64 50 0 2
64 51 0 3
64 52 0 3
64 53 0 3
64 54 0 2
64 55 0 3
64 56 0 2
64 57 0 2
64 58 0 3
64 59 0 2
64 60 0 2
64 61 0 2
64 62 0 3
64 63 0 2
64 64 0 2
64 65 0 2
64 66 0 2
64 67 0 2
64 68 5 12
64 69 0 3
64 70 0 3
64 71 5 15
64 72 8 13
64 73 3 11
64 74 2 9
64 75 2 3
64 76 7 13
64 77 9 13
64 78 3 8
64 79 4 10
64 80 2 10
64 81 4 14
64 82 4 7
64 83 0 5
64 84 4 8
64 85 2 3
64 86 1 7
64 87 3 13
64 88 3 12
64 89 1 3
64 90 2 6
64 91 0 3
64 92 2 6
64 93 6 13
64 94 9 13
64 95 1 5
64 96 0 3
64 97 4 10
64 98 3 10
64 99 3 9
64 100 2 9
65 1 0 3
65 2 0 3
65 3 0 3
65 4 0 2
65 5 0 3
65 6 0 3
65 7 0 2
65 8 0 2
65 9 0 2
65 10 0 2
65 11 0 2
65 12 0 2
65 13 0 2
65 14 0 3
65 15 0 3
65 16 0 3
65 17 0 2
65 18 0 3
65 19 0 2
65 20 0 2
65 21 0 2
65 22 0 3
65 23 0 2
65 24 0 2
65 25 0 2
65 26 0 2
65 27 0 3
65 28 0 2
65 29 0 2
65 30 0 2
65 31 0 2
65 32 0 3
65 33 0 2
65 34 0 2
65 35 0 2
65 36 0 2
65 37 0 2
65 38 0 2
65 39 0 2
65 40 0 3
65 41 0 2
65 42 0 2
65 43 0 2
65 44 0 2
65 45 0 2
65 46 0 2
65 47 0 2
65 48 0 2
65 49 0 2
65 50 0 2
65 51 0 2
65 52 0 3
65 53 0 2
65 54 0 2
65 55 0 2
65 56 0 2
65 57 0 2
65 58 0 2
65 59 0 2
65 60 0 2
65 61 0 2
65 62 0 3
65 63 0 2
65 64 0 2
65 65 0 4
65 66 0 3
65 67 5 11
65 68 3 7
65 69 5 13
65 70 3 12
65 71 7 11
65 72 4 11
65 73 3 11
65 74 4 11
65 75 5 11
65 76 7 11
65 77 4 13
65 78 4 10
65 79 0 2
65 80 0 3
65 81 2 6
65 82 4 7
65 83 6 14
65 84 2 9
65 85 4 9
65 86 7 14
65 87 2 3
65 88 3 8
65 89 3 5
65 90 6 12
65 91 1 4
65 92 0 2
65 93 3 11
65 94 0 3
65 95 3 10
65 96 6 12
65 97 6 14
65 98 3 11
65 99 7 12
65 100 6 13
66 1 2 3
66 2 0 3
66 3 0 3
66 4 0 3
66 5 0 3
66 6 0 3
66 7 0 2
66 8 0 3
66 9 0 3
66 10 0 2
66 11 0 2
66 12 0 2
66 13 0 2
66 14 0 2
66 15 0 2
66 16 0 2
66 17 0 3
66 18 0 3
66 19 0 3
66 20 0 2
66 21 0 3
66 22 0 2
66 23 0 2
66 24 0 2
66 25 0 3
66 26 0 2
66 27 0 2
66 28 0 2
66 29 0 2
66 30 0 3
66 31 0 2
66 32 0 2
66 33 0 2
66 34 0 2
66 35 0 2
66 36 0 2
66 37 0 2
66 38 0 2
66 39 0 3
66 40 0 2
66 41 0 3
66 42 0 2
66 43 0 2
66 44 0 2
66 45 0 2
66 46 0 2
66 47 1 10
66 48 0 2
66 49 0 2
66 50 0 2
66 51 0 2
66 52 0 2
66 53 0 2
66 54 0 2
66 55 0 2
66 56 0 2
66 57 0 3
66 58 0 2
66 59 0 2
66 60 0 3
66 61 0 2
66 62 0 3
66 63 0 2
66 64 0 2
66 65 0 2
66 66 0 2
66 67 0 2
66 68 0 2
66 69 0 2
66 70 0 2
66 71 0 3
66 72 0 2
66 73 0 2
66 74 0 2
66 75 8 12
66 76 0 3
66 77 1 12
66 78 3 11
66 79 0 3
66 80 3 12
66 81 3 14
66 82 9 13
66 83 0 3
66 84 5 14
66 85 4 12
66 86 6 13
66 87 2 11
66 88 5 11
66 89 0 2
66 90 0 1
66 91 0 1
66 92 0 2
66 93 0 2
66 94 0 2
66 95 5 14
66 96 0 2
66 97 4 11
66 98 3 14
66 99 4 11
66 100 4 11
67 1 0 3
67 2 0 3
67 3 0 3
67 4 0 3
67 5 0 3
67 6 0 2
67 7 0 3
67 8 0 3
67 9 0 2
67 10 0 2
67 11 0 2
67 12 0 2
67 13 0 2
67 14 0 2
67 15 0 2
67 16 0 3
67 17 0 3
67 18 0 3
67 19 0 2
67 20 0 3
67 21 0 2
67 22 0 2
67 23 0 2
67 24 0 3
67 25 0 2
67 26 0 2
67 27 0 2
67 28 0 2
67 29 0 3
67 30 0 2
67 31 0 3
67 32 0 3
67 33 0 3
67 34 0 2
67 35 0 2
67 36 0 2
67 37 0 3
67 38 0 2
67 39 0 2
67 40 0 2
67 41 0 3
67 42 0 2
67 43 0 2
67 44 0 2
67 45 0 3
67 46 0 2
67 47 0 2
67 48 0 3
67 49 0 3
67 50 0 2
67 51 0 2
67 52 0 3
67 53 0 2
67 54 0 2
67 55 0 2
67 56 0 2
67 57 0 2
67 58 0 3
67 59 0 3
67 60 0 2
67 61 0 3
67 62 0 2
67 63 0 3
67 64 0 2
67 65 0 2
67 66 0 2
67 67 0 3
67 68 0 2
67 69 0 2
67 70 2 12
67 71 5 13
67 72 2 11
67 73 5 11
67 74 4 10
67 75 2 3
67 76 9 12
67 77 5 8
67 78 1 2
67 79 3 11
67 80 5 13
67 81 4 10
67 82 4 11
67 83 7 14
67 84 1 11
67 85 3 11
67 86 0 1
67 87 0 2
67 88 0 2
67 89 0 1
67 90 0 1
67 91 0 2
67 92 0 3
67 93 0 2
67 94 0 2
67 95 8 13
67 96 0 2
67 97 1 3
67 98 4 10
67 99 6 12
67 100 2 13
68 1 0 3
68 2 0 3
68 3 0 3
68 4 0 2
68 5 0 3
68 6 0 3
68 7 0 2
68 8 0 2
68 9 0 2
68 10 0 2
68 11 0 2
68 12 0 2
68 13 0 2
68 14 0 3
68 15 0 3
68 16 0 3
68 17 0 2
68 18 0 3
68 19 0 2
68 20 0 2
68 21 0 2
68 22 0 3
68 23 0 2
68 24 0 2
68 25 0 2
68 26 0 2
68 27 0 3
68 28 0 2
68 29 0 2
68 30 0 2
68 31 0 2
68 32 0 2
68 33 0 2
68 34 0 2
68 35 0 2
68 36 0 2
68 37 0 2
68 38 0 2
68 39 0 2
68 40 0 3
68 41 0 2
68 42 0 2
68 43 0 2
68 44 0 3
68 45 0 2
68 46 0 2
68 47 0 3
68 48 0 2
68 49 0 2
68 50 0 2
68 51 0 2
68 52 0 3
68 53 0 2
68 54 0 2
68 55 0 2
68 56 0 2
68 57 0 2
68 58 0 2
68 59 0 2
68 60 0 2
68 61 0 2
68 62 0 2
68 63 0 3
68 64 2 7
68 65 0 3
68 66 0 3
68 67 6 13
68 68 3 14
68 69 4 10
68 70 6 14
68 71 5 12
68 72 4 13
68 73 4 11
68 74 5 15
68 75 2 3
68 76 1 10
68 77 8 13
68 78 6 14
68 79 1 2
68 80 1 2
68 81 0 3
68 82 0 3
68 83 4 14
68 84 0 1
68 85 0 2
68 86 0 2
68 87 0 2
68 88 0 2
68 89 0 2
68 90 0 1
68 91 0 2
68 92 0 3
68 93 0 3
68 94 0 2
68 95 0 2
68 96 0 2
68 97 3 14
68 98 10 14
68 99 3 10
68 100 0 3
69 1 0 3
69 2 0 3
69 3 0 3
69 4 0 2
69 5 0 3
69 6 0 3
69 7 0 2
69 8 0 2
69 9 0 2
69 10 0 2
69 11 0 2
69 12 0 2
69 13 0 2
69 14 0 3
69 15 0 3
69 16 0 3
69 17 0 2
69 18 0 3
69 19 0 2
69 20 0 2
69 21 0 2
69 22 0 3
69 23 0 2
69 24 0 2
69 25 0 2
69 26 0 2
69 27 0 3
69 28 0 2
69 29 0 2
69 30 0 2
69 31 0 2
69 32 0 2
69 33 0 2
69 34 0 2
69 35 0 2
69 36 0 2
69 37 0 2
69 38 0 2
69 39 0 2
69 40 0 2
69 41 0 2
69 42 0 2
69 43 0 2
69 44 0 2
69 45 0 2
69 46 0 2
69 47 0 2
69 48 0 2
69 49 0 2
69 50 0 2
69 51 0 2
69 52 0 2
69 53 0 2
69 54 0 3
69 55 0 2
69 56 0 3
69 57 0 2
69 58 0 2
69 59 0 2
69 60 0 2
69 61 0 2
69 62 0 3
69 63 0 2
69 64 0 2
69 65 0 2
69 66 0 3
69 67 3 12
69 68 3 12
69 69 6 14
69 70 4 11
69 71 0 3
69 72 2 13
69 73 3 10
69 74 1 2
69 75 7 11
69 76 1 10
69 77 5 9
69 78 7 11
69 79 6 10
69 80 7 8
69 81 2 8
69 82 0 2
69 83 0 2
69 84 0 2
69 85 0 2
69 86 0 2
69 87 0 2
69 88 0 2
69 89 4 14
69 90 4 11
69 91 0 3
69 92 0 1
69 93 0 2
69 94 0 2
69 95 5 10
69 96 2 13
69 97 10 12
69 98 3 14
69 99 2 12
69 100 3 11
70 1 3 14
70 2 4 14
70 3 0 3
70 4 0 3
70 5 0 3
70 6 0 2
70 7 0 3
70 8 0 3
70 9 0 2
70 10 0 2
70 11 0 2
70 12 0 2
70 13 0 2
70 14 0 2
70 15 0 2
70 16 0 3
70 17 0 3
70 18 0 3
70 19 0 2
70 20 0 3
70 21 0 2
70 22 0 2
70 23 0 2
70 24 0 3
70 25 0 2
70 26 0 2
70 27 0 2
70 28 0 2
70 29 0 3
70 30 0 2
70 31 0 2
70 32 0 2
70 33 0 2
70 34 0 2
70 35 0 2
70 36 0 2
70 37 0 2
70 38 0 2
70 39 0 2
70 40 0 2
70 41 0 2
70 42 0 2
70 43 0 2
70 44 0 2
70 45 0 3
70 46 0 2
70 47 0 2
70 48 0 2
70 49 0 2
70 50 0 2
70 51 0 2
70 52 1 3
70 53 0 3
70 54 0 2
70 55 0 2
70 56 0 2
70 57 0 2
70 58 0 3
70 59 0 2
70 60 0 2
70 61 0 3
70 62 0 2
70 63 0 2
70 64 0 2
70 65 0 3
70 66 0 3
70 67 0 2
70 68 0 3
70 69 0 2
70 70 0 2
70 71 0 2
70 72 1 3
70 73 0 2
70 74 3 11
70 75 3 11
70 76 4 11
70 77 2 10
70 78 4 13
70 79 3 13
70 80 7 13
70 81 2 10
70 82 0 2
70 83 5 14
70 84 7 13
70 85 5 13
70 86 0 2
70 87 0 2
70 88 0 2
70 89 0 2
70 90 0 2
70 91 0 2
70 92 0 2
70 93 2 14
70 94 5 13
70 95 1 9
70 96 5 10
70 97 5 13
70 98 0 2
70 99 1 10
70 100 0 2
71 1 0 3
71 2 3 14
71 3 0 3
71 4 0 3
71 5 0 3
71 6 0 2
71 7 0 3
71 8 0 3
71 9 0 2
71 10 0 2
71 11 0 2
71 12 0 2
71 13 0 2
71 14 0 2
71 15 0 2
71 16 0 3
71 17 0 3
71 18 0 3
71 19 0 2
71 20 0 3
71 21 0 2
71 22 0 2
71 23 0 2
71 24 0 3
71 25 0 2
71 26 0 2
71 27 0 2
71 28 0 2
71 29 0 3
71 30 0 2
71 31 1 3
71 32 0 3
71 33 0 2
71 34 0 2
71 35 0 2
71 36 0 2
71 37 0 2
71 38 0 2
71 39 0 2
71 40 0 2
71 41 0 3
71 42 0 2
71 43 0 2
71 44 0 2
71 45 0 2
71 46 0 2
71 47 0 3
71 48 0 2
71 49 0 2
71 50 0 3
71 51 0 3
71 52 0 2
71 53 0 2
71 54 0 2
71 55 0 2
71 56 0 2
71 57 0 2
71 58 0 2
71 59 0 2
71 60 4 12
71 61 6 14
71 62 4 13
71 63 3 11
71 64 3 11
71 65 7 15
71 66 1 3
71 67 5 11
71 68 4 12
71 69 6 13
71 70 7 15
71 71 4 14
71 72 0 2
71 73 1 3
71 74 4 14
71 75 4 14
71 76 6 10
71 77 0 2
71 78 0 3
71 79 0 2
71 80 0 2
71 81 0 2
71 82 0 2
71 83 0 2
71 84 2 9
71 85 3 13
71 86 0 3
71 87 4 8
71 88 0 2
71 89 0 2
71 90 0 3
71 91 0 2
71 92 0 2
71 93 5 12
71 94 4 11
71 95 3 14
71 96 5 12
71 97 1 7
71 98 5 15
71 99 0 3
71 100 4 12
72 1 0 3
72 2 0 3
72 3 0 3
72 4 3 14
72 5 0 3
72 6 0 3
72 7 0 3
72 8 0 2
72 9 0 3
72 10 0 3
72 11 0 2
72 12 0 2
72 13 0 2
72 14 0 2
72 15 0 2
72 16 0 2
72 17 0 2
72 18 0 3
72 19 0 3
72 20 0 3
72 21 0 2
72 22 0 3
72 23 0 2
72 24 0 2
72 25 0 2
72 26 0 3
72 27 0 2
72 28 0 2
72 29 0 2
72 30 0 2
72 31 0 3
72 32 0 2
72 33 0 2
72 34 0 3
72 35 0 3
72 36 0 3
72 37 0 2
72 38 0 2
72 39 0 2
72 40 0 2
72 41 0 3
72 42 0 3
72 43 0 2
72 44 0 2
72 45 0 2
72 46 0 2
72 47 0 2
72 48 0 3
72 49 0 2
72 50 0 2
72 51 0 2
72 52 0 3
72 53 0 2
72 54 0 2
72 55 0 2
72 56 0 3
72 57 0 2
72 58 0 2
72 59 0 3
72 60 0 2
72 61 0 2
72 62 0 2
72 63 0 2
72 64 0 2
72 65 0 3
72 66 0 3
72 67 0 2
72 68 0 2
72 69 0 2
72 70 0 3
72 71 0 3
72 72 8 12
72 73 3 14
72 74 2 13
72 75 0 2
72 76 1 11
72 77 5 11
72 78 6 11
72 79 1 5
72 80 4 10
72 81 5 11
72 82 2 12
72 83 3 6
72 84 5 15
72 85 0 3
72 86 0 1
72 87 0 2
72 88 0 2
72 89 0 2
72 90 0 2
72 91 0 2
72 92 4 9
72 93 2 10
72 94 0 3
72 95 0 2
72 96 5 15
72 97 3 13
72 98 3 8
72 99 5 11
72 100 0 2
73 1 2 11
73 2 1 4
73 3 3 14
73 4 0 3
73 5 0 3
73 6 0 3
73 7 0 3
73 8 0 3
73 9 0 3
73 10 0 3
73 11 0 3
73 12 0 3
73 13 0 3
73 14 0 2
73 15 0 3
73 16 0 3
73 17 0 2
73 18 0 2
73 19 0 2
73 20 0 2
73 21 0 2
73 22 0 2
73 23 0 2
73 24 0 3
73 25 0 3
73 26 0 3
73 27 0 2
73 28 0 3
73 29 0 2
73 30 0 2
73 31 0 2
73 32 0 3
73 33 0 2
73 34 0 2
73 35 0 2
73 36 0 2
73 37 0 2
73 38 0 2
73 39 0 2
73 40 0 2
73 41 0 2
73 42 0 2
73 43 0 3
73 44 0 2
73 45 0 2
73 46 0 2
73 47 0 2
73 48 0 2
73 49 0 2
73 50 0 2
73 51 0 3
73 52 0 3
73 53 0 3
73 54 0 2
73 55 0 2
73 56 0 3
73 57 0 2
73 58 0 2
73 59 0 2
73 60 0 2
73 61 0 2
73 62 0 2
73 63 0 3
73 64 0 3
73 65 0 2
73 66 0 2
73 67 0 3
73 68 0 2
73 69 0 2
73 70 0 2
73 71 0 2
73 72 0 2
73 73 0 3
73 74 0 2
73 75 2 8
73 76 4 11
73 77 4 11
73 78 6 11
73 79 1 11
73 80 4 15
73 81 5 12
73 82 0 2
73 83 3 8
73 84 1 4
73 85 5 13
73 86 4 11
73 87 3 12
73 88 3 15
73 89 0 3
73 90 0 2
73 91 0 2
73 92 0 2
73 93 0 2
73 94 0 2
73 95 0 2
73 96 4 12
73 97 8 13
73 98 5 12
73 99 1 6
73 100 0 2
74 1 0 3
74 2 0 3
74 3 0 3
74 4 0 2
74 5 0 3
74 6 0 3
74 7 0 2
74 8 0 2
74 9 0 2
74 10 0 2
74 11 0 2
74 12 0 2
74 13 0 2
74 14 0 3
74 15 0 3
74 16 0 3
74 17 0 2
74 18 0 3
74 19 0 2
74 20 0 2
74 21 0 2
74 22 0 2
74 23 0 2
74 24 0 3
74 25 0 2
74 26 0 2
74 27 0 2
74 28 0 2
74 29 0 2
74 30 0 2
74 31 0 2
74 32 0 3
74 33 0 2
74 34 0 3
74 35 0 4
74 36 0 2
74 37 0 2
74 38 0 2
74 39 0 2
74 40 0 2
74 41 0 2
74 42 0 2
74 43 0 3
74 44 0 2
74 45 0 2
74 46 0 3
74 47 0 2
74 48 0 2
74 49 0 3
74 50 0 2
74 51 0 3
74 52 0 3
74 53 0 2
74 54 0 2
74 55 0 2
74 56 0 2
74 57 0 2
74 58 0 2
74 59 0 2
74 60 0 3
74 61 0 3
74 62 0 3
74 63 0 3
74 64 0 3
74 65 0 3
74 66 0 3
74 67 0 3
74 68 0 3
74 69 0 3
74 70 1 4
74 71 8 14
74 72 1 4
74 73 3 9
74 74 2 13
74 75 4 11
74 76 3 14
74 77 3 12
74 78 6 13
74 79 13 15
74 80 0 2
74 81 2 11
74 82 5 12
74 83 7 11
74 84 9 13
74 85 2 10
74 86 1 7
74 87 8 11
74 88 1 8
74 89 3 11
74 90 0 1
74 91 0 2
74 92 0 2
74 93 0 1
74 94 0 2
74 95 0 2
74 96 1 13
74 97 3 11
74 98 6 12
74 99 3 10
74 100 4 10
75 1 0 3
75 2 2 12
75 3 0 3
75 4 0 3
75 5 0 3
75 6 0 2
75 7 0 3
75 8 0 3
75 9 0 2
75 10 0 2
75 11 0 2
75 12 0 2
75 13 0 2
75 14 0 2
75 15 0 2
75 16 0 3
75 17 0 3
75 18 0 3
75 19 0 2
75 20 0 3
75 21 0 2
75 22 0 2
75 23 0 2
75 24 0 2
75 25 0 2
75 26 0 3
75 27 0 2
75 28 0 2
75 29 0 2
75 30 0 2
75 31 0 2
75 32 0 2
75 33 0 2
75 34 0 2
75 35 0 3
75 36 0 2
75 37 0 3
75 38 0 2
75 39 0 2
75 40 0 3
75 41 0 3
75 42 0 2
75 43 0 2
75 44 0 2
75 45 0 2
75 46 0 2
75 47 0 2
75 48 0 2
75 49 0 2
75 50 0 2
75 51 0 2
75 52 3 9
75 53 0 3
75 54 0 2
75 55 0 3
75 56 0 2
75 57 0 2
75 58 0 2
75 59 0 3
75 60 0 3
75 61 0 2
75 62 0 2
75 63 1 4
75 64 5 13
75 65 5 15
75 66 3 12
75 67 2 12
75 68 4 13
75 69 3 12
75 70 6 10
75 71 4 12
75 72 5 12
75 73 5 12
75 74 4 12
75 75 7 15
75 76 5 13
75 77 4 10
75 78 4 11
75 79 8 13
75 80 3 12
75 81 8 13
75 82 2 4
75 83 4 10
75 84 1 6
75 85 0 2
75 86 0 1
75 87 0 2
75 88 0 1
75 89 0 5
75 90 1 4
75 91 0 2
75 92 0 2
75 93 0 2
75 94 0 2
75 95 0 2
75 96 0 2
75 97 8 13
75 98 4 10
75 99 5 12
75 100 2 12
76 1 2 12
76 2 0 3
76 3 0 3
76 4 0 3
76 5 0 2
76 6 0 3
76 7 0 3
76 8 0 2
76 9 0 2
76 10 0 2
76 11 0 2
76 12 0 2
76 13 0 2
76 14 0 2
76 15 0 3
76 16 0 3
76 17 0 3
76 18 0 2
76 19 0 3
76 20 0 2
76 21 0 2
76 22 0 2
76 23 0 2
76 24 0 2
76 25 0 3
76 26 0 2
76 27 0 2
76 28 0 2
76 29 0 2
76 30 0 2
76 31 0 2
76 32 0 2
76 33 0 2
76 34 0 2
76 35 0 2
76 36 0 2
76 37 0 2
76 38 0 2
76 39 0 3
76 40 0 2
76 41 0 2
76 42 0 3
76 43 0 3
76 44 0 2
76 45 0 3
76 46 0 2
76 47 0 2
76 48 0 2
76 49 0 2
76 50 0 3
76 51 0 2
76 52 0 3
76 53 0 2
76 54 0 2
76 55 0 2
76 56 0 3
76 57 0 2
76 58 0 2
76 59 0 2
76 60 0 2
76 61 0 2
76 62 0 2
76 63 0 2
76 64 0 3
76 65 0 2
76 66 0 3
76 67 0 2
76 68 2 12
76 69 1 4
76 70 3 10
76 71 0 3
76 72 0 3
76 73 0 3
76 74 2 13
76 75 4 6
76 76 3 12
76 77 0 3
76 78 5 12
76 79 4 9
76 80 4 11
76 81 4 15
76 82 5 11
76 83 4 11
76 84 6 11
76 85 6 11
76 86 2 6
76 87 3 12
76 88 1 3
76 89 3 11
76 90 6 11
76 91 0 1
76 92 0 1
76 93 0 1
76 94 0 2
76 95 0 2
76 96 3 12
76 97 1 2
76 98 0 2
76 99 0 2
76 100 0 2
77 1 0 3
77 2 0 3
77 3 0 3
77 4 2 12
77 5 0 3
77 6 0 3
77 7 0 3
77 8 0 2
77 9 0 3
77 10 0 3
77 11 0 2
77 12 0 2
77 13 0 2
77 14 0 2
77 15 0 2
77 16 0 2
77 17 0 2
77 18 0 3
77 19 0 3
77 20 0 3
77 21 0 2
77 22 0 3
77 23 0 2
77 24 0 2
77 25 0 2
77 26 0 2
77 27 0 2
77 28 0 3
77 29 0 2
77 30 0 2
77 31 0 2
77 32 0 2
77 33 0 2
77 34 0 2
77 35 0 2
77 36 0 2
77 37 0 3
77 38 0 3
77 39 0 2
77 40 0 2
77 41 0 2
77 42 0 2
77 43 0 2
77 44 0 2
77 45 0 2
77 46 0 2
77 47 0 2
77 48 0 3
77 49 0 2
77 50 0 2
77 51 0 2
77 52 0 2
77 53 0 2
77 54 0 2
77 55 0 3
77 56 0 3
77 57 0 3
77 58 0 2
77 59 0 3
77 60 0 2
77 61 0 2
77 62 0 2
77 63 0 2
77 64 0 2
77 65 0 2
77 66 0 2
77 67 0 2
77 68 0 2
77 69 0 2
77 70 0 3
77 71 4 8
77 72 5 11
77 73 0 3
77 74 3 14
77 75 0 5
77 76 6 11
77 77 1 10
77 78 4 12
77 79 1 5
77 80 4 10
77 81 6 14
77 82 2 3
77 83 3 5
77 84 5 9
77 85 2 14
77 86 3 14
77 87 4 13
77 88 7 12
77 89 0 2
77 90 0 1
77 91 0 2
77 92 0 2
77 93 3 8
77 94 0 2
77 95 6 11
77 96 0 2
77 97 0 2
77 98 0 2
77 99 4 13
77 100 3 13
78 1 0 3
78 2 0 3
78 3 0 3
78 4 0 2
78 5 0 3
78 6 0 3
78 7 0 2
78 8 0 2
78 9 0 2
78 10 0 2
78 11 0 2
78 12 0 2
78 13 0 2
78 14 0 3
78 15 0 3
78 16 0 3
78 17 0 2
78 18 0 3
78 19 0 2
78 20 0 2
78 21 0 2
78 22 0 2
78 23 0 2
78 24 0 3
78 25 0 2
78 26 0 2
78 27 0 3
78 28 0 2
78 29 0 2
78 30 0 2
78 31 0 2
78 32 0 2
78 33 0 2
78 34 0 2
78 35 0 2
78 36 0 2
78 37 0 3
78 38 0 2
78 39 0 2
78 40 0 2
78 41 0 3
78 42 0 2
78 43 0 2
78 44 0 2
78 45 0 2
78 46 0 2
78 47 0 2
78 48 0 2
78 49 0 2
78 50 0 2
78 51 0 2
78 52 0 2
78 53 0 2
78 54 0 3
78 55 0 3
78 56 3 10
78 57 0 2
78 58 0 2
78 59 0 2
78 60 0 2
78 61 0 2
78 62 0 2
78 63 0 2
78 64 0 3
78 65 2 12
78 66 0 3
78 67 0 3
78 68 0 3
78 69 0 3
78 70 0 3
78 71 4 12
78 72 2 9
78 73 3 13
78 74 5 12
78 75 4 11
78 76 1 5
78 77 6 13
78 78 0 2
78 79 4 9
78 80 10 10
78 81 4 10
78 82 6 11
78 83 1 3
78 84 0 1
78 85 1 3
78 86 2 5
78 87 0 2
78 88 0 2
78 89 3 5
78 90 4 12
78 91 0 2
78 92 2 10
78 93 0 3
78 94 0 2
78 95 0 2
78 96 0 3
78 97 3 12
78 98 4 12
78 99 3 13
78 100 5 12
79 1 0 3
79 2 0 3
79 3 0 3
79 4 0 3
79 5 0 2
79 6 0 3
79 7 0 3
79 8 0 2
79 9 0 2
79 10 0 2
79 11 0 2
79 12 0 2
79 13 0 2
79 14 0 2
79 15 0 3
79 16 0 3
79 17 0 3
79 18 0 2
79 19 0 3
79 20 0 2
79 21 0 2
79 22 0 2
79 23 0 2
79 24 0 2
79 25 0 3
79 26 0 2
79 27 0 2
79 28 0 3
79 29 0 2
79 30 0 2
79 31 0 2
79 32 0 2
79 33 0 2
79 34 0 2
79 35 0 2
79 36 0 2
79 37 0 2
79 38 0 3
79 39 0 3
79 40 0 2
79 41 0 2
79 42 0 3
79 43 0 2
79 44 0 2
79 45 0 3
79 46 0 2
79 47 0 2
79 48 0 2
79 49 0 3
79 50 0 2
79 51 0 3
79 52 0 2
79 53 0 3
79 54 0 2
79 55 0 2
79 56 0 2
79 57 0 2
79 58 0 2
79 59 0 2
79 60 0 2
79 61 0 3
79 62 0 2
79 63 0 3
79 64 0 2
79 65 0 2
79 66 0 2
79 67 0 2
79 68 0 2
79 69 0 3
79 70 0 2
79 71 0 2
79 72 0 3
79 73 0 2
79 74 0 2
79 75 3 14
79 76 4 11
79 77 4 12
79 78 5 11
79 79 6 14
79 80 0 2
79 81 4 12
79 82 5 13
79 83 4 12
79 84 2 11
79 85 3 9
79 86 1 11
79 87 5 9
79 88 0 1
79 89 0 2
79 90 0 2
79 91 1 3
79 92 0 2
79 93 0 3
79 94 0 3
79 95 1 4
79 96 0 3
79 97 0 2
79 98 5 14
79 99 5 13
79 100 7 11
80 1 0 3
80 2 0 3
80 3 0 3
80 4 0 2
80 5 0 3
80 6 0 3
80 7 0 2
80 8 0 2
80 9 0 2
80 10 0 2
80 11 0 2
80 12 0 2
80 13 0 2
80 14 0 3
80 15 0 3
80 16 0 3
80 17 0 2
80 18 0 3
80 19 0 2
80 20 0 2
80 21 0 2
80 22 0 2
80 23 0 2
80 24 0 3
80 25 0 2
80 26 0 2
80 27 0 3
80 28 0 2
80 29 0 2
80 30 0 3
80 31 0 2
80 32 0 2
80 33 0 2
80 34 0 2
80 35 0 2
80 36 0 2
80 37 0 2
80 38 0 2
80 39 0 2
80 40 0 2
80 41 0 2
80 42 0 2
80 43 0 2
80 44 0 2
80 45 0 2
80 46 0 2
80 47 0 2
80 48 0 2
80 49 0 2
80 50 0 2
80 51 0 2
80 52 0 2
80 53 0 2
80 54 0 2
80 55 0 3
80 56 0 2
80 57 0 2
80 58 0 2
80 59 0 2
80 60 0 2
80 61 0 2
80 62 0 3
80 63 0 3
80 64 1 3
80 65 0 2
80 66 0 2
80 67 0 2
80 68 0 2
80 69 0 3
80 70 0 2
80 71 0 2
80 72 0 2
80 73 0 2
80 74 0 3
80 75 0 3
80 76 0 3
80 77 6 11
80 78 3 12
80 79 0 2
80 80 0 2
80 81 10 11
80 82 6 10
80 83 3 13
80 84 6 12
80 85 1 6
80 86 5 12
80 87 5 10
80 88 7 13
80 89 3 10
80 90 3 11
80 91 4 8
80 92 0 2
80 93 0 3
80 94 0 3
80 95 0 2
80 96 0 2
80 97 0 3
80 98 5 14
80 99 3 11
80 100 4 12
81 1 9 13
81 2 6 13
81 3 0 2
81 4 0 2
81 5 0 2
81 6 5 11
81 7 0 3
81 8 0 3
81 9 0 3
81 10 0 2
81 11 0 3
81 12 0 3
81 13 0 2
81 14 0 2
81 15 0 2
81 16 0 2
81 17 0 2
81 18 0 2
81 19 0 2
81 20 0 3
81 21 0 3
81 22 0 3
81 23 0 2
81 24 0 3
81 25 0 2
81 26 0 2
81 27 0 2
81 28 0 2
81 29 0 2
81 30 0 3
81 31 0 2
81 32 0 2
81 33 0 3
81 34 0 2
81 35 0 2
81 36 0 3
81 37 0 2
81 38 0 3
81 39 0 2
81 40 0 2
81 41 0 2
81 42 0 2
81 43 0 2
81 44 0 2
81 45 0 2
81 46 0 2
81 47 0 2
81 48 0 2
81 49 0 3
81 50 0 2
81 51 0 2
81 52 0 2
81 53 0 2
81 54 0 2
81 55 0 2
81 56 0 2
81 57 0 2
81 58 0 2
81 59 0 2
81 60 0 3
81 61 0 3
81 62 0 2
81 63 0 2
81 64 0 2
81 65 0 2
81 66 1 3
81 67 0 2
81 68 1 3
81 69 0 2
81 70 0 3
81 71 0 2
81 72 0 2
81 73 0 2
81 74 1 3
81 75 0 2
81 76 1 2
81 77 1 4
81 78 6 13
81 79 0 3
81 80 0 3
81 81 6 11
81 82 5 14
81 83 5 11
81 84 3 9
81 85 8 13
81 86 0 2
81 87 0 2
81 88 0 2
81 89 0 2
81 90 6 11
81 91 5 13
81 92 0 3
81 93 0 3
81 94 1 3
81 95 2 10
81 96 8 14
81 97 5 8
81 98 5 13
81 99 8 13
81 100 3 11
82 1 0 3
82 2 0 3
82 3 0 3
82 4 0 2
82 5 0 3
82 6 0 3
82 7 0 2
82 8 0 2
82 9 0 2
82 10 0 2
82 11 0 2
82 12 0 2
82 13 0 2
82 14 0 3
82 15 0 3
82 16 0 3
82 17 0 2
82 18 0 3
82 19 0 2
82 20 0 2
82 21 0 2
82 22 0 2
82 23 0 2
82 24 0 3
82 25 0 2
82 26 0 2
82 27 0 2
82 28 0 2
82 29 0 2
82 30 0 2
82 31 0 2
82 32 1 3
82 33 8 12
82 34 0 2
82 35 0 2
82 36 1 3
82 37 0 2
82 38 0 2
82 39 0 2
82 40 0 3
82 41 0 3
82 42 0 2
82 43 0 2
82 44 0 2
82 45 1 3
82 46 0 3
82 47 0 3
82 48 0 2
82 49 0 2
82 50 0 2
82 51 0 3
82 52 0 2
82 53 0 2
82 54 0 2
82 55 0 2
82 56 0 2
82 57 0 2
82 58 0 3
82 59 0 2
82 60 0 2
82 61 0 2
82 62 0 2
82 63 0 3
82 64 0 2
82 65 0 2
82 66 0 2
82 67 0 2
82 68 0 2
82 69 0 3
82 70 6 13
82 71 0 3
82 72 0 3
82 73 0 3
82 74 0 3
82 75 0 2
82 76 0 2
82 77 0 2
82 78 1 3
82 79 0 2
82 80 6 14
82 81 5 11
82 82 9 13
82 83 4 14
82 84 3 11
82 85 4 11
82 86 1 2
82 87 2 8
82 88 1 10
82 89 4 12
82 90 0 2
82 91 0 2
82 92 1 10
82 93 0 1
82 94 0 2
82 95 0 2
82 96 0 2
82 97 0 3
82 98 0 2
82 99 1 3
82 100 8 14
83 1 0 3
83 2 0 3
83 3 0 3
83 4 0 2
83 5 0 3
83 6 0 3
83 7 0 2
83 8 0 2
83 9 0 2
83 10 0 2
83 11 0 2
83 12 0 2
83 13 0 2
83 14 0 3
83 15 0 3
83 16 0 3
83 17 0 2
83 18 0 3
83 19 0 2
83 20 0 2
83 21 0 2
83 22 0 2
83 23 0 2
83 24 0 3
83 25 0 2
83 26 0 2
83 27 0 2
83 28 0 2
83 29 0 2
83 30 0 2
83 31 0 2
83 32 0 3
83 33 0 2
83 34 0 3
83 35 0 3
83 36 0 3
83 37 0 2
83 38 0 3
83 39 0 2
83 40 0 3
83 41 0 2
83 42 0 2
83 43 0 2
83 44 0 2
83 45 0 2
83 46 0 3
83 47 0 2
83 48 0 2
83 49 0 3
83 50 0 2
83 51 0 2
83 52 0 2
83 53 0 2
83 54 0 3
83 55 0 3
83 56 0 2
83 57 0 2
83 58 0 2
83 59 1 3
83 60 0 2
83 61 0 2
83 62 0 3
83 63 0 2
83 64 0 2
83 65 0 2
83 66 0 3
83 67 0 2
83 68 0 2
83 69 0 2
83 70 0 2
83 71 4 12
83 72 1 3
83 73 4 11
83 74 0 2
83 75 2 6
83 76 1 3
83 77 1 2
83 78 1 5
83 79 2 12
83 80 3 10
83 81 4 12
83 82 4 13
83 83 4 9
83 84 0 2
83 85 0 2
83 86 0 2
83 87 0 2
83 88 0 1
83 89 0 2
83 90 0 2
83 91 0 2
83 92 0 2
83 93 2 14
83 94 2 12
83 95 0 2
83 96 0 2
83 97 2 11
83 98 4 13
83 99 4 14
83 100 6 13
84 1 0 3
84 2 0 3
84 3 0 3
84 4 0 3
84 5 0 2
84 6 0 3
84 7 0 3
84 8 0 2
84 9 0 2
84 10 0 2
84 11 0 2
84 12 0 2
84 13 0 2
84 14 0 2
84 15 0 3
84 16 0 3
84 17 0 3
84 18 0 2
84 19 0 3
84 20 0 2
84 21 0 2
84 22 0 2
84 23 0 2
84 24 0 2
84 25 0 3
84 26 0 2
84 27 0 2
84 28 0 2
84 29 0 2
84 30 0 2
84 31 0 2
84 32 0 2
84 33 0 3
84 34 0 2
84 35 0 3
84 36 0 2
84 37 0 2
84 38 0 2
84 39 0 2
84 40 0 2
84 41 0 2
84 42 0 2
84 43 0 2
84 44 0 2
84 45 0 2
84 46 0 2
84 47 1 3
84 48 0 2
84 49 0 2
84 50 0 2
84 51 0 2
84 52 0 2
84 53 0 2
84 54 0 3
84 55 0 2
84 56 0 2
84 57 0 3
84 58 0 3
84 59 0 2
84 60 0 2
84 61 0 2
84 62 0 2
84 63 0 2
84 64 0 2
84 65 0 3
84 66 0 3
84 67 0 3
84 68 7 10
84 69 3 10
84 70 4 11
84 71 5 13
84 72 5 15
84 73 5 10
84 74 1 3
84 75 1 3
84 76 1 2
84 77 5 12
84 78 5 10
84 79 6 12
84 80 1 3
84 81 2 9
84 82 0 1
84 83 0 2
84 84 0 2
84 85 0 1
84 86 0 2
84 87 0 2
84 88 0 2
84 89 0 2
84 90 4 14
84 91 0 1
84 92 0 2
84 93 0 2
84 94 2 7
84 95 8 15
84 96 3 11
84 97 10 14
84 98 3 13
84 99 5 12
84 100 2 11
85 1 0 3
85 2 0 3
85 3 0 3
85 4 0 2
85 5 0 3
85 6 0 3
85 7 0 2
85 8 0 2
85 9 0 2
85 10 0 2
85 11 0 2
85 12 0 2
85 13 0 2
85 14 0 3
85 15 0 3
85 16 0 3
85 17 0 2
85 18 0 3
85 19 0 2
85 20 0 2
85 21 0 2
85 22 0 2
85 23 0 2
85 24 0 3
85 25 0 2
85 26 0 2
85 27 0 2
85 28 0 2
85 29 0 2
85 30 0 3
85 31 0 2
85 32 0 2
85 33 3 10
85 34 0 2
85 35 4 11
85 36 0 2
85 37 0 2
85 38 0 2
85 39 0 2
85 40 0 2
85 41 0 3
85 42 0 2
85 43 0 2
85 44 0 2
85 45 0 2
85 46 0 2
85 47 0 2
85 48 0 2
85 49 0 3
85 50 0 2
85 51 0 2
85 52 0 2
85 53 0 2
85 54 0 2
85 55 0 2
85 56 0 2
85 57 0 2
85 58 0 2
85 59 4 15
85 60 0 2
85 61 0 2
85 62 0 2
85 63 0 2
85 64 0 2
85 65 0 3
85 66 0 2
85 67 0 2
85 68 0 3
85 69 0 2
85 70 0 2
85 71 0 3
85 72 0 3
85 73 0 3
85 74 0 3
85 75 3 11
85 76 4 11
85 77 4 12
85 78 5 13
85 79 4 11
85 80 6 13
85 81 5 11
85 82 7 8
85 83 3 12
85 84 6 12
85 85 1 2
85 86 1 2
85 87 1 3
85 88 8 11
85 89 0 1
85 90 0 1
85 91 0 2
85 92 4 10
85 93 0 2
85 94 1 2
85 95 1 3
85 96 0 2
85 97 0 2
85 98 0 2
85 99 0 1
85 100 0 2
86 1 8 13
86 2 3 9
86 3 1 4
86 4 0 3
86 5 0 3
86 6 0 3
86 7 0 3
86 8 0 3
86 9 0 3
86 10 0 3
86 11 0 2
86 12 0 3
86 13 0 3
86 14 0 2
86 15 0 2
86 16 0 2
86 17 0 2
86 18 0 2
86 19 0 2
86 20 0 2
86 21 0 3
86 22 0 3
86 23 0 3
86 24 0 2
86 25 0 3
86 26 0 2
86 27 0 2
86 28 0 2
86 29 0 2
86 30 0 2
86 31 0 3
86 32 0 2
86 33 0 2
86 34 0 2
86 35 0 2
86 36 0 2
86 37 0 3
86 38 0 2
86 39 0 2
86 40 1 3
86 41 0 2
86 42 0 2
86 43 0 2
86 44 0 3
86 45 0 3
86 46 0 2
86 47 0 2
86 48 0 2
86 49 0 2
86 50 0 3
86 51 0 2
86 52 0 2
86 53 0 3
86 54 0 2
86 55 0 3
86 56 0 2
86 57 0 3
86 58 0 2
86 59 1 3
86 60 0 3
86 61 0 2
86 62 0 2
86 63 0 2
86 64 0 2
86 65 0 2
86 66 0 2
86 67 0 2
86 68 0 2
86 69 0 2
86 70 0 2
86 71 0 3
86 72 0 2
86 73 0 2
86 74 0 3
86 75 0 2
86 76 0 2
86 77 1 2
86 78 5 13
86 79 0 2
86 80 8 15
86 81 3 13
86 82 2 3
86 83 5 10
86 84 1 11
86 85 3 13
86 86 2 10
86 87 4 13
86 88 0 2
86 89 1 2
86 90 0 1
86 91 0 2
86 92 0 1
86 93 0 1
86 94 0 2
86 95 0 2
86 96 0 2
86 97 4 10
86 98 0 2
86 99 4 11
86 100 3 14
87 1 4 11
87 2 5 12
87 3 0 3
87 4 0 3
87 5 0 3
87 6 0 3
87 7 4 9
87 8 3 13
87 9 0 3
87 10 0 3
87 11 0 3
87 12 0 2
87 13 0 3
87 14 0 3
87 15 0 2
87 16 0 2
87 17 0 2
87 18 0 2
87 19 0 2
87 20 0 2
87 21 0 2
87 22 0 3
87 23 0 3
87 24 0 3
87 25 0 2
87 26 0 3
87 27 0 2
87 28 0 2
87 29 0 2
87 30 0 2
87 31 0 2
87 32 1 3
87 33 0 2
87 34 0 2
87 35 0 2
87 36 0 2
87 37 0 2
87 38 0 2
87 39 0 2
87 40 0 2
87 41 0 3
87 42 0 2
87 43 0 2
87 44 0 2
87 45 0 3
87 46 0 2
87 47 0 2
87 48 0 2
87 49 0 3
87 50 0 2
87 51 0 2
87 52 0 2
87 53 0 2
87 54 0 3
87 55 0 2
87 56 0 2
87 57 0 3
87 58 0 2
87 59 0 2
87 60 0 2
87 61 0 3
87 62 0 3
87 63 0 2
87 64 0 3
87 65 0 2
87 66 0 2
87 67 0 2
87 68 0 2
87 69 0 2
87 70 0 2
87 71 0 2
87 72 0 2
87 73 0 2
87 74 7 14
87 75 3 9
87 76 2 13
87 77 7 13
87 78 5 11
87 79 3 14
87 80 5 12
87 81 4 12
87 82 0 2
87 83 8 13
87 84 1 4
87 85 6 9
87 86 3 9
87 87 2 3
87 88 1 7
87 89 0 2
87 90 0 3
87 91 0 2
87 92 0 2
87 93 1 2
87 94 0 2
87 95 4 12
87 96 0 2
87 97 0 2
87 98 2 11
87 99 2 11
87 100 3 12
88 1 1 4
88 2 0 3
88 3 0 3
88 4 0 3
88 5 0 3
88 6 0 3
88 7 0 3
88 8 0 3
88 9 0 3
88 10 0 3
88 11 0 3
88 12 0 3
88 13 0 2
88 14 0 3
88 15 0 3
88 16 0 2
88 17 0 2
88 18 0 2
88 19 0 2
88 20 0 2
88 21 0 2
88 22 0 2
88 23 0 3
88 24 0 3
88 25 0 3
88 26 0 2
88 27 0 3
88 28 0 2
88 29 0 2
88 30 0 2
88 31 0 2
88 32 0 2
88 33 0 2
88 34 0 3
88 35 0 2
88 36 0 2
88 37 0 2
88 38 0 3
88 39 0 2
88 40 5 12
88 41 0 2
88 42 0 2
88 43 0 2
88 44 0 3
88 45 0 3
88 46 0 2
88 47 0 2
88 48 0 2
88 49 0 2
88 50 0 2
88 51 0 3
88 52 0 2
88 53 0 2
88 54 0 2
88 55 0 3
88 56 0 3
88 57 0 2
88 58 0 2
88 59 0 2
88 60 0 2
88 61 0 2
88 62 0 2
88 63 0 2
88 64 0 2
88 65 0 2
88 66 0 2
88 67 1 3
88 68 0 2
88 69 0 2
88 70 0 3
88 71 3 13
88 72 4 11
88 73 5 12
88 74 4 11
88 75 3 10
88 76 4 9
88 77 6 9
88 78 5 11
88 79 3 11
88 80 4 11
88 81 2 3
88 82 2 3
88 83 4 11
88 84 6 14
88 85 4 12
88 86 0 3
88 87 0 2
88 88 1 2
88 89 0 2
88 90 0 2
88 91 4 10
88 92 0 2
88 93 0 2
88 94 2 6
88 95 6 11
88 96 2 9
88 97 8 13
88 98 4 10
88 99 3 12
88 100 4 11
89 1 0 3
89 2 0 3
89 3 0 3
89 4 0 2
89 5 0 3
89 6 0 3
89 7 0 2
89 8 0 2
89 9 0 2
89 10 0 2
89 11 0 2
89 12 0 2
89 13 0 2
89 14 0 3
89 15 0 3
89 16 0 3
89 17 0 2
89 18 0 3
89 19 0 2
89 20 0 2
89 21 0 2
89 22 0 2
89 23 0 2
89 24 0 2
89 25 0 2
89 26 0 2
89 27 0 2
89 28 0 3
89 29 0 2
89 30 0 2
89 31 0 2
89 32 0 2
89 33 0 2
89 34 0 2
89 35 0 2
89 36 0 2
89 37 0 3
89 38 0 2
89 39 0 2
89 40 0 2
89 41 0 2
89 42 0 3
89 43 0 2
89 44 0 2
89 45 0 2
89 46 1 4
89 47 0 2
89 48 0 3
89 49 0 2
89 50 0 2
89 51 0 2
89 52 0 2
89 53 0 3
89 54 0 2
89 55 0 2
89 56 7 13
89 57 0 3
89 58 0 3
89 59 0 3
89 60 0 3
89 61 0 3
89 62 0 3
89 63 0 3
89 64 0 3
89 65 0 3
89 66 4 12
89 67 4 11
89 68 6 12
89 69 5 11
89 70 4 13
89 71 5 10
89 72 1 4
89 73 5 14
89 74 1 3
89 75 6 11
89 76 6 11
89 77 3 11
89 78 1 4
89 79 5 12
89 80 0 3
89 81 1 9
89 82 0 4
89 83 0 3
89 84 0 2
89 85 1 4
89 86 0 2
89 87 0 2
89 88 0 2
89 89 0 2
89 90 0 2
89 91 0 2
89 92 0 3
89 93 0 2
89 94 1 2
89 95 4 11
89 96 5 11
89 97 5 14
89 98 7 12
89 99 3 8
89 100 0 3
90 1 0 3
90 2 0 3
90 3 0 3
90 4 0 3
90 5 0 3
90 6 0 3
90 7 0 3
90 8 0 3
90 9 0 3
90 10 0 3
90 11 0 2
90 12 0 3
90 13 0 3
90 14 0 2
90 15 0 2
90 16 0 2
90 17 0 2
90 18 0 2
90 19 0 2
90 20 0 2
90 21 0 3
90 22 0 3
90 23 0 3
90 24 0 2
90 25 0 3
90 26 0 2
90 27 0 2
90 28 0 2
90 29 0 2
90 30 0 2
90 31 0 2
90 32 0 2
90 33 0 2
90 34 0 2
90 35 0 3
90 36 0 2
90 37 0 2
90 38 0 2
90 39 0 2
90 40 0 2
90 41 0 2
90 42 0 2
90 43 0 2
90 44 0 2
90 45 0 2
90 46 0 3
90 47 0 2
90 48 0 2
90 49 0 2
90 50 0 3
90 51 0 2
90 52 0 2
90 53 0 2
90 54 0 3
90 55 0 2
90 56 0 2
90 57 6 14
90 58 0 2
90 59 0 2
90 60 0 3
90 61 0 2
90 62 2 8
90 63 0 2
90 64 0 2
90 65 0 2
90 66 0 2
90 67 0 2
90 68 0 2
90 69 0 2
90 70 0 3
90 71 0 3
90 72 5 12
90 73 2 12
90 74 5 13
90 75 4 12
90 76 4 12
90 77 9 10
90 78 3 12
90 79 3 11
90 80 5 14
90 81 1 2
90 82 4 10
90 83 0 3
90 84 0 3
90 85 2 14
90 86 0 2
90 87 0 3
90 88 0 2
90 89 7 14
90 90 8 14
90 91 4 13
90 92 0 4
90 93 1 11
90 94 0 3
90 95 1 3
90 96 4 10
90 97 1 4
90 98 2 10
90 99 5 12
90 100 0 2
91 1 0 3
91 2 0 3
91 3 0 3
91 4 0 3
91 5 0 3
91 6 0 3
91 7 0 3
91 8 0 3
91 9 0 3
91 10 2 12
91 11 0 3
91 12 5 9
91 13 0 3
91 14 0 3
91 15 0 3
91 16 0 2
91 17 0 3
91 18 0 3
91 19 0 2
91 20 0 2
91 21 0 2
91 22 0 2
91 23 0 2
91 24 0 2
91 25 0 2
91 26 0 3
91 27 0 3
91 28 0 3
91 29 0 2
91 30 0 3
91 31 0 2
91 32 0 2
91 33 0 2
91 34 0 2
91 35 0 2
91 36 0 2
91 37 0 2
91 38 0 2
91 39 0 2
91 40 0 3
91 41 0 2
91 42 0 3
91 43 0 2
91 44 0 3
91 45 0 3
91 46 0 3
91 47 0 3
91 48 0 2
91 49 0 2
91 50 0 3
91 51 0 2
91 52 0 2
91 53 0 2
91 54 0 2
91 55 0 3
91 56 0 3
91 57 0 2
91 58 0 3
91 59 0 2
91 60 0 2
91 61 0 2
91 62 0 3
91 63 0 2
91 64 0 2
91 65 0 2
91 66 0 2
91 67 0 2
91 68 0 2
91 69 0 2
91 70 0 2
91 71 0 3
91 72 0 2
91 73 0 3
91 74 0 2
91 75 0 2
91 76 0 2
91 77 0 3
91 78 4 13
91 79 3 14
91 80 4 14
91 81 2 10
91 82 4 8
91 83 6 13
91 84 5 12
91 85 4 12
91 86 1 3
91 87 3 9
91 88 1 13
91 89 1 3
91 90 0 2
91 91 3 9
91 92 0 2
91 93 0 2
91 94 4 12
91 95 1 4
91 96 5 8
91 97 3 13
91 98 6 11
91 99 1 8
91 100 1 7
92 1 0 3
92 2 1 3
92 3 1 13
92 4 0 2
92 5 3 10
92 6 0 3
92 7 0 3
92 8 0 3
92 9 0 2
92 10 0 3
92 11 0 3
92 12 0 2
92 13 0 2
92 14 0 2
92 15 0 2
92 16 0 2
92 17 0 2
92 18 0 2
92 19 0 3
92 20 0 3
92 21 0 3
92 22 0 2
92 23 0 3
92 24 0 2
92 25 0 2
92 26 0 3
92 27 0 2
92 28 0 2
92 29 1 3
92 30 0 2
92 31 0 2
92 32 0 2
92 33 0 2
92 34 0 3
92 35 0 3
92 36 0 2
92 37 0 2
92 38 0 2
92 39 0 2
92 40 0 2
92 41 0 2
92 42 0 2
92 43 0 2
92 44 0 2
92 45 0 2
92 46 0 2
92 47 0 2
92 48 0 2
92 49 0 2
92 50 0 2
92 51 0 2
92 52 0 3
92 53 0 2
92 54 0 3
92 55 0 2
92 56 0 2
92 57 0 3
92 58 0 2
92 59 0 2
92 60 0 2
92 61 0 2
92 62 0 2
92 63 0 2
92 64 0 2
92 65 0 3
92 66 0 2
92 67 0 2
92 68 0 3
92 69 0 3
92 70 0 3
92 71 0 2
92 72 0 2
92 73 0 3
92 74 0 2
92 75 0 3
92 76 0 2
92 77 0 3
92 78 0 3
92 79 0 3
92 80 0 3
92 81 0 3
92 82 0 3
92 83 0 3
92 84 0 3
92 85 0 3
92 86 0 3
92 87 0 3
92 88 0 3
92 89 2 12
92 90 5 9
92 91 11 14
92 92 0 3
92 93 4 11
92 94 3 11
92 95 4 13
92 96 4 11
92 97 4 14
92 98 0 3
92 99 4 10
92 100 4 8
93 1 0 3
93 2 0 3
93 3 0 3
93 4 0 2
93 5 0 3
93 6 0 3
93 7 0 2
93 8 0 2
93 9 0 2
93 10 0 2
93 11 0 2
93 12 0 2
93 13 0 2
93 14 0 3
93 15 0 3
93 16 0 3
93 17 0 2
93 18 0 3
93 19 0 2
93 20 0 2
93 21 0 3
93 22 0 2
93 23 0 2
93 24 1 3
93 25 0 2
93 26 0 3
93 27 0 2
93 28 0 3
93 29 0 2
93 30 0 2
93 31 0 2
93 32 0 2
93 33 0 2
93 34 0 2
93 35 0 2
93 36 0 3
93 37 0 2
93 38 0 2
93 39 0 2
93 40 0 3
93 41 0 2
93 42 0 3
93 43 0 2
93 44 0 2
93 45 0 2
93 46 0 2
93 47 0 2
93 48 0 2
93 49 0 2
93 50 0 2
93 51 0 2
93 52 0 2
93 53 0 3
93 54 0 2
93 55 0 2
93 56 0 2
93 57 0 2
93 58 0 2
93 59 0 2
93 60 0 2
93 61 0 2
93 62 0 2
93 63 0 2
93 64 0 2
93 65 0 2
93 66 0 3
93 67 0 3
93 68 0 3
93 69 3 12
93 70 5 13
93 71 0 3
93 72 3 10
93 73 1 3
93 74 4 11
93 75 5 11
93 76 0 3
93 77 0 2
93 78 0 2
93 79 2 4
93 80 2 10
93 81 1 13
93 82 3 12
93 83 5 12
93 84 2 11
93 85 3 11
93 86 5 11
93 87 4 12
93 88 2 4
93 89 0 1
93 90 3 8
93 91 3 12
93 92 2 9
93 93 4 14
93 94 0 3
93 95 4 13
93 96 0 2
93 97 0 3
93 98 0 3
93 99 4 13
93 100 3 12
94 1 0 3
94 2 0 3
94 3 0 3
94 4 0 2
94 5 0 3
94 6 0 3
94 7 0 2
94 8 0 2
94 9 0 2
94 10 0 2
94 11 0 2
94 12 0 2
94 13 0 2
94 14 0 3
94 15 0 3
94 16 0 3
94 17 0 2
94 18 0 3
94 19 0 2
94 20 0 2
94 21 0 3
94 22 0 2
94 23 0 2
94 24 1 3
94 25 0 2
94 26 0 3
94 27 0 2
94 28 0 3
94 29 0 2
94 30 0 2
94 31 0 2
94 32 0 2
94 33 0 2
94 34 0 2
94 35 0 2
94 36 0 2
94 37 0 3
94 38 0 2
94 39 0 3
94 40 0 3
94 41 0 2
94 42 0 2
94 43 0 2
94 44 0 3
94 45 0 2
94 46 0 2
94 47 0 3
94 48 0 2
94 49 0 2
94 50 1 3
94 51 0 2
94 52 0 2
94 53 0 2
94 54 0 3
94 55 0 2
94 56 0 3
94 57 0 3
94 58 0 2
94 59 0 2
94 60 0 2
94 61 0 3
94 62 0 2
94 63 0 2
94 64 0 3
94 65 0 2
94 66 0 2
94 67 0 3
94 68 0 2
94 69 0 3
94 70 0 3
94 71 4 14
94 72 1 3
94 73 2 12
94 74 5 13
94 75 3 11
94 76 4 10
94 77 6 10
94 78 5 14
94 79 3 8
94 80 4 9
94 81 2 12
94 82 2 12
94 83 4 13
94 84 4 10
94 85 5 14
94 86 5 10
94 87 0 1
94 88 0 1
94 89 0 3
94 90 0 3
94 91 0 4
94 92 0 3
94 93 3 11
94 94 0 2
94 95 0 3
94 96 0 2
94 97 0 2
94 98 2 10
94 99 1 4
94 100 13 12
95 1 4 11
95 2 4 10
95 3 0 3
95 4 0 3
95 5 0 3
95 6 0 2
95 7 0 3
95 8 0 3
95 9 0 2
95 10 0 2
95 11 0 2
95 12 0 2
95 13 0 2
95 14 0 2
95 15 0 2
95 16 0 3
95 17 0 3
95 18 0 3
95 19 0 2
95 20 0 3
95 21 0 2
95 22 0 2
95 23 0 3
95 24 0 2
95 25 0 2
95 26 1 3
95 27 0 2
95 28 0 3
95 29 0 2
95 30 0 3
95 31 0 2
95 32 0 2
95 33 0 3
95 34 0 2
95 35 0 3
95 36 0 2
95 37 0 3
95 38 0 2
95 39 0 3
95 40 0 3
95 41 0 2
95 42 0 2
95 43 0 2
95 44 0 3
95 45 0 2
95 46 0 2
95 47 0 2
95 48 0 3
95 49 0 2
95 50 0 2
95 51 0 3
95 52 0 2
95 53 0 2
95 54 0 2
95 55 0 2
95 56 0 2
95 57 0 2
95 58 0 3
95 59 0 2
95 60 0 2
95 61 0 2
95 62 0 3
95 63 0 2
95 64 0 2
95 65 0 3
95 66 0 2
95 67 0 3
95 68 0 2
95 69 0 2
95 70 0 3
95 71 0 3
95 72 0 2
95 73 0 3
95 74 0 2
95 75 0 2
95 76 3 12
95 77 5 10
95 78 0 3
95 79 0 3
95 80 6 14
95 81 4 13
95 82 5 10
95 83 8 14
95 84 2 13
95 85 0 3
95 86 1 2
95 87 0 2
95 88 0 1
95 89 0 1
95 90 0 2
95 91 0 3
95 92 0 3
95 93 0 3
95 94 4 11
95 95 0 2
95 96 0 2
95 97 0 2
95 98 0 2
95 99 5 10
95 100 2 6
96 1 5 13
96 2 0 3
96 3 0 3
96 4 0 3
96 5 0 2
96 6 0 3
96 7 0 3
96 8 0 2
96 9 0 2
96 10 0 2
96 11 0 2
96 12 0 2
96 13 0 2
96 14 0 2
96 15 0 3
96 16 0 3
96 17 0 3
96 18 0 2
96 19 0 3
96 20 0 2
96 21 0 2
96 22 0 3
96 23 0 2
96 24 0 2
96 25 1 3
96 26 0 2
96 27 0 3
96 28 0 2
96 29 0 3
96 30 0 3
96 31 0 2
96 32 0 2
96 33 0 2
96 34 0 2
96 35 0 3
96 36 0 3
96 37 0 2
96 38 0 3
96 39 0 2
96 40 0 2
96 41 0 3
96 42 0 2
96 43 0 2
96 44 0 3
96 45 0 3
96 46 0 2
96 47 0 2
96 48 0 3
96 49 0 2
96 50 0 2
96 51 0 2
96 52 0 2
96 53 0 2
96 54 0 3
96 55 0 2
96 56 0 2
96 57 0 2
96 58 0 2
96 59 0 3
96 60 0 3
96 61 0 2
96 62 0 3
96 63 0 3
96 64 0 2
96 65 0 2
96 66 0 2
96 67 0 3
96 68 0 2
96 69 0 2
96 70 0 5
96 71 0 3
96 72 0 3
96 73 0 3
96 74 1 3
96 75 4 10
96 76 7 13
96 77 5 13
96 78 2 11
96 79 4 11
96 80 6 14
96 81 4 11
96 82 3 10
96 83 7 14
96 84 3 11
96 85 2 3
96 86 1 3
96 87 3 8
96 88 5 13
96 89 3 10
96 90 0 1
96 91 0 3
96 92 0 1
96 93 0 2
96 94 2 12
96 95 5 12
96 96 1 9
96 97 1 8
96 98 0 3
96 99 2 9
96 100 0 9
97 1 3 10
97 2 2 14
97 3 11 13
97 4 3 11
97 5 9 14
97 6 0 3
97 7 0 3
97 8 0 3
97 9 0 2
97 10 0 3
97 11 0 3
97 12 0 2
97 13 0 2
97 14 0 2
97 15 0 2
97 16 0 2
97 17 0 2
97 18 0 2
97 19 0 3
97 20 0 3
97 21 0 3
97 22 0 2
97 23 0 3
97 24 0 2
97 25 0 2
97 26 0 3
97 27 0 2
97 28 0 2
97 29 1 3
97 30 0 2
97 31 0 3
97 32 0 2
97 33 0 3
97 34 0 3
97 35 0 2
97 36 0 2
97 37 0 2
97 38 0 2
97 39 0 2
97 40 0 2
97 41 0 3
97 42 0 2
97 43 0 2
97 44 0 2
97 45 0 2
97 46 0 2
97 47 0 3
97 48 0 2
97 49 0 2
97 50 0 2
97 51 0 3
97 52 0 2
97 53 0 2
97 54 1 3
97 55 0 3
97 56 0 2
97 57 1 3
97 58 0 2
97 59 0 2
97 60 0 2
97 61 0 2
97 62 0 3
97 63 0 2
97 64 0 2
97 65 0 3
97 66 0 3
97 67 0 3
97 68 0 2
97 69 0 2
97 70 0 3
97 71 0 2
97 72 0 2
97 73 0 2
97 74 0 3
97 75 0 2
97 76 0 2
97 77 0 2
97 78 6 9
97 79 0 3
97 80 0 3
97 81 8 13
97 82 2 3
97 83 1 3
97 84 0 5
97 85 1 3
97 86 5 13
97 87 1 4
97 88 3 11
97 89 4 13
97 90 3 12
97 91 4 11
97 92 6 13
97 93 3 8
97 94 0 1
97 95 0 2
97 96 3 11
97 97 3 11
97 98 2 9
97 99 7 10
97 100 3 12
98 1 2 9
98 2 4 13
98 3 5 12
98 4 3 10
98 5 3 8
98 6 2 3
98 7 3 11
98 8 0 2
98 9 0 1
98 10 3 10
98 11 11 13
98 12 0 3
98 13 4 7
98 14 3 13
98 15 5 13
98 16 7 12
98 17 0 3
98 18 5 12
98 19 4 11
98 20 2 10
98 21 9 14
98 22 0 3
98 23 0 3
98 24 0 3
98 25 0 2
98 26 0 3
98 27 0 3
98 28 0 2
98 29 0 2
98 30 0 2
98 31 0 2
98 32 0 2
98 33 0 2
98 34 0 2
98 35 0 3
98 36 0 3
98 37 0 3
98 38 0 2
98 39 0 3
98 40 0 2
98 41 0 2
98 42 0 3
98 43 0 2
98 44 0 2
98 45 1 3
98 46 0 2
98 47 0 2
98 48 0 3
98 49 0 3
98 50 0 2
98 51 0 2
98 52 0 2
98 53 0 3
98 54 0 3
98 55 0 3
98 56 1 3
98 57 0 2
98 58 0 2
98 59 0 2
98 60 0 2
98 61 0 2
98 62 0 2
98 63 0 3
98 64 0 3
98 65 0 2
98 66 0 2
98 67 0 2
98 68 0 2
98 69 0 3
98 70 0 2
98 71 0 2
98 72 0 3
98 73 0 2
98 74 0 2
98 75 0 2
98 76 0 2
98 77 0 3
98 78 0 3
98 79 0 2
98 80 0 2
98 81 0 2
98 82 0 2
98 83 0 2
98 84 0 3
98 85 0 2
98 86 0 2
98 87 0 3
98 88 2 5
98 89 7 12
98 90 5 12
98 91 0 6
98 92 0 3
98 93 1 3
98 94 1 3
98 95 2 7
98 96 2 14
98 97 8 13
98 98 3 12
98 99 7 14
98 100 4 13
99 1 5 12
99 2 4 10
99 3 4 11
99 4 4 12
99 5 4 11
99 6 1 10
99 7 4 12
99 8 4 7
99 9 3 13
99 10 0 3
99 11 0 3
99 12 0 3
99 13 0 2
99 14 0 3
99 15 0 3
99 16 0 2
99 17 0 2
99 18 0 2
99 19 0 3
99 20 0 2
99 21 0 5
99 22 0 2
99 23 0 2
99 24 0 3
99 25 0 2
99 26 0 3
99 27 0 2
99 28 0 2
99 29 0 3
99 30 0 2
99 31 0 2
99 32 0 2
99 33 0 2
99 34 0 2
99 35 0 2
99 36 0 2
99 37 0 2
99 38 0 2
99 39 0 2
99 40 0 2
99 41 0 2
99 42 0 2
99 43 3 11
99 44 0 2
99 45 0 2
99 46 0 3
99 47 0 2
99 48 0 3
99 49 0 2
99 50 0 3
99 51 0 2
99 52 0 2
99 53 0 2
99 54 0 2
99 55 0 2
99 56 0 2
99 57 0 2
99 58 0 3
99 59 0 2
99 60 0 2
99 61 0 2
99 62 5 13
99 63 1 9
99 64 9 14
99 65 7 13
99 66 0 12
99 67 8 13
99 68 5 12
99 69 5 12
99 70 11 13
99 71 2 10
99 72 0 3
99 73 0 3
99 74 1 4
99 75 7 12
99 76 2 9
99 77 3 11
99 78 2 3
99 79 2 3
99 80 1 2
99 81 3 10
99 82 3 10
99 83 3 11
99 84 4 13
99 85 3 8
99 86 0 3
99 87 0 3
99 88 5 12
99 89 0 2
99 90 0 1
99 91 0 2
99 92 0 1
99 93 0 2
99 94 0 1
99 95 1 3
99 96 0 3
99 97 0 2
99 98 0 2
99 99 4 11
99 100 8 13
