1 1 4 8
1 2 4 8
1 3 3 8
1 4 4 14
1 5 6 13
1 6 3 9
1 7 3 8
1 8 4 9
1 9 7 14
1 10 5 11
1 11 1 5
1 12 4 13
1 13 7 14
1 14 3 11
1 15 5 11
1 16 5 12
1 17 4 5
1 18 5 13
1 19 8 12
1 20 7 15
1 21 3 7
1 22 3 13
1 23 4 8
1 24 3 14
1 25 5 14
1 26 2 9
1 27 7 15
1 28 6 12
1 29 8 13
1 30 3 12
1 31 7 13
1 32 3 10
1 33 3 10
1 34 5 14
1 35 3 9
1 36 7 12
1 37 4 5
1 38 5 14
1 39 6 15
1 40 11 14
1 41 6 11
1 42 5 12
1 43 5 12
1 44 8 11
1 45 6 11
1 46 4 11
1 47 9 11
1 48 6 12
1 49 4 14
1 50 5 10
1 51 8 13
1 52 8 14
1 53 5 11
1 54 5 13
1 55 4 11
1 56 3 12
1 57 6 12
1 58 6 15
1 59 6 13
1 60 4 12
1 61 3 15
1 62 6 12
1 63 7 13
1 64 4 14
1 65 3 15
1 66 5 7
1 67 5 13
1 68 6 14
1 69 5 14
1 70 4 9
1 71 3 12
1 72 4 11
1 73 4 14
1 74 5 13
1 75 5 13
1 76 12 14
1 77 7 15
1 78 4 12
1 79 7 13
1 80 3 10
1 81 11 12
1 82 6 9
1 83 2 10
1 84 4 14
1 85 7 11
1 86 4 14
1 87 2 8
1 88 2 6
1 89 3 8
1 90 5 13
1 91 2 10
1 92 4 9
1 93 6 12
1 94 1 7
1 95 6 11
1 96 6 15
1 97 1 4
1 98 4 10
1 99 3 7
1 100 0 1
2 1 4 8
2 2 4 8
2 3 5 10
2 4 7 14
2 5 1 5
2 6 4 13
2 7 3 8
2 8 3 11
2 9 6 13
2 10 2 8
2 11 3 8
2 12 3 8
2 13 7 14
2 14 5 11
2 15 2 11
2 16 3 9
2 17 4 9
2 18 5 10
2 19 5 12
2 20 7 15
2 21 5 12
2 22 6 15
2 23 4 5
2 24 17 15
2 25 3 7
2 26 4 15
2 27 9 14
2 28 4 14
2 29 5 12
2 30 5 13
2 31 5 14
2 32 5 11
2 33 5 13
2 34 4 14
2 35 6 15
2 36 5 14
2 37 7 15
2 38 7 15
2 39 4 11
2 40 4 13
2 41 6 15
2 42 5 10
2 43 3 10
2 44 2 9
2 45 8 13
2 46 6 10
2 47 3 14
2 48 5 11
2 49 4 5
2 50 6 13
2 51 6 12
2 52 7 14
2 53 3 12
2 54 12 12
2 55 4 8
2 56 3 13
2 57 4 13
2 58 6 15
2 59 8 12
2 60 4 10
2 61 8 12
2 62 5 12
2 63 7 14
2 64 6 12
2 65 5 12
2 66 5 14
2 67 3 12
2 68 6 14
2 69 6 12
2 70 6 15
2 71 9 15
2 72 7 13
2 73 7 15
2 74 5 15
2 75 3 14
2 76 6 14
2 77 4 12
2 78 8 12
2 79 10 13
2 80 5 11
2 81 3 10
2 82 7 12
2 83 2 11
2 84 5 14
2 85 7 13
2 86 2 13
2 87 3 6
2 88 5 14
2 89 7 13
2 90 4 14
2 91 5 13
2 92 5 14
2 93 2 11
2 94 4 11
2 95 1 10
2 96 6 11
2 97 4 13
2 98 5 12
2 99 6 15
2 100 3 7
3 1 1 5
3 2 3 8
3 3 7 14
3 4 4 13
3 5 5 11
3 6 6 13
3 7 4 8
3 8 4 8
3 9 2 8
3 10 7 12
3 11 9 13
3 12 5 10
3 13 7 14
3 14 3 10
3 15 2 11
3 16 3 8
3 17 3 8
3 18 3 9
3 19 4 5
3 20 7 13
3 21 6 10
3 22 9 14
3 23 2 11
3 24 3 8
3 25 4 13
3 26 4 12
3 27 5 13
3 28 1 11
3 29 7 15
3 30 3 11
3 31 4 14
3 32 5 12
3 33 5 11
3 34 5 13
3 35 4 9
3 36 6 12
3 37 6 13
3 38 4 15
3 39 5 14
3 40 17 15
3 41 8 11
3 42 5 12
3 43 4 10
3 44 4 11
3 45 6 15
3 46 4 10
3 47 3 12
3 48 5 12
3 49 3 15
3 50 5 10
3 51 7 14
3 52 3 7
3 53 3 5
3 54 3 12
3 55 7 10
3 56 5 10
3 57 5 12
3 58 8 11
3 59 5 12
3 60 5 15
3 61 9 12
3 62 6 11
3 63 6 15
3 64 4 10
3 65 3 11
3 66 5 12
3 67 5 12
3 68 6 7
3 69 5 13
3 70 4 10
3 71 3 12
3 72 8 11
3 73 6 15
3 74 4 12
3 75 8 12
3 76 7 11
3 77 3 15
3 78 5 12
3 79 5 14
3 80 6 13
3 81 4 12
3 82 6 14
3 83 3 6
3 84 5 15
3 85 4 12
3 86 6 13
3 87 6 14
3 88 3 10
3 89 5 10
3 90 8 11
3 91 6 8
3 92 4 9
3 93 7 13
3 94 7 13
3 95 4 6
3 96 4 11
3 97 7 13
3 98 2 9
3 99 7 12
3 100 5 8
4 1 5 13
4 2 4 8
4 3 4 8
4 4 1 5
4 5 3 8
4 6 7 12
4 7 3 8
4 8 3 8
4 9 3 10
4 10 2 8
4 11 3 11
4 12 9 13
4 13 2 11
4 14 7 13
4 15 6 13
4 16 4 13
4 17 3 11
4 18 7 13
4 19 4 8
4 20 4 12
4 21 7 14
4 22 8 14
4 23 6 12
4 24 5 11
4 25 5 11
4 26 1 11
4 27 5 10
4 28 6 10
4 29 4 12
4 30 3 9
4 31 7 13
4 32 3 11
4 33 2 5
4 34 5 13
4 35 3 5
4 36 2 11
4 37 4 13
4 38 2 8
4 39 7 15
4 40 9 13
4 41 7 15
4 42 4 5
4 43 3 8
4 44 9 14
4 45 7 14
4 46 3 13
4 47 6 13
4 48 9 11
4 49 4 14
4 50 6 14
4 51 4 13
4 52 6 15
4 53 5 11
4 54 2 11
4 55 9 14
4 56 6 15
4 57 5 12
4 58 4 15
4 59 6 12
4 60 8 11
4 61 6 15
4 62 5 13
4 63 4 11
4 64 7 14
4 65 6 14
4 66 4 14
4 67 5 12
4 68 5 15
4 69 7 13
4 70 10 14
4 71 9 13
4 72 3 6
4 73 5 11
4 74 9 12
4 75 5 6
4 76 1 4
4 77 4 13
4 78 4 12
4 79 5 10
4 80 5 12
4 81 4 13
4 82 4 14
4 83 2 10
4 84 4 11
4 85 1 10
4 86 7 13
4 87 3 7
4 88 5 9
4 89 9 14
4 90 3 7
4 91 2 13
4 92 9 13
4 93 6 15
4 94 7 13
4 95 7 15
4 96 5 11
4 97 5 6
4 98 4 10
4 99 5 8
4 100 3 7
5 1 3 8
5 2 3 8
5 3 5 8
5 4 7 14
5 5 4 8
5 6 4 8
5 7 3 9
5 8 5 13
5 9 1 5
5 10 7 12
5 11 3 11
5 12 8 11
5 13 3 13
5 14 3 7
5 15 4 12
5 16 0 2
5 17 3 10
5 18 6 12
5 19 2 11
5 20 4 10
5 21 5 11
5 22 5 11
5 23 9 13
5 24 3 8
5 25 4 8
5 26 4 9
5 27 2 8
5 28 3 11
5 29 4 11
5 30 8 13
5 31 3 13
5 32 6 12
5 33 4 11
5 34 6 10
5 35 7 13
5 36 4 13
5 37 1 11
5 38 5 13
5 39 8 14
5 40 8 14
5 41 7 13
5 42 6 13
5 43 8 13
5 44 5 14
5 45 4 11
5 46 5 10
5 47 5 12
5 48 3 9
5 49 5 12
5 50 3 9
5 51 5 12
5 52 4 12
5 53 6 12
5 54 5 13
5 55 4 13
5 56 2 8
5 57 6 12
5 58 4 12
5 59 5 11
5 60 7 15
5 61 7 15
5 62 7 14
5 63 4 11
5 64 7 14
5 65 6 12
5 66 6 14
5 67 6 13
5 68 7 12
5 69 3 9
5 70 2 11
5 71 6 9
5 72 5 12
5 73 6 12
5 74 7 11
5 75 5 12
5 76 4 7
5 77 5 14
5 78 5 14
5 79 2 10
5 80 5 14
5 81 10 13
5 82 6 13
5 83 5 14
5 84 5 15
5 85 6 13
5 86 5 7
5 87 6 13
5 88 3 11
5 89 5 11
5 90 9 14
5 91 5 13
5 92 8 12
5 93 4 7
5 94 4 11
5 95 5 12
5 96 5 9
5 97 7 12
5 98 5 10
5 99 8 13
5 100 4 10
6 1 1 5
6 2 5 13
6 3 3 10
6 4 3 10
6 5 2 11
6 6 4 10
6 7 2 8
6 8 2 7
6 9 5 10
6 10 9 15
6 11 0 2
6 12 0 2
6 13 0 2
6 14 3 8
6 15 3 8
6 16 5 14
6 17 4 8
6 18 4 8
6 19 3 13
6 20 3 11
6 21 5 9
6 22 7 12
6 23 3 7
6 24 5 10
6 25 7 14
6 26 3 8
6 27 4 12
6 28 5 10
6 29 4 9
6 30 3 7
6 31 6 10
6 32 3 9
6 33 3 8
6 34 5 8
6 35 9 13
6 36 10 14
6 37 3 8
6 38 7 15
6 39 5 11
6 40 5 11
6 41 6 12
6 42 3 13
6 43 3 11
6 44 8 13
6 45 8 11
6 46 4 7
6 47 5 14
6 48 4 8
6 49 4 11
6 50 4 8
6 51 3 14
6 52 5 9
6 53 5 11
6 54 3 9
6 55 7 14
6 56 4 12
6 57 6 11
6 58 7 14
6 59 8 13
6 60 7 11
6 61 5 11
6 62 2 10
6 63 5 12
6 64 9 15
6 65 6 14
6 66 5 15
6 67 7 12
6 68 6 12
6 69 4 12
6 70 5 13
6 71 6 14
6 72 4 11
6 73 8 12
6 74 4 15
6 75 4 12
6 76 7 12
6 77 2 12
6 78 6 8
6 79 3 10
6 80 3 12
6 81 4 11
6 82 3 7
6 83 4 7
6 84 8 15
6 85 5 12
6 86 5 12
6 87 4 15
6 88 4 15
6 89 8 13
6 90 4 8
6 91 2 11
6 92 5 14
6 93 4 8
6 94 4 12
6 95 4 11
6 96 5 11
6 97 9 14
6 98 3 7
6 99 8 13
6 100 4 12
7 1 0 2
7 2 0 2
7 3 0 2
7 4 0 2
7 5 0 2
7 6 0 2
7 7 0 2
7 8 5 11
7 9 0 2
7 10 0 2
7 11 0 6
7 12 2 5
7 13 5 8
7 14 4 9
7 15 5 10
7 16 4 8
7 17 4 8
7 18 3 9
7 19 7 14
7 20 3 8
7 21 9 15
7 22 3 8
7 23 2 7
7 24 7 13
7 25 3 10
7 26 3 10
7 27 3 7
7 28 5 13
7 29 4 9
7 30 1 5
7 31 5 7
7 32 7 12
7 33 2 8
7 34 3 7
7 35 4 8
7 36 4 10
7 37 3 11
7 38 3 7
7 39 2 11
7 40 3 8
7 41 3 8
7 42 5 10
7 43 5 14
7 44 8 11
7 45 5 9
7 46 3 12
7 47 5 9
7 48 4 12
7 49 4 13
7 50 3 13
7 51 3 11
7 52 4 9
7 53 4 12
7 54 4 11
7 55 5 10
7 56 2 15
7 57 4 12
7 58 5 11
7 59 3 11
7 60 5 13
7 61 4 13
7 62 8 14
7 63 7 12
7 64 5 12
7 65 6 13
7 66 3 11
7 67 4 12
7 68 2 9
7 69 4 14
7 70 3 12
7 71 6 12
7 72 3 10
7 73 4 10
7 74 5 10
7 75 3 12
7 76 6 13
7 77 3 11
7 78 4 10
7 79 3 9
7 80 8 13
7 81 5 12
7 82 5 14
7 83 6 12
7 84 5 14
7 85 2 10
7 86 6 10
7 87 9 14
7 88 8 12
7 89 4 10
7 90 9 9
7 91 7 13
7 92 5 15
7 93 8 13
7 94 6 14
7 95 4 12
7 96 1 6
7 97 4 7
7 98 4 14
7 99 2 8
7 100 9 14
8 1 0 6
8 2 0 2
8 3 0 2
8 4 0 2
8 5 0 2
8 6 0 2
8 7 0 2
8 8 0 2
8 9 5 11
8 10 0 2
8 11 0 2
8 12 0 2
8 13 0 2
8 14 0 2
8 15 0 2
8 16 0 2
8 17 2 5
8 18 0 2
8 19 0 2
8 20 0 2
8 21 0 2
8 22 0 2
8 23 0 2
8 24 0 2
8 25 4 11
8 26 4 11
8 27 3 8
8 28 1 5
8 29 3 10
8 30 3 10
8 31 3 10
8 32 3 7
8 33 4 13
8 34 3 10
8 35 7 14
8 36 2 10
8 37 2 5
8 38 5 8
8 39 4 9
8 40 2 7
8 41 6 9
8 42 3 8
8 43 5 10
8 44 3 11
8 45 3 9
8 46 4 13
8 47 3 8
8 48 3 8
8 49 6 13
8 50 2 8
8 51 7 13
8 52 4 9
8 53 4 9
8 54 9 15
8 55 4 8
8 56 4 8
8 57 3 8
8 58 5 15
8 59 2 8
8 60 4 10
8 61 4 11
8 62 2 14
8 63 3 10
8 64 2 8
8 65 5 13
8 66 4 12
8 67 4 10
8 68 1 12
8 69 5 8
8 70 2 10
8 71 7 11
8 72 7 15
8 73 2 9
8 74 4 12
8 75 7 11
8 76 4 7
8 77 6 14
8 78 4 9
8 79 8 13
8 80 5 11
8 81 4 13
8 82 9 12
8 83 4 15
8 84 13 14
8 85 6 12
8 86 4 12
8 87 6 15
8 88 0 2
8 89 5 10
8 90 7 14
8 91 7 9
8 92 4 13
8 93 5 9
8 94 8 15
8 95 7 14
8 96 5 15
8 97 4 10
8 98 4 15
8 99 7 13
8 100 2 7
9 1 0 6
9 2 3 6
9 3 0 2
9 4 0 2
9 5 0 2
9 6 3 10
9 7 0 2
9 8 0 2
9 9 0 2
9 10 0 2
9 11 0 2
9 12 0 2
9 13 0 2
9 14 5 11
9 15 0 2
9 16 0 2
9 17 0 2
9 18 0 2
9 19 0 2
9 20 0 2
9 21 0 2
9 22 2 5
9 23 0 2
9 24 0 2
9 25 0 2
9 26 0 2
9 27 0 2
9 28 0 2
9 29 0 2
9 30 0 2
9 31 0 2
9 32 0 2
9 33 0 2
9 34 0 2
9 35 0 2
9 36 0 2
9 37 0 2
9 38 0 2
9 39 0 2
9 40 0 2
9 41 0 2
9 42 0 2
9 43 0 2
9 44 0 2
9 45 0 2
9 46 0 2
9 47 0 2
9 48 3 8
9 49 5 13
9 50 2 10
9 51 3 8
9 52 4 11
9 53 4 8
9 54 4 11
9 55 3 11
9 56 3 10
9 57 4 10
9 58 6 12
9 59 3 10
9 60 4 11
9 61 4 11
9 62 7 9
9 63 9 12
9 64 4 11
9 65 0 2
9 66 1 5
9 67 4 9
9 68 3 10
9 69 3 7
9 70 3 11
9 71 3 8
9 72 4 7
9 73 5 13
9 74 3 10
9 75 5 11
9 76 6 12
9 77 4 8
9 78 1 6
9 79 5 12
9 80 7 13
9 81 3 7
9 82 0 2
9 83 2 5
9 84 3 13
9 85 7 14
9 86 3 7
9 87 8 15
9 88 1 8
9 89 2 9
9 90 5 10
9 91 6 13
9 92 6 8
9 93 6 12
9 94 2 8
9 95 4 11
9 96 4 11
9 97 6 11
9 98 4 11
9 99 3 11
9 100 3 11
10 1 0 2
10 2 0 2
10 3 0 2
10 4 0 2
10 5 0 2
10 6 0 2
10 7 0 2
10 8 5 11
10 9 0 2
10 10 0 2
10 11 0 2
10 12 0 2
10 13 0 2
10 14 0 2
10 15 0 2
10 16 2 5
10 17 0 2
10 18 0 2
10 19 0 2
10 20 0 2
10 21 0 2
10 22 0 2
10 23 0 2
10 24 0 2
10 25 0 2
10 26 0 2
10 27 0 2
10 28 0 2
10 29 0 2
10 30 0 2
10 31 0 2
10 32 0 2
10 33 0 2
10 34 0 2
10 35 0 2
10 36 0 2
10 37 0 2
10 38 0 2
10 39 0 2
10 40 0 2
10 41 0 2
10 42 0 2
10 43 0 2
10 44 0 2
10 45 0 2
10 46 0 2
10 47 0 2
10 48 0 2
10 49 0 2
10 50 0 2
10 51 0 2
10 52 0 2
10 53 0 2
10 54 6 12
10 55 4 10
10 56 7 14
10 57 2 5
10 58 0 6
10 59 3 10
10 60 4 11
10 61 8 11
10 62 3 8
10 63 0 2
10 64 0 2
10 65 0 2
10 66 0 2
10 67 0 2
10 68 0 2
10 69 4 13
10 70 3 6
10 71 6 12
10 72 3 12
10 73 5 12
10 74 2 9
10 75 5 11
10 76 5 8
10 77 5 12
10 78 3 9
10 79 2 7
10 80 11 11
10 81 4 11
10 82 0 1
10 83 4 9
10 84 3 8
10 85 3 7
10 86 4 11
10 87 4 12
10 88 4 12
10 89 0 2
10 90 6 11
10 91 7 11
10 92 5 12
10 93 5 10
10 94 3 10
10 95 3 10
10 96 5 11
10 97 0 8
10 98 3 10
10 99 6 11
10 100 3 8
11 1 7 15
11 2 3 7
11 3 2 11
11 4 3 12
11 5 6 12
11 6 0 2
11 7 0 2
11 8 0 2
11 9 0 2
11 10 0 2
11 11 0 2
11 12 0 2
11 13 5 11
11 14 0 2
11 15 0 2
11 16 0 2
11 17 0 2
11 18 0 2
11 19 0 2
11 20 0 2
11 21 2 5
11 22 0 2
11 23 0 2
11 24 0 2
11 25 0 2
11 26 0 2
11 27 0 2
11 28 0 2
11 29 0 2
11 30 0 2
11 31 0 2
11 32 0 2
11 33 0 2
11 34 0 2
11 35 0 2
11 36 0 2
11 37 0 2
11 38 0 2
11 39 0 2
11 40 0 2
11 41 0 2
11 42 0 2
11 43 0 2
11 44 0 2
11 45 0 2
11 46 0 2
11 47 0 2
11 48 0 2
11 49 0 2
11 50 0 2
11 51 0 2
11 52 0 2
11 53 0 2
11 54 0 2
11 55 0 2
11 56 0 2
11 57 0 2
11 58 3 5
11 59 0 2
11 60 0 2
11 61 0 2
11 62 0 2
11 63 0 2
11 64 0 2
11 65 0 2
11 66 0 2
11 67 5 14
11 68 0 2
11 69 0 2
11 70 0 2
11 71 0 2
11 72 0 2
11 73 12 14
11 74 7 12
11 75 4 8
11 76 2 12
11 77 5 10
11 78 5 9
11 79 6 13
11 80 6 11
11 81 4 14
11 82 6 13
11 83 2 8
11 84 0 1
11 85 9 13
11 86 7 11
11 87 6 13
11 88 1 4
11 89 3 7
11 90 1 5
11 91 2 9
11 92 5 14
11 93 0 2
11 94 0 2
11 95 0 2
11 96 4 11
11 97 3 11
11 98 2 9
11 99 4 11
11 100 10 12
12 1 6 12
12 2 2 11
12 3 6 13
12 4 0 2
12 5 0 2
12 6 0 2
12 7 0 2
12 8 0 2
12 9 0 2
12 10 0 2
12 11 8 10
12 12 0 2
12 13 0 2
12 14 0 2
12 15 0 2
12 16 0 2
12 17 0 2
12 18 0 2
12 19 5 11
12 20 0 2
12 21 0 2
12 22 0 2
12 23 0 2
12 24 0 2
12 25 0 2
12 26 0 2
12 27 2 5
12 28 0 2
12 29 0 2
12 30 0 2
12 31 0 2
12 32 0 2
12 33 0 2
12 34 0 2
12 35 0 2
12 36 0 2
12 37 0 2
12 38 0 2
12 39 0 2
12 40 0 2
12 41 0 2
12 42 0 2
12 43 0 2
12 44 0 2
12 45 0 2
12 46 5 9
12 47 0 2
12 48 0 2
12 49 0 2
12 50 0 2
12 51 0 2
12 52 0 2
12 53 0 2
12 54 0 2
12 55 0 2
12 56 0 2
12 57 0 2
12 58 0 2
12 59 0 2
12 60 0 2
12 61 0 2
12 62 0 2
12 63 0 2
12 64 0 2
12 65 0 2
12 66 0 2
12 67 0 2
12 68 0 2
12 69 0 2
12 70 0 2
12 71 0 2
12 72 0 2
12 73 7 15
12 74 3 7
12 75 5 12
12 76 5 11
12 77 5 11
12 78 3 12
12 79 3 10
12 80 4 8
12 81 5 12
12 82 3 12
12 83 5 12
12 84 5 12
12 85 10 14
12 86 4 10
12 87 1 8
12 88 0 2
12 89 0 1
12 90 0 2
12 91 0 2
12 92 0 1
12 93 0 2
12 94 0 2
12 95 3 11
12 96 5 11
12 97 1 3
12 98 0 2
12 99 7 14
12 100 0 2
13 1 4 7
13 2 0 2
13 3 0 2
13 4 0 2
13 5 0 2
13 6 0 2
13 7 0 2
13 8 0 2
13 9 5 11
13 10 0 2
13 11 0 2
13 12 0 2
13 13 0 2
13 14 0 2
13 15 0 2
13 16 0 2
13 17 2 5
13 18 0 2
13 19 0 2
13 20 0 2
13 21 0 2
13 22 0 2
13 23 0 2
13 24 0 2
13 25 0 2
13 26 0 2
13 27 0 2
13 28 0 2
13 29 0 2
13 30 0 2
13 31 0 2
13 32 0 2
13 33 0 2
13 34 0 2
13 35 0 2
13 36 0 2
13 37 0 2
13 38 0 2
13 39 0 2
13 40 0 2
13 41 0 2
13 42 0 2
13 43 0 2
13 44 0 2
13 45 0 2
13 46 0 2
13 47 0 2
13 48 6 13
13 49 9 12
13 50 2 6
13 51 6 12
13 52 3 8
13 53 4 9
13 54 4 10
13 55 2 11
13 56 6 13
13 57 4 9
13 58 7 10
13 59 6 10
13 60 0 2
13 61 0 2
13 62 0 2
13 63 0 2
13 64 0 2
13 65 0 2
13 66 0 2
13 67 0 2
13 68 0 2
13 69 0 2
13 70 0 2
13 71 0 2
13 72 0 2
13 73 0 2
13 74 5 9
13 75 8 10
13 76 4 8
13 77 7 12
13 78 5 15
13 79 2 11
13 80 4 9
13 81 5 9
13 82 6 12
13 83 1 9
13 84 2 10
13 85 0 2
13 86 0 2
13 87 0 2
13 88 0 2
13 89 0 2
13 90 0 2
13 91 4 7
13 92 3 11
13 93 9 12
13 94 5 14
13 95 4 11
13 96 2 5
13 97 9 12
13 98 6 15
13 99 6 11
13 100 3 12
14 1 6 10
14 2 9 12
14 3 1 6
14 4 7 10
14 5 3 10
14 6 4 12
14 7 5 14
14 8 0 2
14 9 0 2
14 10 0 2
14 11 0 2
14 12 0 2
14 13 0 2
14 14 0 2
14 15 0 2
14 16 0 2
14 17 5 12
14 18 2 5
14 19 4 12
14 20 4 7
14 21 0 2
14 22 0 2
14 23 0 2
14 24 0 2
14 25 0 2
14 26 0 2
14 27 0 2
14 28 5 11
14 29 0 2
14 30 0 2
14 31 0 2
14 32 0 2
14 33 0 2
14 34 0 2
14 35 0 2
14 36 2 5
14 37 0 2
14 38 0 2
14 39 0 2
14 40 0 2
14 41 0 2
14 42 0 2
14 43 0 2
14 44 0 2
14 45 0 2
14 46 0 2
14 47 0 2
14 48 0 2
14 49 0 2
14 50 0 2
14 51 0 2
14 52 0 2
14 53 0 2
14 54 0 2
14 55 0 2
14 56 0 2
14 57 0 2
14 58 0 2
14 59 0 2
14 60 0 2
14 61 0 2
14 62 1 5
14 63 0 2
14 64 1 3
14 65 0 2
14 66 0 2
14 67 0 2
14 68 0 2
14 69 0 2
14 70 0 2
14 71 0 2
14 72 0 2
14 73 0 2
14 74 0 2
14 75 0 2
14 76 0 2
14 77 0 2
14 78 0 2
14 79 5 8
14 80 0 4
14 81 1 7
14 82 7 12
14 83 5 8
14 84 4 9
14 85 5 13
14 86 2 10
14 87 3 8
14 88 0 2
14 89 0 2
14 90 0 2
14 91 0 1
14 92 0 2
14 93 0 2
14 94 0 2
14 95 4 7
14 96 7 10
14 97 4 12
14 98 0 2
14 99 8 12
14 100 3 9
15 1 4 12
15 2 0 2
15 3 0 2
15 4 0 2
15 5 0 2
15 6 0 2
15 7 0 2
15 8 0 2
15 9 5 11
15 10 0 2
15 11 0 2
15 12 0 2
15 13 0 2
15 14 6 15
15 15 0 2
15 16 0 2
15 17 0 2
15 18 2 6
15 19 0 2
15 20 0 2
15 21 0 2
15 22 0 2
15 23 0 2
15 24 0 2
15 25 0 2
15 26 1 5
15 27 0 2
15 28 0 2
15 29 0 2
15 30 0 2
15 31 0 2
15 32 0 2
15 33 0 2
15 34 0 2
15 35 0 2
15 36 0 2
15 37 0 2
15 38 0 2
15 39 0 2
15 40 0 2
15 41 0 2
15 42 0 2
15 43 0 2
15 44 0 2
15 45 0 2
15 46 5 14
15 47 4 12
15 48 7 15
15 49 9 12
15 50 1 6
15 51 3 7
15 52 6 10
15 53 4 9
15 54 4 7
15 55 3 11
15 56 3 10
15 57 1 6
15 58 2 5
15 59 0 2
15 60 0 2
15 61 0 2
15 62 0 2
15 63 0 2
15 64 0 2
15 65 0 2
15 66 0 2
15 67 0 2
15 68 5 12
15 69 0 2
15 70 0 2
15 71 0 3
15 72 0 2
15 73 0 2
15 74 0 2
15 75 0 2
15 76 0 2
15 77 7 12
15 78 4 12
15 79 6 10
15 80 4 11
15 81 3 12
15 82 7 10
15 83 2 12
15 84 3 7
15 85 1 4
15 86 4 11
15 87 4 10
15 88 0 1
15 89 0 2
15 90 0 1
15 91 0 2
15 92 0 1
15 93 5 15
15 94 0 2
15 95 0 3
15 96 6 13
15 97 1 8
15 98 5 13
15 99 7 11
15 100 1 8
16 1 7 12
16 2 0 2
16 3 0 2
16 4 0 2
16 5 0 2
16 6 0 2
16 7 0 2
16 8 0 2
16 9 5 11
16 10 0 2
16 11 0 2
16 12 0 2
16 13 0 2
16 14 0 2
16 15 0 2
16 16 0 2
16 17 2 6
16 18 0 2
16 19 0 2
16 20 0 2
16 21 0 2
16 22 0 2
16 23 0 2
16 24 0 2
16 25 1 5
16 26 0 2
16 27 0 2
16 28 0 2
16 29 0 2
16 30 0 2
16 31 0 2
16 32 0 2
16 33 0 2
16 34 0 2
16 35 0 2
16 36 0 2
16 37 0 2
16 38 0 2
16 39 0 2
16 40 0 2
16 41 0 2
16 42 0 2
16 43 0 2
16 44 0 2
16 45 0 2
16 46 0 2
16 47 0 2
16 48 0 2
16 49 0 2
16 50 0 4
16 51 1 3
16 52 6 15
16 53 4 9
16 54 3 6
16 55 4 10
16 56 4 10
16 57 3 6
16 58 5 13
16 59 3 9
16 60 3 9
16 61 0 2
16 62 0 2
16 63 0 2
16 64 0 3
16 65 0 4
16 66 0 2
16 67 0 2
16 68 0 2
16 69 0 2
16 70 0 2
16 71 0 2
16 72 0 2
16 73 7 14
16 74 4 12
16 75 8 13
16 76 6 13
16 77 4 11
16 78 6 12
16 79 1 3
16 80 5 11
16 81 3 10
16 82 1 2
16 83 2 11
16 84 5 11
16 85 8 10
16 86 4 14
16 87 0 2
16 88 0 2
16 89 0 2
16 90 0 2
16 91 0 1
16 92 0 1
16 93 1 7
16 94 3 9
16 95 6 14
16 96 9 12
16 97 6 11
16 98 2 11
16 99 4 10
16 100 2 7
17 1 4 10
17 2 0 2
17 3 0 2
17 4 0 2
17 5 0 2
17 6 0 2
17 7 0 2
17 8 0 2
17 9 5 11
17 10 0 2
17 11 0 2
17 12 0 2
17 13 0 2
17 14 0 2
17 15 0 2
17 16 0 2
17 17 2 6
17 18 0 2
17 19 0 2
17 20 0 2
17 21 0 2
17 22 0 2
17 23 0 2
17 24 0 2
17 25 1 5
17 26 0 2
17 27 0 2
17 28 0 2
17 29 0 2
17 30 0 2
17 31 0 2
17 32 0 2
17 33 0 2
17 34 0 2
17 35 0 2
17 36 0 2
17 37 0 2
17 38 0 2
17 39 0 2
17 40 0 2
17 41 0 2
17 42 0 2
17 43 0 2
17 44 0 2
17 45 0 2
17 46 0 2
17 47 0 2
17 48 0 2
17 49 0 2
17 50 0 2
17 51 0 2
17 52 0 2
17 53 0 2
17 54 0 2
17 55 0 2
17 56 0 2
17 57 2 7
17 58 2 11
17 59 3 7
17 60 3 10
17 61 0 4
17 62 0 2
17 63 0 2
17 64 5 11
17 65 0 2
17 66 0 2
17 67 0 2
17 68 0 2
17 69 4 14
17 70 1 4
17 71 5 12
17 72 6 10
17 73 1 3
17 74 3 10
17 75 3 9
17 76 7 12
17 77 4 12
17 78 7 13
17 79 6 14
17 80 5 11
17 81 1 3
17 82 4 6
17 83 4 10
17 84 1 5
17 85 2 7
17 86 0 6
17 87 4 9
17 88 4 9
17 89 8 12
17 90 1 2
17 91 5 13
17 92 0 2
17 93 0 1
17 94 5 13
17 95 3 7
17 96 0 2
17 97 0 2
17 98 0 2
17 99 3 8
17 100 4 13
18 1 7 13
18 2 0 2
18 3 0 2
18 4 0 2
18 5 0 2
18 6 0 2
18 7 0 2
18 8 0 2
18 9 5 11
18 10 0 2
18 11 0 2
18 12 0 2
18 13 0 2
18 14 0 2
18 15 0 2
18 16 0 2
18 17 2 6
18 18 0 2
18 19 0 2
18 20 0 2
18 21 0 2
18 22 0 2
18 23 0 2
18 24 0 2
18 25 1 5
18 26 0 2
18 27 0 2
18 28 0 2
18 29 0 2
18 30 0 2
18 31 0 2
18 32 0 2
18 33 0 2
18 34 0 2
18 35 0 2
18 36 0 2
18 37 0 2
18 38 0 2
18 39 0 2
18 40 0 2
18 41 0 2
18 42 0 2
18 43 2 6
18 44 0 2
18 45 0 2
18 46 0 2
18 47 0 2
18 48 0 2
18 49 0 2
18 50 0 2
18 51 0 2
18 52 0 2
18 53 0 2
18 54 0 2
18 55 0 2
18 56 0 2
18 57 0 2
18 58 0 2
18 59 0 2
18 60 0 2
18 61 0 2
18 62 0 2
18 63 0 2
18 64 0 2
18 65 0 2
18 66 0 2
18 67 0 2
18 68 0 4
18 69 4 9
18 70 5 13
18 71 3 7
18 72 7 12
18 73 3 10
18 74 4 8
18 75 3 13
18 76 3 10
18 77 3 12
18 78 4 10
18 79 8 14
18 80 4 12
18 81 0 3
18 82 0 11
18 83 1 8
18 84 4 9
18 85 1 3
18 86 3 6
18 87 0 1
18 88 0 2
18 89 0 1
18 90 2 10
18 91 9 12
18 92 6 10
18 93 2 11
18 94 0 2
18 95 0 2
18 96 0 2
18 97 9 12
18 98 4 12
18 99 4 12
18 100 6 10
19 1 0 2
19 2 0 2
19 3 0 2
19 4 0 2
19 5 0 2
19 6 0 2
19 7 0 2
19 8 5 11
19 9 0 2
19 10 0 2
19 11 0 2
19 12 0 2
19 13 0 2
19 14 0 2
19 15 0 2
19 16 2 6
19 17 0 2
19 18 0 2
19 19 0 2
19 20 0 2
19 21 0 2
19 22 0 2
19 23 0 2
19 24 1 5
19 25 0 2
19 26 0 2
19 27 0 2
19 28 0 2
19 29 0 2
19 30 0 2
19 31 0 2
19 32 0 2
19 33 0 2
19 34 0 2
19 35 0 2
19 36 0 2
19 37 0 2
19 38 0 2
19 39 0 2
19 40 0 2
19 41 0 2
19 42 0 2
19 43 0 2
19 44 0 2
19 45 0 2
19 46 0 2
19 47 0 2
19 48 0 2
19 49 0 2
19 50 0 2
19 51 0 2
19 52 0 2
19 53 0 2
19 54 0 2
19 55 0 2
19 56 0 2
19 57 0 2
19 58 0 2
19 59 0 2
19 60 0 2
19 61 0 2
19 62 0 2
19 63 0 2
19 64 0 2
19 65 0 2
19 66 0 2
19 67 0 2
19 68 0 2
19 69 4 6
19 70 6 13
19 71 6 14
19 72 3 10
19 73 5 14
19 74 3 7
19 75 5 10
19 76 7 13
19 77 6 14
19 78 5 8
19 79 7 12
19 80 5 8
19 81 5 10
19 82 4 12
19 83 5 8
19 84 1 4
19 85 5 11
19 86 5 12
19 87 0 1
19 88 0 2
19 89 0 2
19 90 2 8
19 91 4 14
19 92 4 12
19 93 5 10
19 94 0 2
19 95 0 2
19 96 0 2
19 97 2 9
19 98 3 8
19 99 5 11
19 100 2 9
20 1 0 2
20 2 0 2
20 3 0 2
20 4 0 2
20 5 0 2
20 6 0 2
20 7 0 2
20 8 5 11
20 9 0 2
20 10 0 2
20 11 0 2
20 12 0 2
20 13 0 2
20 14 0 2
20 15 0 2
20 16 2 6
20 17 0 2
20 18 0 2
20 19 0 2
20 20 0 2
20 21 0 2
20 22 0 2
20 23 0 2
20 24 1 5
20 25 0 2
20 26 0 2
20 27 0 2
20 28 0 2
20 29 0 2
20 30 0 2
20 31 0 2
20 32 0 2
20 33 0 2
20 34 0 2
20 35 0 2
20 36 0 2
20 37 0 2
20 38 0 2
20 39 0 2
20 40 0 2
20 41 0 2
20 42 0 2
20 43 0 2
20 44 0 2
20 45 0 2
20 46 0 2
20 47 0 2
20 48 0 2
20 49 0 2
20 50 0 2
20 51 1 5
20 52 0 2
20 53 0 2
20 54 0 2
20 55 0 2
20 56 0 2
20 57 0 2
20 58 0 2
20 59 0 2
20 60 0 2
20 61 0 2
20 62 0 2
20 63 0 2
20 64 0 2
20 65 0 2
20 66 0 2
20 67 0 2
20 68 0 2
20 69 3 12
20 70 3 8
20 71 5 11
20 72 9 9
20 73 4 12
20 74 5 11
20 75 2 12
20 76 5 11
20 77 4 9
20 78 7 9
20 79 4 6
20 80 8 12
20 81 6 15
20 82 6 13
20 83 3 10
20 84 4 11
20 85 1 2
20 86 3 8
20 87 5 11
20 88 0 2
20 89 0 2
20 90 0 2
20 91 0 1
20 92 0 2
20 93 3 10
20 94 0 2
20 95 0 2
20 96 0 2
20 97 5 10
20 98 7 14
20 99 5 12
20 100 3 8
21 1 6 12
21 2 0 2
21 3 0 2
21 4 0 2
21 5 0 2
21 6 0 2
21 7 0 2
21 8 0 2
21 9 5 11
21 10 0 2
21 11 0 2
21 12 0 2
21 13 0 2
21 14 0 2
21 15 0 2
21 16 0 2
21 17 2 6
21 18 0 2
21 19 0 2
21 20 0 2
21 21 0 2
21 22 0 2
21 23 0 2
21 24 0 2
21 25 1 5
21 26 0 2
21 27 0 2
21 28 0 2
21 29 0 2
21 30 0 2
21 31 0 2
21 32 0 2
21 33 0 2
21 34 0 2
21 35 0 2
21 36 0 2
21 37 0 2
21 38 0 2
21 39 7 15
21 40 0 2
21 41 0 2
21 42 0 2
21 43 0 2
21 44 0 2
21 45 0 2
21 46 2 6
21 47 0 2
21 48 0 2
21 49 0 2
21 50 0 2
21 51 0 2
21 52 0 2
21 53 0 2
21 54 0 2
21 55 0 2
21 56 0 2
21 57 0 2
21 58 0 2
21 59 0 2
21 60 0 2
21 61 0 2
21 62 0 2
21 63 0 2
21 64 0 2
21 65 0 2
21 66 0 2
21 67 0 2
21 68 0 2
21 69 0 2
21 70 0 2
21 71 0 2
21 72 0 2
21 73 0 2
21 74 0 2
21 75 2 9
21 76 3 9
21 77 3 14
21 78 2 13
21 79 7 12
21 80 5 12
21 81 4 12
21 82 7 14
21 83 1 11
21 84 2 8
21 85 4 10
21 86 10 13
21 87 1 4
21 88 4 11
21 89 0 2
21 90 0 1
21 91 3 8
21 92 0 2
21 93 0 2
21 94 0 1
21 95 0 2
21 96 3 14
21 97 1 10
21 98 3 11
21 99 3 7
21 100 0 2
22 1 0 2
22 2 0 2
22 3 0 2
22 4 0 2
22 5 0 2
22 6 0 2
22 7 0 2
22 8 5 11
22 9 0 2
22 10 0 2
22 11 0 2
22 12 0 2
22 13 0 2
22 14 0 2
22 15 0 2
22 16 2 6
22 17 0 2
22 18 0 2
22 19 0 2
22 20 0 2
22 21 0 2
22 22 0 2
22 23 0 2
22 24 1 5
22 25 0 2
22 26 0 2
22 27 0 2
22 28 0 2
22 29 0 2
22 30 0 2
22 31 0 2
22 32 0 2
22 33 0 2
22 34 0 2
22 35 0 2
22 36 0 2
22 37 0 2
22 38 0 2
22 39 0 2
22 40 0 2
22 41 0 2
22 42 0 2
22 43 0 2
22 44 0 2
22 45 0 2
22 46 0 2
22 47 0 2
22 48 0 2
22 49 0 2
22 50 0 2
22 51 0 2
22 52 0 2
22 53 0 2
22 54 0 2
22 55 0 2
22 56 0 2
22 57 0 2
22 58 0 2
22 59 0 2
22 60 0 2
22 61 0 2
22 62 0 2
22 63 0 2
22 64 0 2
22 65 0 2
22 66 2 8
22 67 6 13
22 68 7 13
22 69 2 6
22 70 4 9
22 71 1 2
22 72 1 7
22 73 5 9
22 74 6 12
22 75 2 8
22 76 5 12
22 77 2 4
22 78 5 14
22 79 4 8
22 80 7 11
22 81 5 11
22 82 1 5
22 83 3 10
22 84 0 2
22 85 0 2
22 86 0 2
22 87 0 2
22 88 0 2
22 89 3 8
22 90 3 8
22 91 2 6
22 92 6 13
22 93 6 11
22 94 6 14
22 95 0 2
22 96 7 9
22 97 2 11
22 98 6 15
22 99 1 10
22 100 5 11
23 1 10 15
23 2 0 2
23 3 0 2
23 4 0 2
23 5 0 2
23 6 0 2
23 7 0 2
23 8 0 2
23 9 5 11
23 10 0 2
23 11 0 2
23 12 0 2
23 13 0 2
23 14 0 2
23 15 0 2
23 16 0 2
23 17 2 6
23 18 0 2
23 19 0 2
23 20 0 2
23 21 0 2
23 22 0 2
23 23 0 2
23 24 0 2
23 25 1 5
23 26 0 2
23 27 0 2
23 28 0 2
23 29 0 2
23 30 0 2
23 31 0 2
23 32 0 2
23 33 0 2
23 34 0 2
23 35 0 2
23 36 0 2
23 37 0 2
23 38 0 2
23 39 0 2
23 40 0 2
23 41 0 2
23 42 0 2
23 43 0 2
23 44 0 2
23 45 0 2
23 46 0 2
23 47 0 2
23 48 0 2
23 49 0 2
23 50 0 2
23 51 0 2
23 52 0 2
23 53 0 2
23 54 0 2
23 55 0 2
23 56 0 2
23 57 0 2
23 58 0 2
23 59 0 2
23 60 0 2
23 61 0 2
23 62 0 2
23 63 0 2
23 64 9 15
23 65 4 14
23 66 5 10
23 67 3 14
23 68 4 8
23 69 6 12
23 70 6 15
23 71 6 14
23 72 11 12
23 73 1 2
23 74 4 13
23 75 6 12
23 76 5 13
23 77 10 13
23 78 8 14
23 79 5 10
23 80 6 12
23 81 1 4
23 82 4 13
23 83 0 2
23 84 0 2
23 85 0 2
23 86 0 2
23 87 0 2
23 88 0 1
23 89 0 2
23 90 0 2
23 91 5 10
23 92 6 15
23 93 2 12
23 94 2 7
23 95 3 11
23 96 3 13
23 97 5 11
23 98 1 9
23 99 14 15
23 100 5 8
24 1 3 9
24 2 10 15
24 3 0 2
24 4 0 2
24 5 0 2
24 6 0 2
24 7 0 2
24 8 0 2
24 9 0 2
24 10 5 11
24 11 0 2
24 12 0 2
24 13 0 2
24 14 0 2
24 15 0 2
24 16 0 2
24 17 0 2
24 18 2 6
24 19 0 2
24 20 0 2
24 21 0 2
24 22 0 2
24 23 0 2
24 24 0 2
24 25 0 2
24 26 1 5
24 27 0 2
24 28 0 2
24 29 0 2
24 30 0 2
24 31 0 2
24 32 0 2
24 33 0 2
24 34 0 2
24 35 0 2
24 36 0 2
24 37 0 2
24 38 0 2
24 39 0 2
24 40 0 2
24 41 0 2
24 42 0 2
24 43 0 2
24 44 0 2
24 45 0 2
24 46 0 2
24 47 0 2
24 48 0 2
24 49 0 2
24 50 0 2
24 51 0 2
24 52 0 2
24 53 0 2
24 54 0 2
24 55 0 2
24 56 0 2
24 57 0 2
24 58 0 2
24 59 0 2
24 60 0 2
24 61 0 2
24 62 0 2
24 63 0 2
24 64 0 2
24 65 0 2
24 66 0 2
24 67 0 2
24 68 0 2
24 69 0 2
24 70 0 2
24 71 0 2
24 72 0 2
24 73 0 2
24 74 2 12
24 75 2 7
24 76 4 10
24 77 3 8
24 78 8 13
24 79 4 10
24 80 5 12
24 81 1 2
24 82 0 2
24 83 6 13
24 84 5 12
24 85 4 12
24 86 0 6
24 87 6 8
24 88 0 2
24 89 0 1
24 90 0 2
24 91 0 1
24 92 0 2
24 93 0 2
24 94 5 10
24 95 3 9
24 96 5 10
24 97 3 7
24 98 3 8
24 99 3 11
24 100 8 10
25 1 2 10
25 2 3 9
25 3 0 2
25 4 0 2
25 5 0 2
25 6 0 2
25 7 0 2
25 8 0 2
25 9 0 2
25 10 5 11
25 11 0 2
25 12 0 2
25 13 0 2
25 14 0 2
25 15 0 2
25 16 0 2
25 17 0 2
25 18 2 6
25 19 0 2
25 20 0 2
25 21 0 2
25 22 0 2
25 23 0 2
25 24 0 2
25 25 0 2
25 26 1 5
25 27 0 2
25 28 0 2
25 29 0 2
25 30 0 2
25 31 0 2
25 32 0 2
25 33 0 2
25 34 0 2
25 35 0 2
25 36 0 2
25 37 0 2
25 38 0 2
25 39 0 2
25 40 0 2
25 41 0 2
25 42 0 2
25 43 0 2
25 44 0 2
25 45 0 2
25 46 0 2
25 47 0 2
25 48 0 2
25 49 0 2
25 50 0 2
25 51 0 2
25 52 0 2
25 53 0 2
25 54 0 2
25 55 0 2
25 56 0 2
25 57 0 2
25 58 0 2
25 59 0 2
25 60 0 2
25 61 0 2
25 62 0 2
25 63 3 9
25 64 0 2
25 65 0 2
25 66 0 2
25 67 0 2
25 68 0 2
25 69 0 2
25 70 0 2
25 71 0 2
25 72 0 2
25 73 2 9
25 74 2 6
25 75 6 9
25 76 10 15
25 77 4 12
25 78 4 12
25 79 5 12
25 80 6 13
25 81 4 14
25 82 5 8
25 83 3 8
25 84 3 10
25 85 3 7
25 86 5 8
25 87 4 13
25 88 0 6
25 89 0 2
25 90 0 2
25 91 0 1
25 92 5 13
25 93 0 2
25 94 0 1
25 95 3 8
25 96 0 2
25 97 0 4
25 98 0 2
25 99 3 12
25 100 0 2
26 1 4 11
26 2 1 2
26 3 3 8
26 4 6 12
26 5 4 10
26 6 2 10
26 7 0 2
26 8 0 2
26 9 0 2
26 10 0 2
26 11 0 2
26 12 0 2
26 13 0 2
26 14 5 11
26 15 0 2
26 16 0 2
26 17 0 2
26 18 0 2
26 19 0 2
26 20 0 2
26 21 0 2
26 22 2 6
26 23 0 2
26 24 0 2
26 25 0 2
26 26 0 2
26 27 0 2
26 28 0 2
26 29 0 2
26 30 1 5
26 31 0 2
26 32 0 2
26 33 0 2
26 34 0 2
26 35 0 2
26 36 0 2
26 37 0 2
26 38 0 2
26 39 0 2
26 40 0 2
26 41 0 2
26 42 0 2
26 43 0 2
26 44 0 2
26 45 0 2
26 46 0 2
26 47 0 2
26 48 0 2
26 49 0 2
26 50 0 2
26 51 0 2
26 52 0 2
26 53 0 2
26 54 0 2
26 55 0 2
26 56 0 2
26 57 0 2
26 58 0 2
26 59 0 2
26 60 0 2
26 61 0 2
26 62 0 2
26 63 0 2
26 64 0 2
26 65 0 2
26 66 0 2
26 67 0 2
26 68 0 2
26 69 10 10
26 70 2 11
26 71 2 11
26 72 3 8
26 73 3 12
26 74 6 11
26 75 2 3
26 76 4 6
26 77 5 13
26 78 3 8
26 79 2 11
26 80 3 7
26 81 6 13
26 82 9 13
26 83 3 12
26 84 8 11
26 85 2 6
26 86 8 14
26 87 3 9
26 88 4 11
26 89 1 4
26 90 0 2
26 91 0 2
26 92 0 2
26 93 3 10
26 94 2 10
26 95 1 10
26 96 7 11
26 97 3 13
26 98 6 9
26 99 7 10
26 100 8 13
27 1 6 11
27 2 2 6
27 3 9 13
27 4 3 10
27 5 2 10
27 6 2 7
27 7 1 12
27 8 0 2
27 9 0 2
27 10 0 2
27 11 0 2
27 12 0 2
27 13 0 2
27 14 0 2
27 15 5 11
27 16 0 2
27 17 0 2
27 18 0 2
27 19 0 2
27 20 0 2
27 21 0 2
27 22 0 2
27 23 2 6
27 24 0 2
27 25 0 2
27 26 0 2
27 27 0 2
27 28 0 2
27 29 0 2
27 30 0 2
27 31 1 5
27 32 0 2
27 33 0 2
27 34 0 2
27 35 0 2
27 36 0 2
27 37 0 2
27 38 0 2
27 39 0 2
27 40 0 2
27 41 0 2
27 42 0 2
27 43 0 2
27 44 0 2
27 45 0 2
27 46 0 2
27 47 0 2
27 48 0 2
27 49 0 2
27 50 0 2
27 51 0 2
27 52 0 2
27 53 0 2
27 54 0 2
27 55 0 2
27 56 0 2
27 57 0 2
27 58 0 2
27 59 0 2
27 60 0 2
27 61 0 2
27 62 0 2
27 63 0 2
27 64 0 2
27 65 0 2
27 66 0 2
27 67 3 7
27 68 10 12
27 69 3 8
27 70 4 10
27 71 4 11
27 72 6 11
27 73 5 9
27 74 3 7
27 75 3 8
27 76 3 7
27 77 6 11
27 78 4 11
27 79 6 12
27 80 4 8
27 81 1 2
27 82 4 12
27 83 3 9
27 84 3 10
27 85 4 15
27 86 4 10
27 87 0 2
27 88 0 2
27 89 0 2
27 90 0 2
27 91 5 12
27 92 0 8
27 93 0 2
27 94 0 2
27 95 0 2
27 96 6 10
27 97 5 14
27 98 2 8
27 99 6 12
27 100 0 2
28 1 6 13
28 2 4 8
28 3 2 10
28 4 0 2
28 5 0 2
28 6 0 2
28 7 0 2
28 8 0 2
28 9 0 2
28 10 0 2
28 11 5 11
28 12 0 2
28 13 0 2
28 14 0 2
28 15 0 2
28 16 0 2
28 17 0 2
28 18 0 2
28 19 2 6
28 20 0 2
28 21 0 2
28 22 0 2
28 23 0 2
28 24 0 2
28 25 0 2
28 26 0 2
28 27 0 2
28 28 0 2
28 29 0 2
28 30 0 2
28 31 0 2
28 32 0 2
28 33 0 2
28 34 0 2
28 35 0 2
28 36 0 2
28 37 0 2
28 38 0 2
28 39 0 2
28 40 0 2
28 41 0 2
28 42 0 2
28 43 1 4
28 44 0 2
28 45 0 2
28 46 0 2
28 47 0 2
28 48 0 2
28 49 0 2
28 50 0 2
28 51 0 2
28 52 0 2
28 53 0 2
28 54 0 2
28 55 0 2
28 56 0 2
28 57 0 2
28 58 0 2
28 59 1 12
28 60 2 10
28 61 6 12
28 62 2 6
28 63 3 7
28 64 4 8
28 65 9 13
28 66 6 11
28 67 3 10
28 68 3 10
28 69 2 8
28 70 2 7
28 71 8 13
28 72 6 12
28 73 4 9
28 74 9 12
28 75 0 4
28 76 4 8
28 77 6 14
28 78 9 13
28 79 5 13
28 80 2 6
28 81 5 10
28 82 4 10
28 83 2 3
28 84 6 12
28 85 4 14
28 86 5 9
28 87 6 8
28 88 4 8
28 89 3 9
28 90 5 11
28 91 6 11
28 92 4 10
28 93 0 2
28 94 0 2
28 95 0 2
28 96 8 12
28 97 2 6
28 98 5 12
28 99 1 6
28 100 2 8
29 1 1 8
29 2 4 9
29 3 4 9
29 4 0 2
29 5 0 2
29 6 0 2
29 7 0 2
29 8 0 2
29 9 0 2
29 10 0 2
29 11 5 11
29 12 0 2
29 13 0 2
29 14 0 2
29 15 0 2
29 16 0 2
29 17 0 2
29 18 0 2
29 19 2 6
29 20 0 2
29 21 0 2
29 22 0 2
29 23 0 2
29 24 0 2
29 25 0 2
29 26 0 2
29 27 0 2
29 28 0 2
29 29 0 2
29 30 0 2
29 31 0 2
29 32 0 2
29 33 0 2
29 34 0 2
29 35 0 2
29 36 0 2
29 37 0 2
29 38 0 2
29 39 0 2
29 40 0 2
29 41 0 2
29 42 0 2
29 43 0 2
29 44 0 2
29 45 0 2
29 46 0 2
29 47 0 2
29 48 0 2
29 49 0 2
29 50 0 2
29 51 0 2
29 52 0 2
29 53 6 12
29 54 0 2
29 55 0 2
29 56 0 2
29 57 0 2
29 58 0 2
29 59 0 2
29 60 0 2
29 61 1 4
29 62 0 2
29 63 2 10
29 64 2 10
29 65 5 11
29 66 7 11
29 67 6 13
29 68 2 6
29 69 6 11
29 70 4 8
29 71 3 9
29 72 4 11
29 73 3 8
29 74 2 3
29 75 4 11
29 76 2 10
29 77 3 7
29 78 6 12
29 79 3 7
29 80 1 3
29 81 4 11
29 82 5 11
29 83 1 3
29 84 2 6
29 85 5 12
29 86 6 14
29 87 1 5
29 88 5 11
29 89 4 9
29 90 0 2
29 91 0 2
29 92 0 2
29 93 4 11
29 94 4 10
29 95 0 2
29 96 0 2
29 97 0 2
29 98 8 12
29 99 14 13
29 100 2 9
30 1 1 8
30 2 4 9
30 3 0 2
30 4 0 2
30 5 0 2
30 6 0 2
30 7 0 2
30 8 0 2
30 9 0 2
30 10 5 11
30 11 0 2
30 12 0 2
30 13 0 2
30 14 0 2
30 15 0 2
30 16 0 2
30 17 0 2
30 18 2 6
30 19 0 2
30 20 0 2
30 21 0 2
30 22 0 2
30 23 0 2
30 24 0 2
30 25 0 2
30 26 0 2
30 27 0 2
30 28 0 2
30 29 0 2
30 30 0 2
30 31 0 2
30 32 0 2
30 33 0 2
30 34 4 7
30 35 0 2
30 36 1 8
30 37 0 2
30 38 0 2
30 39 0 2
30 40 0 2
30 41 0 2
30 42 0 2
30 43 0 2
30 44 0 2
30 45 0 2
30 46 0 2
30 47 0 2
30 48 0 2
30 49 0 2
30 50 0 2
30 51 0 2
30 52 0 2
30 53 0 2
30 54 0 2
30 55 0 2
30 56 0 2
30 57 0 2
30 58 0 2
30 59 0 2
30 60 0 2
30 61 0 2
30 62 4 12
30 63 0 2
30 64 0 2
30 65 0 2
30 66 0 2
30 67 0 2
30 68 3 12
30 69 0 2
30 70 4 11
30 71 2 9
30 72 4 9
30 73 4 11
30 74 3 8
30 75 7 10
30 76 7 12
30 77 7 13
30 78 5 12
30 79 5 10
30 80 6 12
30 81 5 12
30 82 1 2
30 83 6 14
30 84 4 8
30 85 3 8
30 86 4 11
30 87 2 15
30 88 6 11
30 89 0 2
30 90 0 2
30 91 0 2
30 92 0 2
30 93 1 3
30 94 3 9
30 95 0 2
30 96 0 2
30 97 0 2
30 98 0 3
30 99 0 2
30 100 0 2
31 1 4 10
31 2 0 2
31 3 0 2
31 4 0 2
31 5 0 2
31 6 0 2
31 7 0 2
31 8 0 2
31 9 5 11
31 10 0 2
31 11 0 2
31 12 0 2
31 13 0 2
31 14 0 2
31 15 0 2
31 16 0 2
31 17 2 6
31 18 0 2
31 19 0 2
31 20 0 2
31 21 0 2
31 22 0 2
31 23 0 2
31 24 0 2
31 25 0 2
31 26 0 2
31 27 0 2
31 28 0 2
31 29 0 2
31 30 0 2
31 31 0 2
31 32 0 2
31 33 0 2
31 34 0 2
31 35 0 2
31 36 0 2
31 37 0 2
31 38 0 2
31 39 0 2
31 40 0 2
31 41 0 2
31 42 0 2
31 43 0 2
31 44 0 2
31 45 0 2
31 46 0 2
31 47 0 2
31 48 0 2
31 49 0 2
31 50 0 2
31 51 0 2
31 52 0 2
31 53 0 2
31 54 0 2
31 55 0 2
31 56 0 2
31 57 0 2
31 58 0 2
31 59 0 2
31 60 0 2
31 61 0 2
31 62 0 2
31 63 0 2
31 64 0 2
31 65 0 2
31 66 0 2
31 67 0 2
31 68 0 2
31 69 1 8
31 70 7 14
31 71 6 10
31 72 4 9
31 73 1 12
31 74 5 11
31 75 6 11
31 76 10 11
31 77 4 9
31 78 2 10
31 79 4 10
31 80 5 13
31 81 0 4
31 82 4 13
31 83 5 13
31 84 4 10
31 85 0 3
31 86 1 6
31 87 8 14
31 88 0 2
31 89 0 2
31 90 0 2
31 91 0 2
31 92 0 2
31 93 4 12
31 94 0 2
31 95 4 12
31 96 0 2
31 97 4 12
31 98 6 13
31 99 5 11
31 100 4 12
32 1 4 10
32 2 6 12
32 3 0 2
32 4 0 2
32 5 0 2
32 6 0 2
32 7 0 2
32 8 0 2
32 9 0 2
32 10 5 11
32 11 0 2
32 12 0 2
32 13 0 2
32 14 0 2
32 15 0 2
32 16 0 2
32 17 0 2
32 18 2 6
32 19 0 2
32 20 0 2
32 21 0 2
32 22 0 2
32 23 0 2
32 24 0 2
32 25 0 2
32 26 0 2
32 27 0 2
32 28 0 2
32 29 0 2
32 30 0 2
32 31 0 2
32 32 0 2
32 33 6 13
32 34 0 2
32 35 0 2
32 36 0 2
32 37 0 2
32 38 0 2
32 39 0 2
32 40 0 2
32 41 0 2
32 42 0 2
32 43 0 2
32 44 0 2
32 45 0 2
32 46 0 2
32 47 0 2
32 48 0 2
32 49 0 2
32 50 0 2
32 51 0 2
32 52 0 2
32 53 0 2
32 54 0 2
32 55 0 2
32 56 0 2
32 57 0 2
32 58 0 2
32 59 0 2
32 60 0 2
32 61 0 2
32 62 0 2
32 63 0 2
32 64 0 2
32 65 0 2
32 66 0 2
32 67 0 2
32 68 0 2
32 69 0 2
32 70 0 2
32 71 0 2
32 72 3 5
32 73 6 10
32 74 3 13
32 75 1 6
32 76 7 13
32 77 5 14
32 78 4 6
32 79 3 8
32 80 6 13
32 81 6 14
32 82 5 9
32 83 6 10
32 84 0 3
32 85 4 12
32 86 0 2
32 87 0 2
32 88 0 2
32 89 0 2
32 90 0 2
32 91 0 2
32 92 0 1
32 93 0 2
32 94 2 11
32 95 0 2
32 96 1 4
32 97 0 2
32 98 1 7
32 99 6 12
32 100 6 13
33 1 3 12
33 2 6 12
33 3 4 10
33 4 5 13
33 5 0 2
33 6 0 2
33 7 0 2
33 8 0 2
33 9 0 2
33 10 0 2
33 11 0 2
33 12 0 2
33 13 0 2
33 14 5 11
33 15 0 2
33 16 0 2
33 17 0 2
33 18 0 2
33 19 0 2
33 20 0 2
33 21 0 2
33 22 2 6
33 23 0 2
33 24 0 2
33 25 0 2
33 26 0 2
33 27 0 2
33 28 0 2
33 29 0 2
33 30 0 2
33 31 0 2
33 32 0 2
33 33 0 2
33 34 0 2
33 35 0 2
33 36 0 2
33 37 0 2
33 38 3 15
33 39 0 2
33 40 0 2
33 41 0 2
33 42 0 3
33 43 0 2
33 44 0 2
33 45 0 2
33 46 0 2
33 47 0 2
33 48 0 2
33 49 0 2
33 50 0 2
33 51 0 2
33 52 0 2
33 53 0 2
33 54 0 2
33 55 0 2
33 56 0 2
33 57 0 2
33 58 0 2
33 59 0 2
33 60 0 2
33 61 0 2
33 62 0 2
33 63 0 2
33 64 0 2
33 65 0 2
33 66 0 2
33 67 0 2
33 68 0 2
33 69 0 2
33 70 0 2
33 71 0 2
33 72 0 2
33 73 4 10
33 74 3 5
33 75 2 8
33 76 4 7
33 77 2 3
33 78 3 8
33 79 6 13
33 80 5 13
33 81 4 12
33 82 5 13
33 83 4 11
33 84 5 14
33 85 5 9
33 86 3 10
33 87 2 13
33 88 5 10
33 89 0 2
33 90 0 2
33 91 0 2
33 92 0 2
33 93 4 7
33 94 1 8
33 95 0 2
33 96 0 2
33 97 2 13
33 98 4 8
33 99 6 13
33 100 6 11
34 1 6 12
34 2 4 10
34 3 0 2
34 4 0 2
34 5 0 2
34 6 0 2
34 7 0 2
34 8 0 2
34 9 0 2
34 10 5 11
34 11 0 2
34 12 0 2
34 13 0 2
34 14 0 2
34 15 0 2
34 16 0 2
34 17 0 2
34 18 2 6
34 19 0 2
34 20 0 2
34 21 0 2
34 22 0 2
34 23 0 2
34 24 0 2
34 25 0 2
34 26 0 2
34 27 0 2
34 28 0 2
34 29 0 2
34 30 0 2
34 31 0 2
34 32 0 2
34 33 0 2
34 34 0 2
34 35 0 2
34 36 0 2
34 37 0 2
34 38 0 2
34 39 0 2
34 40 0 2
34 41 0 2
34 42 0 2
34 43 0 2
34 44 0 2
34 45 0 2
34 46 0 2
34 47 0 2
34 48 0 2
34 49 0 2
34 50 0 2
34 51 0 2
34 52 0 2
34 53 0 2
34 54 0 2
34 55 0 2
34 56 0 2
34 57 0 2
34 58 0 2
34 59 0 2
34 60 0 2
34 61 0 2
34 62 0 2
34 63 0 2
34 64 0 2
34 65 0 2
34 66 0 2
34 67 5 13
34 68 3 12
34 69 6 12
34 70 6 12
34 71 3 12
34 72 1 2
34 73 4 10
34 74 2 3
34 75 2 7
34 76 6 13
34 77 7 11
34 78 0 2
34 79 0 2
34 80 4 11
34 81 3 7
34 82 4 14
34 83 4 12
34 84 3 8
34 85 3 10
34 86 5 14
34 87 5 9
34 88 0 2
34 89 0 1
34 90 0 2
34 91 0 2
34 92 3 12
34 93 2 13
34 94 2 3
34 95 0 2
34 96 4 13
34 97 4 8
34 98 7 13
34 99 2 10
34 100 4 9
35 1 0 2
35 2 0 3
35 3 0 2
35 4 0 2
35 5 0 2
35 6 0 2
35 7 0 2
35 8 0 2
35 9 0 2
35 10 5 11
35 11 0 2
35 12 0 2
35 13 0 2
35 14 0 2
35 15 0 2
35 16 0 2
35 17 0 2
35 18 2 6
35 19 0 2
35 20 0 2
35 21 0 2
35 22 0 2
35 23 0 2
35 24 0 2
35 25 0 2
35 26 0 2
35 27 0 2
35 28 0 2
35 29 0 2
35 30 0 2
35 31 0 2
35 32 0 2
35 33 0 2
35 34 0 2
35 35 0 2
35 36 0 2
35 37 0 2
35 38 0 2
35 39 0 2
35 40 0 2
35 41 0 2
35 42 0 2
35 43 0 2
35 44 0 2
35 45 0 2
35 46 0 2
35 47 0 2
35 48 0 2
35 49 0 2
35 50 0 2
35 51 0 2
35 52 0 2
35 53 0 2
35 54 0 2
35 55 0 2
35 56 0 2
35 57 0 2
35 58 0 2
35 59 0 2
35 60 0 2
35 61 0 2
35 62 0 2
35 63 0 2
35 64 0 2
35 65 0 2
35 66 0 2
35 67 0 2
35 68 0 2
35 69 0 2
35 70 0 2
35 71 0 2
35 72 0 2
35 73 4 10
35 74 5 12
35 75 2 7
35 76 5 14
35 77 6 13
35 78 6 12
35 79 5 12
35 80 5 10
35 81 1 3
35 82 3 14
35 83 6 11
35 84 11 13
35 85 0 2
35 86 0 2
35 87 0 2
35 88 0 2
35 89 5 10
35 90 0 2
35 91 1 2
35 92 0 1
35 93 0 1
35 94 2 8
35 95 3 9
35 96 0 2
35 97 0 2
35 98 0 2
35 99 3 10
35 100 11 13
36 1 2 8
36 2 0 2
36 3 0 3
36 4 0 2
36 5 0 2
36 6 0 2
36 7 0 2
36 8 0 2
36 9 0 2
36 10 0 2
36 11 5 11
36 12 0 2
36 13 0 2
36 14 0 2
36 15 0 2
36 16 0 2
36 17 0 2
36 18 0 2
36 19 2 6
36 20 0 2
36 21 0 2
36 22 0 2
36 23 0 2
36 24 0 2
36 25 0 2
36 26 0 2
36 27 0 2
36 28 0 2
36 29 0 2
36 30 0 2
36 31 0 2
36 32 0 2
36 33 4 11
36 34 0 2
36 35 0 2
36 36 0 2
36 37 0 2
36 38 3 9
36 39 2 4
36 40 0 2
36 41 0 2
36 42 0 2
36 43 0 2
36 44 6 11
36 45 0 2
36 46 0 2
36 47 0 2
36 48 0 2
36 49 0 2
36 50 0 2
36 51 0 2
36 52 0 2
36 53 0 2
36 54 0 2
36 55 0 2
36 56 0 2
36 57 0 2
36 58 0 2
36 59 0 2
36 60 0 2
36 61 0 2
36 62 0 2
36 63 0 2
36 64 0 2
36 65 0 2
36 66 0 2
36 67 5 11
36 68 0 2
36 69 0 2
36 70 0 2
36 71 4 10
36 72 0 2
36 73 0 2
36 74 0 2
36 75 0 2
36 76 0 2
36 77 0 2
36 78 0 2
36 79 0 2
36 80 0 2
36 81 6 10
36 82 6 14
36 83 4 10
36 84 4 10
36 85 1 3
36 86 5 9
36 87 6 12
36 88 8 13
36 89 3 11
36 90 10 12
36 91 8 12
36 92 0 2
36 93 0 1
36 94 0 2
36 95 3 9
36 96 0 2
36 97 0 2
36 98 0 2
36 99 3 10
36 100 5 11
37 1 3 12
37 2 4 7
37 3 0 2
37 4 0 2
37 5 0 2
37 6 0 2
37 7 0 2
37 8 0 2
37 9 0 2
37 10 5 11
37 11 0 2
37 12 0 2
37 13 0 2
37 14 0 2
37 15 0 2
37 16 0 2
37 17 0 2
37 18 2 6
37 19 0 2
37 20 0 2
37 21 0 2
37 22 0 2
37 23 0 2
37 24 0 2
37 25 0 2
37 26 0 2
37 27 0 2
37 28 0 2
37 29 0 2
37 30 0 2
37 31 0 2
37 32 0 2
37 33 0 2
37 34 0 2
37 35 0 2
37 36 0 2
37 37 6 11
37 38 0 2
37 39 0 2
37 40 0 2
37 41 0 2
37 42 0 2
37 43 0 2
37 44 0 2
37 45 0 2
37 46 0 2
37 47 0 2
37 48 0 2
37 49 0 2
37 50 0 2
37 51 0 2
37 52 0 2
37 53 0 2
37 54 0 2
37 55 0 2
37 56 0 2
37 57 0 2
37 58 0 2
37 59 0 2
37 60 0 2
37 61 0 2
37 62 0 2
37 63 0 2
37 64 0 2
37 65 0 2
37 66 0 2
37 67 0 2
37 68 0 2
37 69 9 12
37 70 10 12
37 71 3 12
37 72 7 13
37 73 4 12
37 74 0 2
37 75 0 3
37 76 0 2
37 77 4 13
37 78 2 10
37 79 6 11
37 80 1 7
37 81 10 12
37 82 4 9
37 83 6 12
37 84 3 10
37 85 4 12
37 86 4 12
37 87 6 10
37 88 5 12
37 89 2 8
37 90 6 13
37 91 4 14
37 92 0 1
37 93 1 12
37 94 3 11
37 95 7 15
37 96 3 11
37 97 0 2
37 98 0 2
37 99 1 7
37 100 2 10
38 1 3 9
38 2 2 9
38 3 4 7
38 4 0 2
38 5 0 2
38 6 0 2
38 7 0 2
38 8 0 2
38 9 0 2
38 10 0 2
38 11 5 11
38 12 0 2
38 13 0 2
38 14 0 2
38 15 0 2
38 16 0 2
38 17 0 2
38 18 0 2
38 19 2 6
38 20 0 2
38 21 0 2
38 22 0 2
38 23 0 2
38 24 0 2
38 25 0 2
38 26 0 2
38 27 0 2
38 28 0 2
38 29 0 2
38 30 0 2
38 31 0 2
38 32 0 2
38 33 0 2
38 34 0 2
38 35 0 2
38 36 0 2
38 37 0 2
38 38 0 2
38 39 0 2
38 40 0 2
38 41 0 2
38 42 0 2
38 43 0 2
38 44 0 2
38 45 0 2
38 46 0 2
38 47 0 2
38 48 0 2
38 49 0 2
38 50 0 2
38 51 0 2
38 52 0 2
38 53 0 2
38 54 0 2
38 55 0 2
38 56 0 2
38 57 0 2
38 58 0 2
38 59 0 2
38 60 0 2
38 61 0 2
38 62 0 2
38 63 0 2
38 64 0 2
38 65 0 2
38 66 3 12
38 67 6 9
38 68 4 11
38 69 4 9
38 70 4 7
38 71 5 10
38 72 6 12
38 73 3 11
38 74 3 10
38 75 5 12
38 76 3 9
38 77 5 9
38 78 7 14
38 79 5 14
38 80 2 6
38 81 9 13
38 82 0 2
38 83 0 2
38 84 0 2
38 85 0 2
38 86 3 11
38 87 0 2
38 88 0 2
38 89 0 2
38 90 0 2
38 91 0 2
38 92 1 7
38 93 2 6
38 94 2 7
38 95 4 13
38 96 4 9
38 97 1 6
38 98 7 15
38 99 3 15
38 100 8 12
39 1 2 9
39 2 2 6
39 3 5 13
39 4 3 14
39 5 1 4
39 6 0 2
39 7 0 2
39 8 0 2
39 9 0 2
39 10 0 2
39 11 0 2
39 12 0 2
39 13 5 11
39 14 0 2
39 15 0 2
39 16 0 2
39 17 0 2
39 18 0 2
39 19 0 2
39 20 0 2
39 21 2 6
39 22 0 2
39 23 0 2
39 24 0 2
39 25 0 2
39 26 0 2
39 27 0 2
39 28 0 2
39 29 0 2
39 30 0 2
39 31 0 2
39 32 0 2
39 33 0 2
39 34 0 2
39 35 0 2
39 36 0 2
39 37 0 2
39 38 0 2
39 39 0 2
39 40 0 2
39 41 0 2
39 42 0 2
39 43 0 2
39 44 0 2
39 45 0 2
39 46 0 2
39 47 0 2
39 48 0 2
39 49 0 2
39 50 0 2
39 51 0 2
39 52 0 2
39 53 0 2
39 54 0 2
39 55 0 2
39 56 0 2
39 57 0 2
39 58 0 2
39 59 0 2
39 60 0 2
39 61 0 2
39 62 0 2
39 63 0 2
39 64 0 2
39 65 0 2
39 66 0 2
39 67 0 2
39 68 0 2
39 69 0 2
39 70 4 8
39 71 0 2
39 72 3 11
39 73 6 12
39 74 2 8
39 75 4 7
39 76 2 8
39 77 3 9
39 78 5 10
39 79 5 15
39 80 3 8
39 81 3 12
39 82 4 10
39 83 3 10
39 84 3 8
39 85 5 14
39 86 5 12
39 87 0 1
39 88 0 2
39 89 0 2
39 90 0 2
39 91 0 2
39 92 0 2
39 93 2 10
39 94 0 2
39 95 0 2
39 96 6 12
39 97 2 8
39 98 8 14
39 99 5 10
39 100 6 15
40 1 5 10
40 2 0 2
40 3 0 2
40 4 0 2
40 5 0 2
40 6 0 2
40 7 0 2
40 8 0 2
40 9 5 11
40 10 0 2
40 11 0 2
40 12 0 2
40 13 0 2
40 14 0 2
40 15 0 2
40 16 0 2
40 17 2 6
40 18 0 2
40 19 0 2
40 20 0 2
40 21 0 2
40 22 0 2
40 23 0 2
40 24 0 2
40 25 0 2
40 26 0 2
40 27 0 2
40 28 0 2
40 29 0 2
40 30 0 2
40 31 0 2
40 32 0 2
40 33 0 2
40 34 0 2
40 35 1 4
40 36 0 2
40 37 0 2
40 38 0 2
40 39 0 2
40 40 0 2
40 41 0 2
40 42 0 2
40 43 0 2
40 44 0 2
40 45 0 2
40 46 0 2
40 47 0 2
40 48 0 2
40 49 0 2
40 50 0 2
40 51 0 2
40 52 0 2
40 53 0 2
40 54 0 2
40 55 0 2
40 56 0 2
40 57 0 2
40 58 0 2
40 59 0 2
40 60 0 2
40 61 0 2
40 62 0 2
40 63 0 4
40 64 3 11
40 65 7 11
40 66 3 9
40 67 2 7
40 68 9 13
40 69 1 4
40 70 4 6
40 71 2 9
40 72 3 14
40 73 2 6
40 74 4 9
40 75 1 9
40 76 3 8
40 77 5 12
40 78 1 2
40 79 9 12
40 80 7 13
40 81 5 13
40 82 2 8
40 83 5 13
40 84 1 3
40 85 0 1
40 86 0 1
40 87 0 2
40 88 0 2
40 89 0 2
40 90 0 2
40 91 0 2
40 92 0 2
40 93 5 15
40 94 0 2
40 95 5 12
40 96 3 12
40 97 8 12
40 98 2 6
40 99 7 14
40 100 2 9
41 1 0 2
41 2 0 2
41 3 0 2
41 4 0 2
41 5 0 2
41 6 0 2
41 7 0 2
41 8 5 11
41 9 0 2
41 10 0 2
41 11 0 2
41 12 0 2
41 13 0 2
41 14 0 2
41 15 0 2
41 16 2 6
41 17 0 2
41 18 0 2
41 19 0 2
41 20 0 2
41 21 0 2
41 22 0 2
41 23 0 2
41 24 0 2
41 25 0 2
41 26 0 2
41 27 0 2
41 28 0 2
41 29 0 2
41 30 0 2
41 31 0 2
41 32 0 2
41 33 0 2
41 34 0 2
41 35 0 2
41 36 0 2
41 37 0 2
41 38 0 2
41 39 0 2
41 40 0 2
41 41 0 2
41 42 0 2
41 43 0 2
41 44 0 2
41 45 0 2
41 46 0 2
41 47 0 2
41 48 0 2
41 49 0 2
41 50 0 2
41 51 0 2
41 52 0 2
41 53 0 3
41 54 0 2
41 55 0 2
41 56 0 2
41 57 0 2
41 58 0 2
41 59 0 2
41 60 0 2
41 61 0 2
41 62 2 7
41 63 7 12
41 64 3 8
41 65 4 14
41 66 5 11
41 67 2 10
41 68 7 10
41 69 7 10
41 70 6 12
41 71 4 10
41 72 5 10
41 73 6 15
41 74 7 12
41 75 5 13
41 76 10 13
41 77 3 7
41 78 3 12
41 79 1 2
41 80 5 13
41 81 6 13
41 82 0 1
41 83 0 2
41 84 0 2
41 85 0 2
41 86 0 1
41 87 0 2
41 88 0 2
41 89 1 10
41 90 0 2
41 91 0 2
41 92 0 2
41 93 9 13
41 94 5 12
41 95 1 11
41 96 6 15
41 97 5 13
41 98 7 13
41 99 0 2
41 100 3 9
42 1 0 2
42 2 0 2
42 3 0 2
42 4 0 2
42 5 0 2
42 6 0 2
42 7 0 2
42 8 5 11
42 9 0 2
42 10 0 2
42 11 0 2
42 12 0 2
42 13 0 2
42 14 0 2
42 15 0 2
42 16 2 6
42 17 0 2
42 18 0 2
42 19 0 2
42 20 0 2
42 21 0 2
42 22 0 2
42 23 0 2
42 24 0 2
42 25 0 2
42 26 0 2
42 27 0 2
42 28 0 2
42 29 0 2
42 30 0 2
42 31 0 2
42 32 0 2
42 33 0 2
42 34 0 2
42 35 0 2
42 36 0 2
42 37 0 2
42 38 0 2
42 39 0 2
42 40 0 2
42 41 0 2
42 42 0 2
42 43 0 2
42 44 0 2
42 45 0 2
42 46 0 2
42 47 0 2
42 48 0 2
42 49 0 2
42 50 0 2
42 51 0 2
42 52 0 2
42 53 0 2
42 54 0 2
42 55 0 2
42 56 0 2
42 57 0 2
42 58 0 2
42 59 0 2
42 60 0 2
42 61 0 2
42 62 0 2
42 63 0 2
42 64 4 11
42 65 5 13
42 66 5 15
42 67 8 11
42 68 3 13
42 69 4 11
42 70 5 9
42 71 4 11
42 72 3 15
42 73 3 13
42 74 6 13
42 75 5 14
42 76 3 13
42 77 1 2
42 78 1 6
42 79 3 8
42 80 3 12
42 81 6 15
42 82 0 2
42 83 0 1
42 84 0 1
42 85 0 1
42 86 0 3
42 87 0 2
42 88 0 2
42 89 5 13
42 90 2 11
42 91 0 1
42 92 0 2
42 93 2 9
42 94 2 10
42 95 6 14
42 96 1 2
42 97 5 8
42 98 7 15
42 99 0 4
42 100 0 2
43 1 0 2
43 2 0 2
43 3 0 2
43 4 0 2
43 5 0 2
43 6 0 2
43 7 0 2
43 8 5 11
43 9 0 2
43 10 0 2
43 11 0 2
43 12 0 2
43 13 0 2
43 14 0 2
43 15 0 2
43 16 2 6
43 17 0 2
43 18 0 2
43 19 0 2
43 20 0 2
43 21 0 2
43 22 0 2
43 23 0 2
43 24 0 2
43 25 0 2
43 26 0 2
43 27 0 2
43 28 0 2
43 29 0 2
43 30 0 2
43 31 0 2
43 32 0 2
43 33 0 2
43 34 0 2
43 35 0 2
43 36 0 2
43 37 0 2
43 38 0 2
43 39 0 2
43 40 0 2
43 41 0 2
43 42 0 2
43 43 0 2
43 44 0 2
43 45 0 2
43 46 0 2
43 47 0 2
43 48 0 2
43 49 0 2
43 50 0 2
43 51 0 2
43 52 0 2
43 53 0 2
43 54 0 2
43 55 0 2
43 56 0 2
43 57 0 2
43 58 0 2
43 59 0 2
43 60 0 2
43 61 0 2
43 62 0 2
43 63 0 2
43 64 0 2
43 65 0 2
43 66 0 2
43 67 0 2
43 68 0 2
43 69 3 13
43 70 4 10
43 71 6 14
43 72 3 10
43 73 5 12
43 74 2 8
43 75 4 9
43 76 4 11
43 77 7 11
43 78 7 14
43 79 6 12
43 80 8 13
43 81 4 12
43 82 1 5
43 83 2 5
43 84 4 10
43 85 3 10
43 86 0 2
43 87 0 2
43 88 0 2
43 89 0 1
43 90 0 2
43 91 0 2
43 92 0 2
43 93 1 4
43 94 0 2
43 95 0 2
43 96 6 10
43 97 3 15
43 98 2 9
43 99 3 14
43 100 5 11
44 1 0 2
44 2 0 2
44 3 0 2
44 4 0 2
44 5 0 2
44 6 0 2
44 7 0 2
44 8 5 11
44 9 0 2
44 10 0 2
44 11 0 2
44 12 0 2
44 13 0 2
44 14 0 2
44 15 0 2
44 16 2 6
44 17 0 2
44 18 0 2
44 19 0 2
44 20 0 2
44 21 0 2
44 22 0 2
44 23 0 2
44 24 0 2
44 25 0 2
44 26 0 2
44 27 0 2
44 28 0 2
44 29 0 2
44 30 0 2
44 31 0 2
44 32 0 2
44 33 0 2
44 34 0 2
44 35 0 2
44 36 0 2
44 37 0 2
44 38 0 2
44 39 0 2
44 40 0 2
44 41 0 2
44 42 0 2
44 43 0 2
44 44 0 2
44 45 0 2
44 46 0 2
44 47 0 2
44 48 0 2
44 49 0 2
44 50 0 2
44 51 0 2
44 52 0 2
44 53 0 2
44 54 0 2
44 55 0 2
44 56 0 2
44 57 0 2
44 58 0 2
44 59 0 2
44 60 0 2
44 61 0 2
44 62 0 2
44 63 0 2
44 64 0 2
44 65 0 2
44 66 0 2
44 67 0 2
44 68 0 2
44 69 0 2
44 70 0 2
44 71 0 2
44 72 0 2
44 73 0 2
44 74 0 2
44 75 0 2
44 76 0 2
44 77 0 2
44 78 0 2
44 79 2 9
44 80 3 12
44 81 5 11
44 82 7 11
44 83 4 12
44 84 1 5
44 85 3 9
44 86 0 2
44 87 0 1
44 88 0 2
44 89 0 4
44 90 4 13
44 91 0 9
44 92 2 9
44 93 4 11
44 94 5 11
44 95 6 12
44 96 2 8
44 97 0 2
44 98 0 2
44 99 4 13
44 100 2 7
45 1 5 10
45 2 4 14
45 3 2 3
45 4 0 2
45 5 0 2
45 6 0 2
45 7 0 2
45 8 0 2
45 9 0 2
45 10 0 2
45 11 5 11
45 12 0 2
45 13 0 2
45 14 0 2
45 15 0 2
45 16 0 2
45 17 0 2
45 18 0 2
45 19 2 6
45 20 0 2
45 21 0 2
45 22 0 2
45 23 0 2
45 24 0 2
45 25 0 2
45 26 0 2
45 27 0 2
45 28 0 2
45 29 0 2
45 30 0 2
45 31 0 2
45 32 0 2
45 33 0 2
45 34 0 2
45 35 0 2
45 36 0 2
45 37 0 2
45 38 0 2
45 39 0 2
45 40 0 2
45 41 0 2
45 42 0 2
45 43 0 2
45 44 0 2
45 45 0 2
45 46 0 2
45 47 0 2
45 48 0 2
45 49 0 2
45 50 0 2
45 51 0 2
45 52 0 2
45 53 0 2
45 54 0 2
45 55 0 2
45 56 0 2
45 57 0 2
45 58 0 2
45 59 0 2
45 60 0 2
45 61 0 2
45 62 0 2
45 63 0 2
45 64 0 2
45 65 0 2
45 66 0 2
45 67 0 2
45 68 0 2
45 69 0 2
45 70 0 2
45 71 0 2
45 72 0 2
45 73 1 4
45 74 9 15
45 75 4 14
45 76 3 14
45 77 5 12
45 78 3 6
45 79 4 11
45 80 1 5
45 81 5 9
45 82 5 9
45 83 1 2
45 84 0 2
45 85 0 2
45 86 2 9
45 87 3 9
45 88 4 12
45 89 0 1
45 90 0 2
45 91 0 3
45 92 5 12
45 93 6 12
45 94 1 6
45 95 0 2
45 96 1 4
45 97 5 12
45 98 4 11
45 99 2 10
45 100 4 11
46 1 0 2
46 2 0 2
46 3 0 2
46 4 0 2
46 5 0 2
46 6 0 2
46 7 0 2
46 8 5 11
46 9 0 2
46 10 0 2
46 11 0 2
46 12 0 2
46 13 0 2
46 14 0 2
46 15 0 2
46 16 2 6
46 17 0 2
46 18 0 2
46 19 0 2
46 20 0 2
46 21 0 2
46 22 0 2
46 23 0 2
46 24 0 2
46 25 0 2
46 26 0 2
46 27 0 2
46 28 0 2
46 29 0 2
46 30 0 2
46 31 0 2
46 32 0 2
46 33 0 2
46 34 0 2
46 35 0 2
46 36 0 2
46 37 0 2
46 38 0 2
46 39 0 2
46 40 0 2
46 41 0 2
46 42 0 2
46 43 0 2
46 44 0 2
46 45 0 2
46 46 0 2
46 47 0 2
46 48 0 2
46 49 0 2
46 50 0 2
46 51 0 2
46 52 0 2
46 53 0 2
46 54 0 2
46 55 0 2
46 56 0 2
46 57 0 2
46 58 0 2
46 59 0 2
46 60 2 5
46 61 2 5
46 62 7 13
46 63 5 10
46 64 6 9
46 65 7 12
46 66 2 3
46 67 2 14
46 68 4 14
46 69 4 9
46 70 4 9
46 71 4 12
46 72 4 9
46 73 0 2
46 74 0 2
46 75 8 13
46 76 4 8
46 77 4 8
46 78 3 10
46 79 1 7
46 80 6 12
46 81 3 12
46 82 3 12
46 83 5 11
46 84 4 10
46 85 1 3
46 86 0 1
46 87 0 1
46 88 0 1
46 89 0 2
46 90 0 1
46 91 6 12
46 92 0 2
46 93 0 2
46 94 1 4
46 95 3 11
46 96 4 14
46 97 2 9
46 98 5 10
46 99 2 7
46 100 0 2
47 1 6 11
47 2 0 2
47 3 0 2
47 4 0 2
47 5 0 2
47 6 0 2
47 7 0 2
47 8 0 2
47 9 5 11
47 10 0 2
47 11 0 2
47 12 0 2
47 13 0 2
47 14 0 2
47 15 0 2
47 16 0 2
47 17 2 6
47 18 0 2
47 19 0 2
47 20 0 2
47 21 0 2
47 22 0 2
47 23 0 2
47 24 0 2
47 25 0 2
47 26 0 2
47 27 0 2
47 28 0 2
47 29 0 2
47 30 0 2
47 31 0 2
47 32 0 2
47 33 0 2
47 34 0 2
47 35 0 2
47 36 0 2
47 37 0 2
47 38 0 2
47 39 0 2
47 40 0 2
47 41 0 2
47 42 0 2
47 43 0 2
47 44 0 2
47 45 0 2
47 46 0 2
47 47 0 2
47 48 0 2
47 49 0 2
47 50 0 2
47 51 0 2
47 52 0 2
47 53 0 2
47 54 0 2
47 55 0 2
47 56 0 2
47 57 0 2
47 58 0 2
47 59 0 2
47 60 0 2
47 61 0 2
47 62 0 2
47 63 0 2
47 64 3 12
47 65 3 14
47 66 3 9
47 67 3 9
47 68 11 12
47 69 1 5
47 70 7 13
47 71 4 9
47 72 3 7
47 73 5 14
47 74 5 11
47 75 1 4
47 76 4 11
47 77 3 8
47 78 4 11
47 79 4 11
47 80 3 5
47 81 3 8
47 82 8 15
47 83 5 12
47 84 6 13
47 85 4 8
47 86 3 8
47 87 6 12
47 88 0 2
47 89 0 2
47 90 0 2
47 91 0 5
47 92 7 14
47 93 0 2
47 94 0 2
47 95 2 14
47 96 3 12
47 97 2 11
47 98 7 13
47 99 3 12
47 100 2 12
48 1 3 12
48 2 1 5
48 3 0 2
48 4 0 2
48 5 0 2
48 6 0 2
48 7 0 2
48 8 0 2
48 9 0 2
48 10 5 11
48 11 0 2
48 12 0 2
48 13 0 2
48 14 0 2
48 15 0 2
48 16 0 2
48 17 0 2
48 18 2 6
48 19 0 2
48 20 0 2
48 21 0 2
48 22 0 2
48 23 0 2
48 24 0 2
48 25 0 2
48 26 0 2
48 27 0 2
48 28 0 2
48 29 0 2
48 30 0 2
48 31 0 2
48 32 0 2
48 33 0 2
48 34 0 2
48 35 0 2
48 36 0 2
48 37 0 2
48 38 0 2
48 39 0 2
48 40 0 2
48 41 0 2
48 42 0 2
48 43 0 2
48 44 0 2
48 45 0 2
48 46 0 2
48 47 0 2
48 48 0 2
48 49 0 2
48 50 0 2
48 51 0 2
48 52 0 2
48 53 0 2
48 54 0 2
48 55 0 2
48 56 0 2
48 57 0 2
48 58 0 2
48 59 0 2
48 60 0 2
48 61 0 2
48 62 0 2
48 63 0 2
48 64 0 2
48 65 0 2
48 66 0 2
48 67 0 2
48 68 0 2
48 69 0 2
48 70 0 2
48 71 0 2
48 72 5 11
48 73 4 8
48 74 3 5
48 75 6 11
48 76 6 15
48 77 1 6
48 78 5 11
48 79 7 14
48 80 3 14
48 81 9 13
48 82 6 11
48 83 5 9
48 84 5 11
48 85 0 2
48 86 0 2
48 87 0 1
48 88 0 2
48 89 0 2
48 90 8 14
48 91 0 5
48 92 2 12
48 93 2 9
48 94 6 14
48 95 3 12
48 96 0 2
48 97 0 2
48 98 4 11
48 99 5 12
48 100 4 12
49 1 0 2
49 2 0 2
49 3 0 2
49 4 0 2
49 5 0 2
49 6 0 2
49 7 0 2
49 8 5 11
49 9 0 2
49 10 0 2
49 11 0 2
49 12 0 2
49 13 0 2
49 14 0 2
49 15 0 2
49 16 2 6
49 17 0 2
49 18 0 2
49 19 0 2
49 20 0 2
49 21 0 2
49 22 0 2
49 23 0 2
49 24 0 2
49 25 0 2
49 26 0 2
49 27 0 2
49 28 0 2
49 29 0 2
49 30 0 2
49 31 0 2
49 32 0 2
49 33 0 2
49 34 0 2
49 35 0 2
49 36 0 2
49 37 0 2
49 38 0 2
49 39 0 2
49 40 0 2
49 41 0 2
49 42 0 2
49 43 0 2
49 44 0 2
49 45 0 2
49 46 0 2
49 47 0 2
49 48 0 2
49 49 0 2
49 50 0 2
49 51 0 2
49 52 0 2
49 53 0 2
49 54 0 2
49 55 0 2
49 56 0 2
49 57 0 2
49 58 0 2
49 59 0 2
49 60 0 2
49 61 0 2
49 62 0 2
49 63 0 2
49 64 0 2
49 65 0 2
49 66 0 2
49 67 1 5
49 68 1 5
49 69 1 5
49 70 3 12
49 71 3 5
49 72 7 14
49 73 8 14
49 74 2 4
49 75 5 10
49 76 4 12
49 77 8 12
49 78 4 13
49 79 4 14
49 80 8 13
49 81 0 2
49 82 7 11
49 83 4 13
49 84 5 10
49 85 0 3
49 86 0 2
49 87 0 2
49 88 0 1
49 89 0 2
49 90 3 14
49 91 5 11
49 92 0 2
49 93 0 2
49 94 0 2
49 95 0 2
49 96 5 12
49 97 5 13
49 98 8 14
49 99 3 7
49 100 3 12
50 1 7 14
50 2 3 13
50 3 1 5
50 4 3 12
50 5 2 4
50 6 3 7
50 7 5 8
50 8 3 12
50 9 4 12
50 10 0 2
50 11 0 2
50 12 0 2
50 13 0 2
50 14 0 2
50 15 0 2
50 16 0 2
50 17 5 11
50 18 0 2
50 19 0 2
50 20 0 2
50 21 0 2
50 22 0 2
50 23 0 2
50 24 0 2
50 25 2 6
50 26 0 2
50 27 0 2
50 28 0 2
50 29 0 2
50 30 0 2
50 31 0 2
50 32 0 2
50 33 0 2
50 34 0 2
50 35 0 2
50 36 0 2
50 37 0 2
50 38 0 2
50 39 0 2
50 40 0 2
50 41 0 2
50 42 0 2
50 43 0 2
50 44 0 2
50 45 0 2
50 46 0 2
50 47 0 2
50 48 0 2
50 49 0 2
50 50 0 2
50 51 0 2
50 52 0 2
50 53 0 2
50 54 0 2
50 55 0 2
50 56 0 2
50 57 0 2
50 58 0 2
50 59 0 2
50 60 0 2
50 61 0 2
50 62 0 2
50 63 3 9
50 64 0 2
50 65 0 2
50 66 0 2
50 67 0 2
50 68 0 2
50 69 0 2
50 70 0 2
50 71 0 2
50 72 0 2
50 73 0 2
50 74 0 2
50 75 0 2
50 76 0 2
50 77 4 9
50 78 2 6
50 79 4 9
50 80 3 7
50 81 4 12
50 82 6 11
50 83 0 4
50 84 7 10
50 85 6 10
50 86 4 12
50 87 6 10
50 88 0 2
50 89 0 2
50 90 0 2
50 91 0 2
50 92 0 2
50 93 8 13
50 94 4 11
50 95 4 10
50 96 0 2
50 97 6 13
50 98 2 7
50 99 4 10
50 100 8 13
51 1 0 2
51 2 0 2
51 3 0 2
51 4 0 2
51 5 0 2
51 6 0 2
51 7 0 2
51 8 5 11
51 9 0 2
51 10 0 2
51 11 0 2
51 12 0 2
51 13 0 2
51 14 0 2
51 15 0 2
51 16 2 6
51 17 0 2
51 18 0 2
51 19 0 2
51 20 0 2
51 21 0 2
51 22 0 2
51 23 0 2
51 24 0 2
51 25 0 2
51 26 0 2
51 27 0 2
51 28 0 2
51 29 0 2
51 30 0 2
51 31 0 2
51 32 0 2
51 33 0 2
51 34 0 2
51 35 4 10
51 36 0 2
51 37 0 2
51 38 0 2
51 39 0 2
51 40 0 2
51 41 0 2
51 42 0 2
51 43 0 2
51 44 0 2
51 45 0 2
51 46 0 2
51 47 0 2
51 48 0 2
51 49 0 2
51 50 0 2
51 51 0 2
51 52 0 2
51 53 0 2
51 54 0 2
51 55 0 2
51 56 0 2
51 57 0 2
51 58 0 2
51 59 0 2
51 60 0 2
51 61 0 2
51 62 0 2
51 63 0 2
51 64 1 6
51 65 0 2
51 66 0 2
51 67 3 12
51 68 4 9
51 69 3 13
51 70 5 10
51 71 4 10
51 72 4 12
51 73 4 8
51 74 6 8
51 75 2 4
51 76 7 12
51 77 3 12
51 78 2 4
51 79 5 8
51 80 1 5
51 81 3 12
51 82 5 11
51 83 5 8
51 84 8 10
51 85 2 8
51 86 7 14
51 87 7 13
51 88 1 4
51 89 3 7
51 90 0 2
51 91 0 2
51 92 0 1
51 93 0 2
51 94 0 5
51 95 0 2
51 96 0 2
51 97 6 14
51 98 6 15
51 99 5 11
51 100 0 2
52 1 0 2
52 2 0 2
52 3 0 2
52 4 0 2
52 5 0 2
52 6 0 2
52 7 0 2
52 8 5 11
52 9 0 2
52 10 0 2
52 11 0 2
52 12 0 2
52 13 0 2
52 14 0 2
52 15 0 2
52 16 2 6
52 17 0 2
52 18 0 2
52 19 0 2
52 20 0 2
52 21 0 2
52 22 0 2
52 23 0 2
52 24 0 2
52 25 0 2
52 26 0 2
52 27 0 2
52 28 0 2
52 29 0 2
52 30 0 2
52 31 0 2
52 32 0 2
52 33 0 2
52 34 0 2
52 35 0 2
52 36 0 2
52 37 0 2
52 38 0 2
52 39 0 2
52 40 0 2
52 41 0 2
52 42 0 2
52 43 0 2
52 44 0 2
52 45 0 2
52 46 0 2
52 47 0 2
52 48 0 2
52 49 0 2
52 50 0 2
52 51 0 2
52 52 0 2
52 53 0 2
52 54 0 2
52 55 0 2
52 56 0 2
52 57 0 2
52 58 0 2
52 59 0 2
52 60 0 2
52 61 0 2
52 62 0 2
52 63 5 11
52 64 2 9
52 65 1 3
52 66 1 5
52 67 3 8
52 68 2 4
52 69 4 12
52 70 2 11
52 71 9 12
52 72 5 9
52 73 5 11
52 74 7 12
52 75 3 7
52 76 8 12
52 77 1 3
52 78 3 6
52 79 3 10
52 80 6 14
52 81 4 9
52 82 0 2
52 83 0 2
52 84 0 2
52 85 2 9
52 86 0 2
52 87 0 2
52 88 4 11
52 89 0 3
52 90 5 10
52 91 3 8
52 92 0 2
52 93 0 2
52 94 0 2
52 95 0 2
52 96 2 5
52 97 2 8
52 98 5 14
52 99 0 2
52 100 0 4
53 1 0 2
53 2 0 2
53 3 0 2
53 4 0 2
53 5 0 2
53 6 0 2
53 7 0 2
53 8 5 11
53 9 0 2
53 10 0 2
53 11 0 2
53 12 0 2
53 13 0 2
53 14 0 2
53 15 0 2
53 16 2 6
53 17 0 2
53 18 0 2
53 19 0 2
53 20 0 2
53 21 0 2
53 22 0 2
53 23 0 2
53 24 0 2
53 25 0 2
53 26 0 2
53 27 0 2
53 28 0 2
53 29 0 2
53 30 0 2
53 31 0 2
53 32 0 2
53 33 0 2
53 34 0 2
53 35 0 2
53 36 0 2
53 37 0 2
53 38 0 2
53 39 0 2
53 40 0 2
53 41 0 2
53 42 0 2
53 43 0 2
53 44 0 2
53 45 0 2
53 46 0 2
53 47 0 2
53 48 0 2
53 49 0 2
53 50 0 2
53 51 0 2
53 52 0 2
53 53 0 2
53 54 0 2
53 55 0 2
53 56 0 2
53 57 0 2
53 58 0 2
53 59 0 2
53 60 0 2
53 61 0 2
53 62 0 2
53 63 0 2
53 64 0 2
53 65 0 2
53 66 0 2
53 67 0 2
53 68 0 2
53 69 6 10
53 70 8 13
53 71 5 11
53 72 1 3
53 73 3 9
53 74 6 10
53 75 2 3
53 76 7 11
53 77 4 9
53 78 2 8
53 79 6 12
53 80 6 10
53 81 6 12
53 82 2 9
53 83 8 13
53 84 1 4
53 85 6 13
53 86 6 13
53 87 7 15
53 88 0 2
53 89 0 2
53 90 0 2
53 91 0 2
53 92 0 2
53 93 0 2
53 94 3 10
53 95 2 9
53 96 4 11
53 97 4 12
53 98 1 5
53 99 1 7
53 100 5 12
54 1 0 2
54 2 0 2
54 3 0 2
54 4 0 2
54 5 0 2
54 6 0 2
54 7 0 2
54 8 5 11
54 9 0 2
54 10 0 2
54 11 0 2
54 12 0 2
54 13 0 2
54 14 0 2
54 15 0 2
54 16 2 6
54 17 0 2
54 18 0 2
54 19 0 2
54 20 0 2
54 21 0 2
54 22 0 2
54 23 0 2
54 24 0 2
54 25 0 2
54 26 0 2
54 27 0 2
54 28 0 2
54 29 0 2
54 30 0 2
54 31 0 2
54 32 0 2
54 33 0 2
54 34 0 2
54 35 0 2
54 36 0 2
54 37 4 11
54 38 0 2
54 39 0 2
54 40 0 2
54 41 0 2
54 42 0 2
54 43 0 2
54 44 0 2
54 45 0 2
54 46 0 2
54 47 0 2
54 48 0 2
54 49 0 2
54 50 0 2
54 51 0 2
54 52 0 2
54 53 0 2
54 54 0 2
54 55 0 2
54 56 0 2
54 57 0 2
54 58 0 2
54 59 0 2
54 60 0 2
54 61 0 2
54 62 0 2
54 63 0 2
54 64 0 2
54 65 0 2
54 66 0 2
54 67 0 2
54 68 0 2
54 69 0 2
54 70 0 2
54 71 0 2
54 72 0 2
54 73 0 2
54 74 0 2
54 75 1 3
54 76 7 11
54 77 4 10
54 78 5 10
54 79 4 13
54 80 3 9
54 81 4 9
54 82 3 9
54 83 3 6
54 84 3 9
54 85 3 10
54 86 3 6
54 87 3 9
54 88 0 2
54 89 0 2
54 90 0 2
54 91 4 11
54 92 6 12
54 93 0 2
54 94 1 3
54 95 0 2
54 96 0 2
54 97 0 2
54 98 7 10
54 99 3 9
54 100 6 14
55 1 2 7
55 2 0 2
55 3 0 2
55 4 0 2
55 5 0 2
55 6 0 2
55 7 0 2
55 8 0 2
55 9 5 11
55 10 0 2
55 11 0 2
55 12 0 2
55 13 0 2
55 14 0 2
55 15 0 2
55 16 0 2
55 17 2 6
55 18 0 2
55 19 0 2
55 20 0 2
55 21 0 2
55 22 0 2
55 23 0 2
55 24 0 2
55 25 0 2
55 26 0 2
55 27 0 2
55 28 0 2
55 29 0 2
55 30 0 2
55 31 0 2
55 32 0 2
55 33 0 2
55 34 0 2
55 35 0 2
55 36 0 2
55 37 0 2
55 38 0 2
55 39 0 2
55 40 0 2
55 41 0 2
55 42 0 2
55 43 0 2
55 44 0 2
55 45 0 2
55 46 0 2
55 47 0 2
55 48 0 2
55 49 0 2
55 50 0 2
55 51 0 2
55 52 0 2
55 53 0 2
55 54 0 2
55 55 0 2
55 56 0 2
55 57 0 2
55 58 0 2
55 59 0 2
55 60 0 2
55 61 0 2
55 62 0 2
55 63 0 2
55 64 0 2
55 65 0 2
55 66 0 2
55 67 0 2
55 68 0 2
55 69 0 2
55 70 0 2
55 71 0 2
55 72 6 13
55 73 7 12
55 74 3 12
55 75 3 12
55 76 4 8
55 77 6 9
55 78 6 12
55 79 2 11
55 80 10 14
55 81 5 10
55 82 4 6
55 83 1 12
55 84 1 4
55 85 2 9
55 86 0 2
55 87 0 1
55 88 0 2
55 89 6 13
55 90 0 2
55 91 0 2
55 92 0 2
55 93 4 10
55 94 3 11
55 95 0 2
55 96 0 2
55 97 1 9
55 98 5 8
55 99 9 13
55 100 3 10
56 1 2 8
56 2 0 2
56 3 0 2
56 4 0 2
56 5 0 2
56 6 0 2
56 7 0 2
56 8 0 2
56 9 5 11
56 10 0 2
56 11 0 2
56 12 0 2
56 13 0 2
56 14 0 2
56 15 0 2
56 16 0 2
56 17 2 6
56 18 0 2
56 19 0 2
56 20 0 2
56 21 0 2
56 22 0 2
56 23 0 2
56 24 0 2
56 25 0 2
56 26 0 2
56 27 0 2
56 28 0 2
56 29 0 2
56 30 0 2
56 31 0 2
56 32 0 2
56 33 0 2
56 34 0 2
56 35 0 2
56 36 0 2
56 37 0 2
56 38 0 2
56 39 0 2
56 40 0 2
56 41 0 2
56 42 5 11
56 43 0 2
56 44 0 2
56 45 0 2
56 46 0 2
56 47 0 2
56 48 0 2
56 49 0 2
56 50 0 2
56 51 0 2
56 52 0 2
56 53 0 2
56 54 0 2
56 55 0 2
56 56 0 2
56 57 0 2
56 58 0 2
56 59 0 2
56 60 0 2
56 61 0 2
56 62 0 2
56 63 0 2
56 64 0 2
56 65 0 2
56 66 0 2
56 67 0 2
56 68 0 2
56 69 0 2
56 70 0 2
56 71 0 2
56 72 0 2
56 73 0 2
56 74 0 2
56 75 0 2
56 76 0 2
56 77 4 14
56 78 3 12
56 79 4 6
56 80 4 8
56 81 3 11
56 82 3 12
56 83 5 10
56 84 0 2
56 85 6 11
56 86 5 9
56 87 2 7
56 88 4 12
56 89 3 13
56 90 6 12
56 91 0 1
56 92 0 1
56 93 4 7
56 94 2 13
56 95 2 6
56 96 0 2
56 97 3 12
56 98 8 11
56 99 8 13
56 100 6 10
57 1 4 12
57 2 4 11
57 3 5 9
57 4 5 13
57 5 5 12
57 6 0 2
57 7 0 2
57 8 0 2
57 9 0 2
57 10 0 2
57 11 0 2
57 12 0 2
57 13 5 11
57 14 0 2
57 15 0 2
57 16 0 2
57 17 0 2
57 18 0 2
57 19 0 2
57 20 0 2
57 21 2 6
57 22 0 2
57 23 0 2
57 24 0 2
57 25 0 2
57 26 0 2
57 27 0 2
57 28 0 2
57 29 0 2
57 30 0 2
57 31 0 2
57 32 0 2
57 33 0 2
57 34 0 2
57 35 0 2
57 36 0 2
57 37 0 2
57 38 0 2
57 39 0 2
57 40 0 2
57 41 0 2
57 42 0 2
57 43 0 2
57 44 0 2
57 45 2 7
57 46 0 2
57 47 0 2
57 48 0 2
57 49 0 2
57 50 0 2
57 51 0 2
57 52 0 2
57 53 0 2
57 54 0 2
57 55 0 2
57 56 0 2
57 57 0 2
57 58 0 2
57 59 0 2
57 60 0 2
57 61 0 2
57 62 0 2
57 63 0 2
57 64 0 2
57 65 0 2
57 66 0 2
57 67 0 2
57 68 0 2
57 69 0 2
57 70 0 2
57 71 0 2
57 72 0 2
57 73 0 2
57 74 0 2
57 75 0 2
57 76 0 2
57 77 0 2
57 78 0 2
57 79 0 2
57 80 0 2
57 81 0 2
57 82 0 2
57 83 0 2
57 84 0 1
57 85 0 2
57 86 2 8
57 87 4 11
57 88 8 14
57 89 6 11
57 90 5 12
57 91 6 14
57 92 7 11
57 93 6 13
57 94 5 11
57 95 0 2
57 96 1 6
57 97 3 5
57 98 4 9
57 99 3 11
57 100 4 9
58 1 5 13
58 2 5 9
58 3 6 8
58 4 2 11
58 5 0 2
58 6 0 2
58 7 0 2
58 8 0 2
58 9 0 2
58 10 0 2
58 11 0 2
58 12 5 11
58 13 0 2
58 14 0 2
58 15 0 2
58 16 0 2
58 17 0 2
58 18 0 2
58 19 0 2
58 20 2 6
58 21 0 2
58 22 0 2
58 23 0 2
58 24 0 2
58 25 0 2
58 26 0 2
58 27 0 2
58 28 0 2
58 29 0 2
58 30 6 13
58 31 0 2
58 32 0 2
58 33 0 2
58 34 0 2
58 35 0 2
58 36 0 2
58 37 0 2
58 38 0 2
58 39 0 2
58 40 0 2
58 41 0 2
58 42 3 10
58 43 0 2
58 44 0 2
58 45 0 2
58 46 0 2
58 47 0 2
58 48 0 2
58 49 0 2
58 50 0 2
58 51 0 2
58 52 0 2
58 53 0 2
58 54 0 2
58 55 0 2
58 56 3 9
58 57 0 2
58 58 0 2
58 59 0 2
58 60 0 2
58 61 0 2
58 62 0 2
58 63 0 2
58 64 0 2
58 65 0 2
58 66 0 2
58 67 0 2
58 68 0 2
58 69 6 13
58 70 0 2
58 71 0 2
58 72 0 2
58 73 0 2
58 74 0 2
58 75 0 2
58 76 2 5
58 77 3 10
58 78 5 12
58 79 7 12
58 80 6 11
58 81 4 11
58 82 7 11
58 83 3 10
58 84 7 13
58 85 1 11
58 86 5 13
58 87 8 13
58 88 4 12
58 89 3 10
58 90 3 6
58 91 4 14
58 92 0 2
58 93 6 11
58 94 5 11
58 95 2 12
58 96 3 5
58 97 3 7
58 98 0 2
58 99 0 2
58 100 2 10
59 1 2 7
59 2 6 12
59 3 2 11
59 4 0 2
59 5 0 2
59 6 0 2
59 7 0 2
59 8 0 2
59 9 0 2
59 10 0 2
59 11 5 11
59 12 0 2
59 13 0 2
59 14 0 2
59 15 0 2
59 16 0 2
59 17 0 2
59 18 0 2
59 19 2 6
59 20 0 2
59 21 0 2
59 22 0 2
59 23 0 2
59 24 0 2
59 25 0 2
59 26 0 2
59 27 0 2
59 28 0 2
59 29 0 2
59 30 0 2
59 31 0 2
59 32 0 2
59 33 0 2
59 34 0 2
59 35 0 2
59 36 0 2
59 37 0 2
59 38 0 2
59 39 0 2
59 40 0 2
59 41 0 2
59 42 0 2
59 43 0 2
59 44 0 2
59 45 0 2
59 46 0 2
59 47 0 2
59 48 0 2
59 49 0 2
59 50 0 2
59 51 0 2
59 52 0 2
59 53 0 2
59 54 0 2
59 55 0 2
59 56 0 2
59 57 0 2
59 58 0 2
59 59 0 2
59 60 0 2
59 61 0 2
59 62 0 2
59 63 0 2
59 64 0 2
59 65 0 2
59 66 0 2
59 67 8 12
59 68 5 13
59 69 6 8
59 70 3 8
59 71 9 10
59 72 4 13
59 73 8 12
59 74 3 9
59 75 2 9
59 76 2 7
59 77 6 13
59 78 6 13
59 79 4 10
59 80 2 4
59 81 4 10
59 82 0 2
59 83 0 2
59 84 0 2
59 85 0 2
59 86 6 12
59 87 4 11
59 88 5 11
59 89 7 13
59 90 3 8
59 91 5 9
59 92 5 10
59 93 2 10
59 94 2 10
59 95 3 8
59 96 4 12
59 97 0 7
59 98 0 2
59 99 4 8
59 100 4 12
60 1 0 2
60 2 0 2
60 3 0 2
60 4 0 2
60 5 0 2
60 6 0 2
60 7 0 2
60 8 5 11
60 9 0 2
60 10 0 2
60 11 0 2
60 12 0 2
60 13 0 2
60 14 0 2
60 15 0 2
60 16 2 6
60 17 0 2
60 18 0 2
60 19 0 2
60 20 0 2
60 21 0 2
60 22 0 2
60 23 0 2
60 24 0 2
60 25 0 2
60 26 0 2
60 27 0 2
60 28 0 2
60 29 0 3
60 30 0 2
60 31 0 2
60 32 0 2
60 33 0 2
60 34 0 2
60 35 0 2
60 36 0 2
60 37 0 2
60 38 0 2
60 39 0 2
60 40 0 2
60 41 0 2
60 42 0 2
60 43 0 2
60 44 0 2
60 45 0 2
60 46 0 2
60 47 0 3
60 48 0 2
60 49 0 2
60 50 0 2
60 51 0 2
60 52 0 2
60 53 0 2
60 54 0 2
60 55 0 2
60 56 0 2
60 57 0 2
60 58 0 2
60 59 0 2
60 60 0 2
60 61 0 2
60 62 0 2
60 63 0 2
60 64 0 2
60 65 0 2
60 66 0 2
60 67 7 11
60 68 6 13
60 69 2 11
60 70 7 9
60 71 2 7
60 72 6 12
60 73 1 8
60 74 5 10
60 75 6 13
60 76 3 7
60 77 7 12
60 78 4 10
60 79 8 12
60 80 10 11
60 81 3 7
60 82 8 14
60 83 6 14
60 84 3 4
60 85 4 11
60 86 7 11
60 87 4 9
60 88 0 4
60 89 0 2
60 90 0 2
60 91 0 2
60 92 4 13
60 93 4 11
60 94 3 6
60 95 6 14
60 96 5 11
60 97 7 12
60 98 5 10
60 99 5 12
60 100 0 2
61 1 1 2
61 2 2 10
61 3 6 12
61 4 5 9
61 5 0 2
61 6 0 2
61 7 0 2
61 8 0 2
61 9 0 2
61 10 0 2
61 11 0 2
61 12 5 11
61 13 0 2
61 14 0 2
61 15 0 2
61 16 0 2
61 17 0 2
61 18 0 2
61 19 0 2
61 20 2 6
61 21 0 2
61 22 0 2
61 23 0 2
61 24 0 2
61 25 0 2
61 26 0 2
61 27 0 2
61 28 0 2
61 29 0 2
61 30 0 2
61 31 0 2
61 32 0 2
61 33 0 3
61 34 0 2
61 35 0 2
61 36 0 2
61 37 0 2
61 38 0 2
61 39 0 2
61 40 0 2
61 41 0 2
61 42 0 2
61 43 0 2
61 44 0 2
61 45 0 2
61 46 0 2
61 47 2 4
61 48 0 2
61 49 0 2
61 50 0 2
61 51 0 2
61 52 0 2
61 53 0 2
61 54 0 2
61 55 0 2
61 56 0 2
61 57 0 2
61 58 0 2
61 59 0 2
61 60 0 2
61 61 0 2
61 62 0 2
61 63 0 2
61 64 0 2
61 65 0 2
61 66 0 2
61 67 0 2
61 68 0 2
61 69 0 2
61 70 0 2
61 71 0 2
61 72 0 2
61 73 7 11
61 74 4 9
61 75 5 10
61 76 3 8
61 77 1 3
61 78 3 6
61 79 4 12
61 80 5 9
61 81 6 12
61 82 2 13
61 83 3 11
61 84 6 12
61 85 0 4
61 86 5 14
61 87 2 12
61 88 0 2
61 89 0 2
61 90 0 2
61 91 0 2
61 92 0 2
61 93 3 11
61 94 4 8
61 95 0 2
61 96 0 2
61 97 3 7
61 98 5 12
61 99 5 10
61 100 0 11
62 1 0 2
62 2 0 2
62 3 0 2
62 4 0 2
62 5 0 2
62 6 0 2
62 7 0 2
62 8 5 11
62 9 0 2
62 10 0 2
62 11 0 2
62 12 0 2
62 13 0 2
62 14 0 2
62 15 0 2
62 16 2 6
62 17 0 2
62 18 0 2
62 19 0 2
62 20 0 2
62 21 0 2
62 22 0 2
62 23 0 2
62 24 0 2
62 25 0 2
62 26 0 2
62 27 0 2
62 28 0 2
62 29 0 2
62 30 0 2
62 31 0 2
62 32 0 2
62 33 0 2
62 34 0 2
62 35 0 2
62 36 0 2
62 37 0 2
62 38 0 2
62 39 0 2
62 40 0 2
62 41 0 2
62 42 0 2
62 43 0 2
62 44 0 2
62 45 0 2
62 46 0 2
62 47 0 2
62 48 0 2
62 49 0 2
62 50 0 2
62 51 0 2
62 52 0 2
62 53 0 2
62 54 0 2
62 55 0 2
62 56 0 2
62 57 0 2
62 58 0 2
62 59 0 2
62 60 0 3
62 61 0 2
62 62 0 2
62 63 5 9
62 64 5 10
62 65 2 10
62 66 4 12
62 67 2 3
62 68 6 12
62 69 1 3
62 70 3 10
62 71 6 13
62 72 7 14
62 73 5 13
62 74 6 10
62 75 2 4
62 76 3 9
62 77 3 10
62 78 5 9
62 79 1 2
62 80 1 2
62 81 4 13
62 82 5 11
62 83 3 9
62 84 5 10
62 85 1 2
62 86 3 12
62 87 0 2
62 88 0 2
62 89 1 6
62 90 7 14
62 91 4 8
62 92 5 11
62 93 0 2
62 94 0 2
62 95 0 2
62 96 5 13
62 97 8 14
62 98 6 13
62 99 3 9
62 100 2 9
63 1 0 2
63 2 0 2
63 3 0 2
63 4 0 2
63 5 0 2
63 6 0 2
63 7 0 2
63 8 5 11
63 9 0 2
63 10 0 2
63 11 0 2
63 12 0 2
63 13 0 2
63 14 0 2
63 15 0 2
63 16 2 6
63 17 0 2
63 18 0 2
63 19 0 2
63 20 0 2
63 21 0 2
63 22 0 2
63 23 0 2
63 24 0 2
63 25 0 2
63 26 0 2
63 27 0 2
63 28 0 2
63 29 0 2
63 30 0 2
63 31 0 2
63 32 0 2
63 33 0 2
63 34 0 2
63 35 0 2
63 36 0 2
63 37 0 2
63 38 0 2
63 39 0 2
63 40 0 2
63 41 0 2
63 42 0 2
63 43 0 2
63 44 0 2
63 45 0 2
63 46 0 2
63 47 0 2
63 48 0 2
63 49 0 2
63 50 0 2
63 51 0 2
63 52 0 2
63 53 0 2
63 54 0 2
63 55 0 2
63 56 0 2
63 57 0 2
63 58 6 12
63 59 0 2
63 60 0 2
63 61 0 2
63 62 0 2
63 63 4 10
63 64 4 11
63 65 4 11
63 66 5 11
63 67 3 10
63 68 4 10
63 69 4 9
63 70 4 11
63 71 3 6
63 72 4 13
63 73 5 11
63 74 4 13
63 75 0 5
63 76 2 3
63 77 2 5
63 78 7 12
63 79 3 6
63 80 3 11
63 81 5 9
63 82 4 7
63 83 4 7
63 84 0 1
63 85 0 2
63 86 0 1
63 87 0 2
63 88 0 2
63 89 1 2
63 90 1 2
63 91 5 12
63 92 6 13
63 93 0 2
63 94 0 2
63 95 0 2
63 96 0 2
63 97 4 12
63 98 3 8
63 99 4 12
63 100 4 14
64 1 0 2
64 2 0 2
64 3 0 2
64 4 0 2
64 5 0 2
64 6 0 2
64 7 0 2
64 8 5 11
64 9 0 2
64 10 0 2
64 11 0 2
64 12 0 2
64 13 0 2
64 14 0 2
64 15 0 2
64 16 2 6
64 17 0 2
64 18 0 2
64 19 0 2
64 20 0 2
64 21 0 2
64 22 0 2
64 23 0 2
64 24 0 2
64 25 0 2
64 26 0 2
64 27 0 2
64 28 0 2
64 29 0 2
64 30 0 2
64 31 0 2
64 32 0 2
64 33 0 2
64 34 0 2
64 35 0 2
64 36 0 2
64 37 0 2
64 38 0 2
64 39 0 2
64 40 0 2
64 41 0 2
64 42 0 2
64 43 0 2
64 44 0 2
64 45 0 2
64 46 0 2
64 47 0 2
64 48 0 2
64 49 0 2
64 50 0 2
64 51 0 2
64 52 0 2
64 53 0 2
64 54 0 2
64 55 0 2
64 56 0 2
64 57 0 2
64 58 0 2
64 59 0 2
64 60 0 2
64 61 0 2
64 62 0 2
64 63 0 2
64 64 0 2
64 65 0 2
64 66 0 2
64 67 0 2
64 68 2 11
64 69 6 12
64 70 5 14
64 71 1 3
64 72 1 3
64 73 2 8
64 74 0 5
64 75 2 10
64 76 5 13
64 77 4 9
64 78 5 11
64 79 3 10
64 80 9 12
64 81 9 12
64 82 5 9
64 83 2 13
64 84 5 9
64 85 2 11
64 86 0 2
64 87 0 2
64 88 1 2
64 89 0 1
64 90 0 1
64 91 0 1
64 92 0 3
64 93 0 2
64 94 0 2
64 95 4 9
64 96 6 12
64 97 3 8
64 98 5 12
64 99 6 13
64 100 9 11
65 1 2 6
65 2 0 2
65 3 0 2
65 4 0 2
65 5 0 2
65 6 0 2
65 7 0 2
65 8 0 2
65 9 5 11
65 10 0 2
65 11 0 2
65 12 0 2
65 13 0 2
65 14 0 2
65 15 0 2
65 16 0 2
65 17 2 6
65 18 0 2
65 19 0 2
65 20 0 2
65 21 0 2
65 22 0 2
65 23 0 2
65 24 0 2
65 25 0 2
65 26 0 2
65 27 0 2
65 28 0 2
65 29 0 2
65 30 0 2
65 31 0 2
65 32 0 2
65 33 0 2
65 34 0 2
65 35 0 2
65 36 0 2
65 37 0 2
65 38 0 2
65 39 0 2
65 40 0 2
65 41 0 2
65 42 0 2
65 43 0 2
65 44 0 2
65 45 0 2
65 46 0 2
65 47 0 2
65 48 0 2
65 49 0 2
65 50 0 2
65 51 0 2
65 52 0 2
65 53 0 2
65 54 0 2
65 55 0 2
65 56 0 2
65 57 0 2
65 58 0 2
65 59 0 2
65 60 0 2
65 61 0 2
65 62 0 2
65 63 0 2
65 64 0 2
65 65 0 2
65 66 0 2
65 67 0 2
65 68 0 2
65 69 0 2
65 70 0 2
65 71 0 2
65 72 7 14
65 73 7 13
65 74 9 12
65 75 7 14
65 76 3 11
65 77 9 13
65 78 6 14
65 79 3 12
65 80 8 11
65 81 3 13
65 82 1 3
65 83 5 9
65 84 4 12
65 85 1 7
65 86 4 11
65 87 3 9
65 88 0 1
65 89 1 2
65 90 0 1
65 91 0 2
65 92 0 1
65 93 4 11
65 94 12 13
65 95 0 2
65 96 0 2
65 97 0 2
65 98 4 13
65 99 5 12
65 100 8 13
66 1 2 6
66 2 2 6
66 3 2 6
66 4 5 12
66 5 0 2
66 6 0 2
66 7 0 2
66 8 0 2
66 9 0 2
66 10 0 2
66 11 0 2
66 12 5 11
66 13 0 2
66 14 0 2
66 15 0 2
66 16 0 2
66 17 0 2
66 18 0 2
66 19 0 2
66 20 2 6
66 21 0 2
66 22 0 2
66 23 0 2
66 24 0 2
66 25 0 2
66 26 0 2
66 27 0 2
66 28 0 2
66 29 0 2
66 30 0 2
66 31 0 2
66 32 0 2
66 33 0 2
66 34 0 2
66 35 0 2
66 36 0 2
66 37 0 2
66 38 0 2
66 39 0 2
66 40 0 2
66 41 0 2
66 42 0 2
66 43 0 2
66 44 0 2
66 45 0 2
66 46 0 2
66 47 0 2
66 48 0 2
66 49 0 2
66 50 0 2
66 51 0 2
66 52 0 2
66 53 0 2
66 54 0 2
66 55 0 2
66 56 0 2
66 57 0 2
66 58 0 2
66 59 0 2
66 60 0 2
66 61 0 2
66 62 0 2
66 63 0 2
66 64 0 2
66 65 0 2
66 66 0 2
66 67 0 2
66 68 0 2
66 69 0 2
66 70 0 2
66 71 0 2
66 72 0 2
66 73 0 2
66 74 0 2
66 75 0 2
66 76 0 2
66 77 0 2
66 78 3 9
66 79 6 10
66 80 4 8
66 81 8 13
66 82 8 10
66 83 5 10
66 84 5 13
66 85 5 10
66 86 3 9
66 87 4 8
66 88 4 12
66 89 0 1
66 90 0 2
66 91 0 1
66 92 0 2
66 93 0 2
66 94 0 2
66 95 6 10
66 96 0 2
66 97 0 2
66 98 0 2
66 99 0 3
66 100 3 11
67 1 0 2
67 2 0 2
67 3 0 2
67 4 0 2
67 5 0 2
67 6 0 2
67 7 0 2
67 8 5 11
67 9 0 2
67 10 0 2
67 11 0 2
67 12 0 2
67 13 0 2
67 14 0 2
67 15 0 2
67 16 2 6
67 17 0 2
67 18 0 2
67 19 0 2
67 20 0 2
67 21 0 2
67 22 0 2
67 23 0 2
67 24 0 2
67 25 0 2
67 26 0 2
67 27 0 2
67 28 0 2
67 29 0 2
67 30 0 2
67 31 0 2
67 32 0 2
67 33 0 2
67 34 0 2
67 35 0 2
67 36 0 2
67 37 0 2
67 38 0 2
67 39 0 2
67 40 0 2
67 41 0 2
67 42 0 2
67 43 0 2
67 44 0 2
67 45 0 2
67 46 0 2
67 47 0 2
67 48 0 2
67 49 0 2
67 50 0 2
67 51 0 2
67 52 0 2
67 53 0 2
67 54 0 2
67 55 0 2
67 56 0 2
67 57 0 2
67 58 0 2
67 59 0 2
67 60 0 2
67 61 0 2
67 62 0 2
67 63 0 2
67 64 0 2
67 65 0 2
67 66 0 2
67 67 0 2
67 68 0 2
67 69 0 2
67 70 1 5
67 71 6 10
67 72 2 6
67 73 3 10
67 74 5 10
67 75 4 9
67 76 1 2
67 77 6 12
67 78 2 6
67 79 2 6
67 80 4 13
67 81 3 9
67 82 2 9
67 83 5 12
67 84 4 6
67 85 2 6
67 86 6 10
67 87 1 4
67 88 0 2
67 89 0 1
67 90 1 3
67 91 6 12
67 92 3 12
67 93 4 12
67 94 5 9
67 95 1 4
67 96 5 13
67 97 0 2
67 98 0 2
67 99 7 12
67 100 4 9
68 1 1 2
68 2 3 8
68 3 5 8
68 4 4 11
68 5 3 9
68 6 0 2
68 7 0 2
68 8 0 2
68 9 0 2
68 10 0 2
68 11 0 2
68 12 0 2
68 13 5 11
68 14 0 2
68 15 0 2
68 16 0 2
68 17 0 2
68 18 0 2
68 19 0 2
68 20 0 2
68 21 2 6
68 22 0 2
68 23 0 2
68 24 0 2
68 25 0 2
68 26 0 2
68 27 0 2
68 28 0 2
68 29 0 2
68 30 0 2
68 31 0 2
68 32 0 2
68 33 0 2
68 34 0 2
68 35 0 2
68 36 0 2
68 37 0 2
68 38 3 12
68 39 0 2
68 40 0 2
68 41 0 2
68 42 0 2
68 43 0 2
68 44 0 2
68 45 0 2
68 46 0 2
68 47 0 2
68 48 0 2
68 49 0 2
68 50 0 2
68 51 0 2
68 52 0 2
68 53 0 2
68 54 0 2
68 55 0 2
68 56 0 2
68 57 0 2
68 58 0 2
68 59 0 2
68 60 0 2
68 61 0 2
68 62 0 2
68 63 0 2
68 64 0 2
68 65 0 2
68 66 0 2
68 67 0 2
68 68 0 2
68 69 0 2
68 70 0 2
68 71 0 2
68 72 0 2
68 73 0 2
68 74 0 2
68 75 0 2
68 76 0 2
68 77 0 2
68 78 0 2
68 79 0 2
68 80 2 7
68 81 0 2
68 82 3 6
68 83 2 8
68 84 4 10
68 85 3 8
68 86 8 10
68 87 5 12
68 88 8 12
68 89 5 10
68 90 11 14
68 91 5 12
68 92 2 9
68 93 7 12
68 94 1 7
68 95 0 1
68 96 0 2
68 97 0 2
68 98 0 2
68 99 7 13
68 100 4 12
69 1 0 2
69 2 0 2
69 3 0 2
69 4 0 2
69 5 0 2
69 6 0 2
69 7 0 2
69 8 5 11
69 9 0 2
69 10 0 2
69 11 0 2
69 12 0 2
69 13 0 2
69 14 0 2
69 15 0 2
69 16 2 6
69 17 0 2
69 18 0 2
69 19 0 2
69 20 0 2
69 21 0 2
69 22 0 2
69 23 0 2
69 24 0 2
69 25 0 2
69 26 0 2
69 27 0 2
69 28 0 2
69 29 0 2
69 30 0 2
69 31 0 2
69 32 0 2
69 33 0 2
69 34 0 2
69 35 0 2
69 36 0 2
69 37 0 2
69 38 0 2
69 39 0 2
69 40 0 2
69 41 0 2
69 42 0 2
69 43 0 2
69 44 0 2
69 45 0 2
69 46 0 2
69 47 0 2
69 48 0 2
69 49 0 2
69 50 0 2
69 51 0 2
69 52 0 2
69 53 0 2
69 54 0 2
69 55 0 2
69 56 0 2
69 57 0 2
69 58 0 2
69 59 0 2
69 60 0 2
69 61 0 2
69 62 0 2
69 63 0 2
69 64 0 2
69 65 2 9
69 66 5 10
69 67 2 9
69 68 5 11
69 69 1 9
69 70 7 14
69 71 9 12
69 72 5 12
69 73 3 6
69 74 7 12
69 75 3 8
69 76 4 11
69 77 6 10
69 78 3 12
69 79 1 2
69 80 3 8
69 81 1 2
69 82 5 8
69 83 4 8
69 84 6 12
69 85 6 11
69 86 3 9
69 87 4 11
69 88 6 11
69 89 8 11
69 90 6 12
69 91 0 2
69 92 1 11
69 93 6 15
69 94 0 3
69 95 5 14
69 96 4 13
69 97 2 12
69 98 5 9
69 99 5 14
69 100 0 2
70 1 0 2
70 2 0 2
70 3 0 2
70 4 0 2
70 5 0 2
70 6 0 2
70 7 0 2
70 8 5 11
70 9 0 2
70 10 0 2
70 11 0 2
70 12 0 2
70 13 0 2
70 14 0 2
70 15 0 2
70 16 2 6
70 17 0 2
70 18 0 2
70 19 0 2
70 20 0 2
70 21 0 2
70 22 0 2
70 23 0 2
70 24 0 2
70 25 0 2
70 26 0 2
70 27 0 2
70 28 0 2
70 29 0 2
70 30 0 2
70 31 0 2
70 32 0 2
70 33 0 2
70 34 0 2
70 35 0 2
70 36 0 2
70 37 0 2
70 38 0 2
70 39 0 2
70 40 0 2
70 41 0 2
70 42 0 2
70 43 0 2
70 44 0 2
70 45 0 2
70 46 0 2
70 47 0 2
70 48 0 2
70 49 0 7
70 50 0 2
70 51 0 2
70 52 0 2
70 53 0 2
70 54 0 2
70 55 0 2
70 56 0 2
70 57 0 2
70 58 0 2
70 59 0 2
70 60 0 2
70 61 0 2
70 62 0 2
70 63 0 2
70 64 0 2
70 65 0 2
70 66 0 2
70 67 0 2
70 68 0 2
70 69 0 2
70 70 0 2
70 71 0 2
70 72 0 2
70 73 9 14
70 74 5 11
70 75 3 10
70 76 4 8
70 77 2 9
70 78 6 10
70 79 2 8
70 80 3 10
70 81 6 12
70 82 1 2
70 83 1 8
70 84 3 11
70 85 2 3
70 86 5 12
70 87 4 12
70 88 4 9
70 89 7 11
70 90 3 11
70 91 8 15
70 92 8 11
70 93 3 4
70 94 7 12
70 95 2 13
70 96 0 1
70 97 7 15
70 98 1 2
70 99 3 13
70 100 2 13
71 1 0 2
71 2 0 2
71 3 0 2
71 4 0 2
71 5 0 2
71 6 0 2
71 7 0 2
71 8 5 11
71 9 0 2
71 10 0 2
71 11 0 2
71 12 0 2
71 13 0 2
71 14 0 2
71 15 0 2
71 16 2 6
71 17 0 2
71 18 0 2
71 19 0 2
71 20 0 2
71 21 0 2
71 22 0 2
71 23 0 2
71 24 0 2
71 25 0 2
71 26 0 2
71 27 0 2
71 28 0 2
71 29 0 2
71 30 0 2
71 31 0 2
71 32 0 2
71 33 0 2
71 34 0 2
71 35 0 2
71 36 0 2
71 37 0 2
71 38 0 2
71 39 0 2
71 40 0 2
71 41 0 2
71 42 0 2
71 43 0 2
71 44 0 2
71 45 0 2
71 46 0 2
71 47 0 2
71 48 0 2
71 49 0 2
71 50 0 2
71 51 0 2
71 52 0 2
71 53 0 2
71 54 0 2
71 55 0 2
71 56 0 2
71 57 0 2
71 58 0 2
71 59 0 2
71 60 0 2
71 61 0 2
71 62 0 2
71 63 0 2
71 64 0 2
71 65 0 2
71 66 0 2
71 67 0 2
71 68 0 2
71 69 0 2
71 70 0 2
71 71 0 2
71 72 0 2
71 73 1 10
71 74 5 13
71 75 5 13
71 76 1 9
71 77 14 14
71 78 3 7
71 79 9 12
71 80 6 12
71 81 7 10
71 82 5 11
71 83 1 2
71 84 6 11
71 85 4 14
71 86 2 8
71 87 3 11
71 88 7 10
71 89 6 11
71 90 6 13
71 91 8 13
71 92 0 2
71 93 0 2
71 94 0 2
71 95 4 11
71 96 5 8
71 97 4 13
71 98 1 6
71 99 4 9
71 100 4 9
72 1 0 2
72 2 0 2
72 3 0 2
72 4 0 2
72 5 0 2
72 6 0 2
72 7 0 2
72 8 5 11
72 9 0 2
72 10 0 2
72 11 0 2
72 12 0 2
72 13 0 2
72 14 0 2
72 15 0 2
72 16 2 6
72 17 0 2
72 18 0 2
72 19 0 2
72 20 0 2
72 21 0 2
72 22 0 2
72 23 0 2
72 24 0 2
72 25 0 2
72 26 0 2
72 27 0 2
72 28 0 2
72 29 0 2
72 30 0 2
72 31 0 2
72 32 0 2
72 33 0 2
72 34 0 2
72 35 0 2
72 36 0 2
72 37 0 2
72 38 0 2
72 39 0 2
72 40 0 2
72 41 0 2
72 42 0 2
72 43 0 2
72 44 0 2
72 45 0 2
72 46 0 2
72 47 0 2
72 48 0 2
72 49 0 2
72 50 0 2
72 51 0 2
72 52 0 2
72 53 0 2
72 54 0 2
72 55 0 2
72 56 0 2
72 57 0 2
72 58 0 2
72 59 0 2
72 60 0 2
72 61 0 2
72 62 0 2
72 63 0 2
72 64 0 2
72 65 0 2
72 66 0 2
72 67 0 2
72 68 0 2
72 69 0 2
72 70 2 11
72 71 4 7
72 72 5 11
72 73 3 12
72 74 9 7
72 75 7 11
72 76 8 13
72 77 6 14
72 78 5 10
72 79 4 13
72 80 4 12
72 81 3 11
72 82 5 13
72 83 8 10
72 84 6 15
72 85 5 8
72 86 1 3
72 87 0 2
72 88 0 2
72 89 3 10
72 90 10 15
72 91 3 13
72 92 0 2
72 93 0 2
72 94 1 12
72 95 2 6
72 96 6 15
72 97 1 8
72 98 3 8
72 99 5 12
72 100 3 13
73 1 5 14
73 2 3 8
73 3 3 11
73 4 0 2
73 5 0 2
73 6 0 2
73 7 0 2
73 8 0 2
73 9 0 2
73 10 0 2
73 11 5 11
73 12 0 2
73 13 0 2
73 14 0 2
73 15 0 2
73 16 0 2
73 17 0 2
73 18 0 2
73 19 2 6
73 20 0 2
73 21 0 2
73 22 0 2
73 23 0 2
73 24 0 2
73 25 0 2
73 26 0 2
73 27 0 2
73 28 0 2
73 29 0 2
73 30 0 2
73 31 0 2
73 32 0 2
73 33 0 2
73 34 0 2
73 35 0 2
73 36 0 2
73 37 0 2
73 38 0 2
73 39 0 2
73 40 0 2
73 41 0 2
73 42 0 2
73 43 3 6
73 44 0 2
73 45 0 2
73 46 0 2
73 47 0 2
73 48 0 2
73 49 0 2
73 50 0 2
73 51 0 2
73 52 0 2
73 53 0 2
73 54 0 2
73 55 4 9
73 56 0 2
73 57 0 2
73 58 0 2
73 59 0 2
73 60 0 2
73 61 0 2
73 62 0 2
73 63 0 2
73 64 0 2
73 65 0 2
73 66 0 2
73 67 0 2
73 68 0 2
73 69 0 2
73 70 0 2
73 71 0 2
73 72 0 2
73 73 0 2
73 74 0 2
73 75 0 2
73 76 0 2
73 77 0 2
73 78 0 2
73 79 0 2
73 80 0 2
73 81 7 13
73 82 3 11
73 83 3 8
73 84 4 11
73 85 4 12
73 86 5 13
73 87 1 3
73 88 5 13
73 89 6 14
73 90 1 2
73 91 6 7
73 92 0 2
73 93 0 2
73 94 0 2
73 95 0 2
73 96 2 8
73 97 0 2
73 98 1 12
73 99 5 12
73 100 0 2
74 1 5 14
74 2 5 10
74 3 3 7
74 4 0 2
74 5 0 2
74 6 0 2
74 7 0 2
74 8 0 2
74 9 0 2
74 10 0 2
74 11 5 11
74 12 0 2
74 13 0 2
74 14 0 2
74 15 0 2
74 16 0 2
74 17 0 2
74 18 0 2
74 19 2 6
74 20 0 2
74 21 0 2
74 22 0 2
74 23 0 2
74 24 0 2
74 25 0 2
74 26 0 2
74 27 0 2
74 28 0 2
74 29 0 2
74 30 0 2
74 31 0 2
74 32 0 2
74 33 0 2
74 34 0 2
74 35 0 2
74 36 0 2
74 37 0 2
74 38 0 2
74 39 0 2
74 40 0 2
74 41 0 2
74 42 0 2
74 43 0 2
74 44 0 2
74 45 0 2
74 46 0 2
74 47 0 2
74 48 0 2
74 49 0 2
74 50 0 2
74 51 0 2
74 52 0 2
74 53 0 2
74 54 0 2
74 55 0 2
74 56 0 2
74 57 0 2
74 58 0 2
74 59 0 2
74 60 0 2
74 61 0 2
74 62 0 2
74 63 0 2
74 64 0 2
74 65 0 2
74 66 0 2
74 67 6 14
74 68 6 13
74 69 1 2
74 70 3 8
74 71 2 7
74 72 4 11
74 73 2 13
74 74 5 10
74 75 3 11
74 76 3 11
74 77 7 14
74 78 3 9
74 79 7 11
74 80 3 12
74 81 2 13
74 82 6 15
74 83 7 13
74 84 3 7
74 85 0 2
74 86 0 2
74 87 0 2
74 88 0 2
74 89 0 2
74 90 0 2
74 91 0 2
74 92 0 2
74 93 0 3
74 94 3 9
74 95 4 14
74 96 2 14
74 97 0 3
74 98 8 11
74 99 5 11
74 100 0 2
75 1 1 7
75 2 5 10
75 3 0 2
75 4 0 2
75 5 0 2
75 6 0 2
75 7 0 2
75 8 0 2
75 9 0 2
75 10 5 11
75 11 0 2
75 12 0 2
75 13 0 2
75 14 0 2
75 15 0 2
75 16 0 2
75 17 0 2
75 18 2 6
75 19 0 2
75 20 0 2
75 21 0 2
75 22 0 2
75 23 0 2
75 24 0 2
75 25 0 2
75 26 0 2
75 27 0 2
75 28 0 2
75 29 0 2
75 30 0 2
75 31 0 2
75 32 0 2
75 33 0 2
75 34 0 2
75 35 0 2
75 36 0 2
75 37 3 8
75 38 0 2
75 39 0 2
75 40 0 2
75 41 0 2
75 42 0 2
75 43 0 2
75 44 0 2
75 45 0 2
75 46 0 2
75 47 0 2
75 48 0 2
75 49 0 2
75 50 0 2
75 51 0 2
75 52 0 2
75 53 0 2
75 54 0 2
75 55 0 2
75 56 0 2
75 57 0 2
75 58 0 2
75 59 0 2
75 60 0 2
75 61 0 2
75 62 0 2
75 63 0 2
75 64 0 2
75 65 0 2
75 66 0 2
75 67 0 2
75 68 0 2
75 69 0 2
75 70 0 2
75 71 0 2
75 72 0 2
75 73 0 2
75 74 0 2
75 75 0 2
75 76 0 2
75 77 5 14
75 78 4 10
75 79 4 9
75 80 3 7
75 81 3 13
75 82 3 11
75 83 1 5
75 84 8 11
75 85 7 13
75 86 1 2
75 87 5 10
75 88 5 14
75 89 6 12
75 90 0 2
75 91 0 2
75 92 0 2
75 93 2 10
75 94 0 2
75 95 0 3
75 96 0 2
75 97 7 11
75 98 2 6
75 99 1 5
75 100 0 2
76 1 5 10
76 2 0 2
76 3 0 2
76 4 0 2
76 5 0 2
76 6 0 2
76 7 0 2
76 8 0 2
76 9 5 11
76 10 0 2
76 11 0 2
76 12 0 2
76 13 0 2
76 14 0 2
76 15 0 2
76 16 0 2
76 17 2 6
76 18 0 2
76 19 0 2
76 20 0 2
76 21 0 2
76 22 0 2
76 23 0 2
76 24 0 2
76 25 0 2
76 26 0 2
76 27 0 2
76 28 0 2
76 29 0 2
76 30 0 2
76 31 0 2
76 32 0 2
76 33 0 2
76 34 0 2
76 35 0 2
76 36 0 2
76 37 0 2
76 38 0 2
76 39 0 2
76 40 0 2
76 41 0 2
76 42 0 2
76 43 0 2
76 44 0 2
76 45 0 2
76 46 0 2
76 47 0 2
76 48 0 2
76 49 0 2
76 50 0 2
76 51 0 2
76 52 0 2
76 53 0 2
76 54 0 2
76 55 0 2
76 56 0 2
76 57 0 2
76 58 0 2
76 59 0 2
76 60 0 2
76 61 0 2
76 62 0 2
76 63 0 2
76 64 0 2
76 65 0 2
76 66 0 2
76 67 0 2
76 68 0 2
76 69 8 11
76 70 3 10
76 71 4 13
76 72 0 7
76 73 3 8
76 74 6 13
76 75 1 7
76 76 4 12
76 77 5 12
76 78 3 9
76 79 3 7
76 80 9 10
76 81 5 12
76 82 8 12
76 83 5 11
76 84 3 10
76 85 5 10
76 86 2 9
76 87 2 6
76 88 6 11
76 89 10 13
76 90 0 2
76 91 0 2
76 92 3 12
76 93 0 2
76 94 0 2
76 95 1 2
76 96 0 2
76 97 4 13
76 98 1 11
76 99 3 8
76 100 0 2
77 1 7 10
77 2 5 11
77 3 8 12
77 4 5 10
77 5 0 2
77 6 0 2
77 7 0 2
77 8 0 2
77 9 0 2
77 10 0 2
77 11 0 2
77 12 5 11
77 13 0 2
77 14 0 2
77 15 0 2
77 16 0 2
77 17 0 2
77 18 0 2
77 19 0 2
77 20 2 6
77 21 0 2
77 22 0 2
77 23 0 2
77 24 0 2
77 25 0 2
77 26 0 2
77 27 0 2
77 28 0 2
77 29 0 2
77 30 0 2
77 31 0 2
77 32 0 2
77 33 0 2
77 34 0 2
77 35 0 2
77 36 0 2
77 37 0 2
77 38 0 2
77 39 0 2
77 40 0 2
77 41 0 2
77 42 0 2
77 43 0 2
77 44 0 2
77 45 0 2
77 46 0 2
77 47 0 2
77 48 0 2
77 49 0 2
77 50 0 2
77 51 0 2
77 52 0 2
77 53 0 2
77 54 0 2
77 55 0 2
77 56 0 2
77 57 0 2
77 58 0 2
77 59 0 2
77 60 0 2
77 61 0 2
77 62 0 2
77 63 0 2
77 64 0 2
77 65 0 2
77 66 0 2
77 67 0 2
77 68 0 2
77 69 0 2
77 70 0 2
77 71 0 2
77 72 0 2
77 73 0 2
77 74 4 11
77 75 0 11
77 76 5 11
77 77 10 12
77 78 4 12
77 79 6 11
77 80 10 12
77 81 3 7
77 82 5 15
77 83 2 12
77 84 4 9
77 85 6 11
77 86 5 12
77 87 1 6
77 88 4 11
77 89 3 11
77 90 8 14
77 91 0 2
77 92 0 2
77 93 0 2
77 94 4 13
77 95 4 13
77 96 2 11
77 97 0 2
77 98 0 2
77 99 5 14
77 100 3 11
78 1 3 9
78 2 1 4
78 3 6 14
78 4 4 10
78 5 3 6
78 6 5 10
78 7 6 11
78 8 5 11
78 9 0 2
78 10 0 2
78 11 0 2
78 12 0 2
78 13 0 2
78 14 0 2
78 15 0 2
78 16 5 11
78 17 0 2
78 18 0 2
78 19 0 2
78 20 0 2
78 21 0 2
78 22 0 2
78 23 0 2
78 24 2 6
78 25 0 2
78 26 0 2
78 27 0 2
78 28 0 2
78 29 0 2
78 30 0 2
78 31 0 2
78 32 0 2
78 33 0 2
78 34 0 2
78 35 0 2
78 36 0 2
78 37 0 2
78 38 0 2
78 39 0 2
78 40 0 2
78 41 0 2
78 42 0 2
78 43 0 2
78 44 0 2
78 45 0 2
78 46 0 2
78 47 0 2
78 48 0 2
78 49 0 2
78 50 0 2
78 51 0 2
78 52 7 10
78 53 0 2
78 54 0 2
78 55 0 2
78 56 0 2
78 57 0 2
78 58 0 2
78 59 0 2
78 60 0 2
78 61 0 2
78 62 0 2
78 63 0 2
78 64 0 2
78 65 0 2
78 66 0 2
78 67 0 2
78 68 3 7
78 69 5 10
78 70 3 9
78 71 4 10
78 72 4 11
78 73 5 10
78 74 8 14
78 75 6 12
78 76 8 12
78 77 7 10
78 78 0 2
78 79 6 14
78 80 4 10
78 81 1 9
78 82 4 9
78 83 4 11
78 84 6 12
78 85 5 9
78 86 5 13
78 87 3 9
78 88 5 12
78 89 0 2
78 90 0 2
78 91 0 2
78 92 0 2
78 93 1 4
78 94 0 2
78 95 0 2
78 96 3 13
78 97 4 9
78 98 2 7
78 99 2 12
78 100 3 14
79 1 3 9
79 2 5 10
79 3 0 2
79 4 0 2
79 5 0 2
79 6 0 2
79 7 0 2
79 8 0 2
79 9 0 2
79 10 5 11
79 11 0 2
79 12 0 2
79 13 0 2
79 14 0 2
79 15 0 2
79 16 0 2
79 17 0 2
79 18 2 6
79 19 0 2
79 20 0 2
79 21 0 2
79 22 0 2
79 23 0 2
79 24 0 2
79 25 0 2
79 26 0 2
79 27 0 2
79 28 0 2
79 29 0 2
79 30 0 2
79 31 0 2
79 32 0 2
79 33 6 12
79 34 0 2
79 35 0 2
79 36 3 6
79 37 3 10
79 38 0 2
79 39 0 2
79 40 0 2
79 41 0 2
79 42 0 2
79 43 0 2
79 44 0 2
79 45 0 2
79 46 0 2
79 47 0 2
79 48 0 2
79 49 0 2
79 50 0 2
79 51 0 2
79 52 4 11
79 53 5 12
79 54 6 14
79 55 6 11
79 56 2 3
79 57 3 12
79 58 6 13
79 59 7 12
79 60 1 4
79 61 4 10
79 62 3 6
79 63 5 9
79 64 4 11
79 65 5 11
79 66 5 11
79 67 3 6
79 68 1 3
79 69 4 13
79 70 4 9
79 71 5 12
79 72 8 12
79 73 8 12
79 74 3 10
79 75 5 10
79 76 4 10
79 77 3 10
79 78 6 11
79 79 4 7
79 80 5 11
79 81 1 8
79 82 6 11
79 83 3 6
79 84 5 11
79 85 0 3
79 86 5 7
79 87 4 11
79 88 4 9
79 89 0 2
79 90 0 2
79 91 0 2
79 92 5 5
79 93 0 1
79 94 4 11
79 95 6 10
79 96 0 2
79 97 5 9
79 98 0 2
79 99 6 11
79 100 3 9
80 1 4 11
80 2 3 9
80 3 0 2
80 4 0 2
80 5 0 2
80 6 0 2
80 7 0 2
80 8 0 2
80 9 0 2
80 10 5 11
80 11 0 2
80 12 0 2
80 13 0 2
80 14 0 2
80 15 0 2
80 16 0 2
80 17 0 2
80 18 2 6
80 19 0 2
80 20 0 2
80 21 0 2
80 22 0 2
80 23 0 2
80 24 0 2
80 25 0 2
80 26 0 2
80 27 0 2
80 28 0 2
80 29 0 2
80 30 0 2
80 31 0 2
80 32 3 10
80 33 0 2
80 34 0 2
80 35 5 15
80 36 0 2
80 37 0 2
80 38 0 2
80 39 0 2
80 40 0 2
80 41 2 6
80 42 0 2
80 43 1 3
80 44 0 2
80 45 0 2
80 46 0 2
80 47 0 2
80 48 0 2
80 49 0 2
80 50 0 2
80 51 0 2
80 52 4 10
80 53 0 2
80 54 0 2
80 55 0 2
80 56 0 2
80 57 0 2
80 58 0 2
80 59 5 11
80 60 4 14
80 61 0 2
80 62 0 2
80 63 6 15
80 64 0 2
80 65 5 14
80 66 0 2
80 67 0 2
80 68 6 8
80 69 0 4
80 70 1 3
80 71 5 10
80 72 5 9
80 73 3 8
80 74 4 12
80 75 3 8
80 76 3 7
80 77 3 10
80 78 5 8
80 79 4 7
80 80 4 7
80 81 5 10
80 82 5 14
80 83 3 9
80 84 6 7
80 85 2 6
80 86 8 11
80 87 0 2
80 88 0 2
80 89 7 12
80 90 2 3
80 91 0 1
80 92 0 1
80 93 3 4
80 94 0 2
80 95 0 2
80 96 0 2
80 97 0 2
80 98 0 2
80 99 0 2
80 100 6 12
81 1 4 12
81 2 4 13
81 3 0 2
81 4 0 2
81 5 0 2
81 6 0 2
81 7 0 2
81 8 0 2
81 9 0 2
81 10 5 11
81 11 0 2
81 12 0 2
81 13 0 2
81 14 0 2
81 15 0 2
81 16 0 2
81 17 0 2
81 18 2 6
81 19 0 2
81 20 0 2
81 21 0 2
81 22 0 2
81 23 0 2
81 24 0 2
81 25 0 2
81 26 0 2
81 27 0 2
81 28 0 2
81 29 0 2
81 30 0 2
81 31 0 2
81 32 4 11
81 33 0 2
81 34 0 2
81 35 0 2
81 36 0 2
81 37 0 2
81 38 0 2
81 39 0 2
81 40 0 2
81 41 0 2
81 42 0 2
81 43 0 2
81 44 0 2
81 45 0 2
81 46 7 13
81 47 0 2
81 48 0 2
81 49 0 2
81 50 0 2
81 51 0 2
81 52 0 2
81 53 0 2
81 54 0 2
81 55 0 2
81 56 0 2
81 57 0 2
81 58 0 2
81 59 0 2
81 60 2 3
81 61 4 13
81 62 7 10
81 63 9 13
81 64 2 8
81 65 3 9
81 66 4 15
81 67 4 11
81 68 4 12
81 69 5 8
81 70 8 14
81 71 6 11
81 72 7 11
81 73 1 8
81 74 7 13
81 75 3 9
81 76 6 10
81 77 3 9
81 78 9 14
81 79 4 9
81 80 3 8
81 81 16 14
81 82 3 10
81 83 5 9
81 84 1 2
81 85 7 7
81 86 3 9
81 87 0 7
81 88 0 1
81 89 2 3
81 90 0 1
81 91 2 3
81 92 0 2
81 93 4 9
81 94 8 12
81 95 0 2
81 96 1 2
81 97 0 2
81 98 0 2
81 99 5 11
81 100 2 6
82 1 4 13
82 2 0 2
82 3 0 2
82 4 0 2
82 5 0 2
82 6 0 2
82 7 0 2
82 8 0 2
82 9 5 11
82 10 0 2
82 11 0 2
82 12 0 2
82 13 0 2
82 14 0 2
82 15 0 2
82 16 0 2
82 17 2 6
82 18 0 2
82 19 0 2
82 20 0 2
82 21 0 2
82 22 0 2
82 23 0 2
82 24 0 2
82 25 0 2
82 26 0 2
82 27 0 2
82 28 0 2
82 29 0 2
82 30 0 2
82 31 0 2
82 32 0 2
82 33 0 2
82 34 0 2
82 35 0 2
82 36 0 2
82 37 0 2
82 38 0 2
82 39 0 2
82 40 0 2
82 41 0 2
82 42 0 2
82 43 0 2
82 44 0 2
82 45 0 2
82 46 0 2
82 47 0 2
82 48 0 2
82 49 0 2
82 50 0 2
82 51 0 2
82 52 0 2
82 53 0 2
82 54 0 2
82 55 0 2
82 56 0 2
82 57 12 9
82 58 2 3
82 59 5 9
82 60 3 8
82 61 4 13
82 62 5 10
82 63 6 12
82 64 4 13
82 65 4 8
82 66 4 8
82 67 3 12
82 68 4 12
82 69 7 12
82 70 0 2
82 71 4 12
82 72 1 4
82 73 4 12
82 74 4 11
82 75 3 8
82 76 6 13
82 77 4 11
82 78 3 7
82 79 6 11
82 80 1 2
82 81 1 2
82 82 5 11
82 83 5 12
82 84 9 12
82 85 8 12
82 86 4 9
82 87 0 4
82 88 0 1
82 89 2 6
82 90 0 2
82 91 6 15
82 92 1 3
82 93 0 2
82 94 0 2
82 95 4 13
82 96 2 3
82 97 4 13
82 98 2 8
82 99 5 8
82 100 4 11
83 1 2 3
83 2 2 3
83 3 6 11
83 4 6 10
83 5 4 12
83 6 4 8
83 7 0 2
83 8 0 2
83 9 0 2
83 10 0 2
83 11 0 2
83 12 0 2
83 13 0 2
83 14 5 11
83 15 0 2
83 16 0 2
83 17 0 2
83 18 0 2
83 19 0 2
83 20 0 2
83 21 0 2
83 22 2 6
83 23 0 2
83 24 0 2
83 25 0 2
83 26 0 2
83 27 0 2
83 28 0 2
83 29 0 2
83 30 0 2
83 31 0 2
83 32 0 2
83 33 0 2
83 34 0 2
83 35 0 2
83 36 0 2
83 37 0 2
83 38 0 2
83 39 0 2
83 40 0 2
83 41 0 2
83 42 0 2
83 43 0 2
83 44 0 2
83 45 0 2
83 46 0 2
83 47 0 2
83 48 0 2
83 49 0 2
83 50 0 2
83 51 0 2
83 52 0 2
83 53 0 2
83 54 0 2
83 55 0 2
83 56 0 2
83 57 0 2
83 58 0 2
83 59 0 2
83 60 0 2
83 61 0 2
83 62 0 2
83 63 0 2
83 64 0 2
83 65 0 2
83 66 0 2
83 67 0 2
83 68 0 2
83 69 0 2
83 70 2 11
83 71 4 12
83 72 4 13
83 73 6 11
83 74 5 11
83 75 6 14
83 76 6 8
83 77 7 14
83 78 2 3
83 79 6 9
83 80 5 13
83 81 1 3
83 82 1 2
83 83 1 2
83 84 1 10
83 85 2 10
83 86 4 9
83 87 5 13
83 88 0 2
83 89 0 4
83 90 0 2
83 91 4 11
83 92 7 13
83 93 0 2
83 94 0 2
83 95 0 2
83 96 2 9
83 97 2 8
83 98 0 3
83 99 5 9
83 100 6 14
84 1 6 11
84 2 8 13
84 3 4 8
84 4 4 12
84 5 0 2
84 6 0 2
84 7 0 2
84 8 0 2
84 9 0 2
84 10 0 2
84 11 0 2
84 12 5 11
84 13 0 2
84 14 0 2
84 15 0 2
84 16 0 2
84 17 0 2
84 18 0 2
84 19 0 2
84 20 2 6
84 21 0 2
84 22 0 2
84 23 0 2
84 24 0 2
84 25 0 2
84 26 0 2
84 27 0 2
84 28 0 2
84 29 0 2
84 30 0 2
84 31 0 2
84 32 0 2
84 33 0 2
84 34 0 2
84 35 0 2
84 36 0 2
84 37 0 2
84 38 0 2
84 39 0 2
84 40 0 2
84 41 0 2
84 42 0 2
84 43 0 2
84 44 0 2
84 45 0 2
84 46 0 2
84 47 0 2
84 48 0 2
84 49 0 2
84 50 0 2
84 51 0 2
84 52 0 2
84 53 0 2
84 54 0 2
84 55 0 2
84 56 0 2
84 57 0 2
84 58 0 2
84 59 0 2
84 60 0 2
84 61 0 2
84 62 0 2
84 63 0 2
84 64 0 2
84 65 0 2
84 66 0 2
84 67 2 5
84 68 0 2
84 69 0 2
84 70 0 2
84 71 0 2
84 72 0 2
84 73 0 2
84 74 4 8
84 75 2 11
84 76 2 3
84 77 2 3
84 78 2 3
84 79 1 2
84 80 1 2
84 81 1 2
84 82 6 10
84 83 6 13
84 84 7 10
84 85 0 2
84 86 6 12
84 87 1 12
84 88 0 2
84 89 0 2
84 90 0 2
84 91 0 2
84 92 0 2
84 93 0 2
84 94 0 2
84 95 0 2
84 96 4 15
84 97 3 11
84 98 8 11
84 99 2 12
84 100 0 2
85 1 2 3
85 2 3 12
85 3 4 12
85 4 0 2
85 5 0 2
85 6 0 2
85 7 0 2
85 8 0 2
85 9 0 2
85 10 0 2
85 11 5 11
85 12 0 2
85 13 0 2
85 14 0 2
85 15 0 2
85 16 0 2
85 17 0 2
85 18 0 2
85 19 2 6
85 20 0 2
85 21 0 2
85 22 0 2
85 23 0 2
85 24 0 2
85 25 0 2
85 26 0 2
85 27 0 2
85 28 0 2
85 29 0 2
85 30 0 2
85 31 0 2
85 32 0 2
85 33 0 2
85 34 0 2
85 35 0 2
85 36 0 2
85 37 0 2
85 38 0 2
85 39 0 2
85 40 0 2
85 41 0 2
85 42 0 2
85 43 0 2
85 44 0 2
85 45 0 2
85 46 0 2
85 47 0 2
85 48 0 2
85 49 0 2
85 50 0 2
85 51 0 2
85 52 0 2
85 53 0 2
85 54 0 2
85 55 0 2
85 56 0 2
85 57 0 2
85 58 0 2
85 59 0 2
85 60 0 2
85 61 0 2
85 62 0 2
85 63 0 3
85 64 0 2
85 65 0 2
85 66 0 2
85 67 0 2
85 68 0 2
85 69 0 2
85 70 4 9
85 71 4 8
85 72 6 9
85 73 6 11
85 74 5 14
85 75 8 13
85 76 0 2
85 77 0 2
85 78 0 2
85 79 3 9
85 80 6 11
85 81 8 13
85 82 6 9
85 83 7 12
85 84 5 13
85 85 6 10
85 86 5 10
85 87 2 9
85 88 0 2
85 89 0 2
85 90 0 2
85 91 1 6
85 92 6 13
85 93 0 2
85 94 0 2
85 95 0 2
85 96 1 2
85 97 0 2
85 98 0 2
85 99 4 11
85 100 2 9
86 1 3 12
86 2 0 2
86 3 0 2
86 4 0 2
86 5 0 2
86 6 0 2
86 7 0 2
86 8 0 2
86 9 5 11
86 10 0 2
86 11 0 2
86 12 0 2
86 13 0 2
86 14 0 2
86 15 0 2
86 16 0 2
86 17 2 6
86 18 0 2
86 19 0 2
86 20 0 2
86 21 0 2
86 22 0 2
86 23 0 2
86 24 0 2
86 25 0 2
86 26 0 2
86 27 0 2
86 28 0 2
86 29 0 2
86 30 0 2
86 31 0 2
86 32 0 2
86 33 0 2
86 34 0 2
86 35 0 2
86 36 0 2
86 37 0 2
86 38 0 2
86 39 0 2
86 40 0 2
86 41 0 2
86 42 0 2
86 43 0 2
86 44 0 2
86 45 0 2
86 46 0 2
86 47 0 2
86 48 0 2
86 49 0 2
86 50 0 2
86 51 0 2
86 52 0 2
86 53 0 2
86 54 0 2
86 55 0 2
86 56 0 2
86 57 0 2
86 58 0 2
86 59 0 2
86 60 0 2
86 61 0 2
86 62 0 2
86 63 0 2
86 64 0 2
86 65 0 2
86 66 0 2
86 67 0 2
86 68 0 2
86 69 0 2
86 70 4 12
86 71 4 8
86 72 2 3
86 73 3 10
86 74 4 8
86 75 1 5
86 76 5 12
86 77 6 11
86 78 7 14
86 79 2 9
86 80 1 2
86 81 1 4
86 82 0 2
86 83 4 11
86 84 4 14
86 85 10 14
86 86 6 12
86 87 6 12
86 88 6 15
86 89 4 14
86 90 2 5
86 91 6 12
86 92 5 12
86 93 4 9
86 94 0 2
86 95 2 4
86 96 1 2
86 97 4 12
86 98 5 11
86 99 4 9
86 100 2 6
87 1 0 2
87 2 0 2
87 3 0 2
87 4 0 2
87 5 0 2
87 6 0 2
87 7 0 2
87 8 5 11
87 9 0 2
87 10 0 2
87 11 0 2
87 12 0 2
87 13 0 2
87 14 0 2
87 15 0 2
87 16 2 6
87 17 0 2
87 18 0 2
87 19 0 2
87 20 0 2
87 21 0 2
87 22 0 2
87 23 0 2
87 24 0 2
87 25 0 2
87 26 0 2
87 27 0 2
87 28 0 2
87 29 0 2
87 30 0 2
87 31 0 2
87 32 0 2
87 33 0 2
87 34 0 2
87 35 0 2
87 36 0 2
87 37 0 2
87 38 0 2
87 39 1 4
87 40 0 2
87 41 0 2
87 42 0 2
87 43 0 2
87 44 0 2
87 45 0 2
87 46 0 2
87 47 0 2
87 48 0 2
87 49 0 2
87 50 0 2
87 51 0 2
87 52 0 2
87 53 0 2
87 54 0 2
87 55 0 2
87 56 0 2
87 57 0 2
87 58 0 2
87 59 0 2
87 60 0 2
87 61 0 2
87 62 0 2
87 63 0 2
87 64 0 2
87 65 5 9
87 66 4 8
87 67 2 3
87 68 3 7
87 69 5 14
87 70 7 14
87 71 6 12
87 72 7 11
87 73 4 12
87 74 0 2
87 75 4 9
87 76 4 10
87 77 3 12
87 78 12 14
87 79 7 13
87 80 4 9
87 81 6 9
87 82 1 5
87 83 4 8
87 84 4 12
87 85 3 7
87 86 4 13
87 87 3 6
87 88 0 1
87 89 0 2
87 90 0 2
87 91 4 14
87 92 0 2
87 93 4 8
87 94 1 2
87 95 0 2
87 96 0 2
87 97 0 2
87 98 5 13
87 99 3 8
87 100 3 12
88 1 4 13
88 2 2 6
88 3 3 9
88 4 1 2
88 5 4 10
88 6 0 2
88 7 6 11
88 8 2 10
88 9 5 11
88 10 0 2
88 11 0 2
88 12 0 2
88 13 0 2
88 14 0 2
88 15 0 2
88 16 0 2
88 17 5 11
88 18 0 2
88 19 0 2
88 20 0 2
88 21 0 2
88 22 0 2
88 23 0 2
88 24 0 2
88 25 2 6
88 26 0 2
88 27 0 2
88 28 0 2
88 29 0 2
88 30 0 2
88 31 0 2
88 32 0 2
88 33 0 2
88 34 0 2
88 35 0 2
88 36 0 2
88 37 0 2
88 38 0 2
88 39 0 2
88 40 0 2
88 41 0 2
88 42 0 2
88 43 0 2
88 44 0 2
88 45 0 2
88 46 0 2
88 47 0 2
88 48 0 2
88 49 0 2
88 50 0 2
88 51 0 2
88 52 0 2
88 53 0 2
88 54 0 2
88 55 0 2
88 56 0 2
88 57 0 2
88 58 0 2
88 59 0 2
88 60 0 2
88 61 1 4
88 62 0 2
88 63 0 2
88 64 0 2
88 65 0 2
88 66 0 2
88 67 0 2
88 68 0 2
88 69 0 2
88 70 0 2
88 71 0 2
88 72 0 2
88 73 0 2
88 74 0 2
88 75 0 2
88 76 0 2
88 77 0 2
88 78 0 2
88 79 0 2
88 80 0 2
88 81 0 2
88 82 1 8
88 83 2 8
88 84 2 3
88 85 5 13
88 86 5 14
88 87 3 6
88 88 10 9
88 89 2 9
88 90 0 2
88 91 0 2
88 92 0 1
88 93 2 3
88 94 5 14
88 95 0 9
88 96 0 2
88 97 0 2
88 98 5 10
88 99 3 11
88 100 6 12
89 1 4 13
89 2 0 2
89 3 0 2
89 4 0 2
89 5 0 2
89 6 0 2
89 7 0 2
89 8 0 2
89 9 5 11
89 10 0 2
89 11 0 2
89 12 0 2
89 13 0 2
89 14 0 2
89 15 0 2
89 16 0 2
89 17 2 6
89 18 0 2
89 19 0 2
89 20 0 2
89 21 0 2
89 22 0 2
89 23 0 2
89 24 0 2
89 25 0 2
89 26 0 2
89 27 0 2
89 28 0 2
89 29 0 2
89 30 0 2
89 31 0 2
89 32 0 2
89 33 0 2
89 34 0 2
89 35 2 8
89 36 0 2
89 37 0 2
89 38 0 2
89 39 0 2
89 40 0 2
89 41 0 2
89 42 0 2
89 43 0 2
89 44 0 2
89 45 0 2
89 46 0 2
89 47 0 2
89 48 0 2
89 49 0 2
89 50 0 2
89 51 0 2
89 52 0 2
89 53 0 2
89 54 0 2
89 55 0 2
89 56 0 2
89 57 0 2
89 58 8 12
89 59 0 2
89 60 0 2
89 61 0 2
89 62 0 2
89 63 0 2
89 64 0 2
89 65 0 2
89 66 0 2
89 67 0 2
89 68 0 2
89 69 6 11
89 70 2 6
89 71 3 9
89 72 6 10
89 73 4 10
89 74 7 11
89 75 4 12
89 76 5 13
89 77 7 10
89 78 6 10
89 79 2 10
89 80 0 2
89 81 0 2
89 82 3 8
89 83 2 7
89 84 1 3
89 85 1 2
89 86 6 9
89 87 5 11
89 88 3 9
89 89 0 2
89 90 0 2
89 91 0 3
89 92 3 12
89 93 11 15
89 94 4 11
89 95 0 2
89 96 0 2
89 97 0 2
89 98 3 10
89 99 3 8
89 100 6 11
90 1 4 9
90 2 5 13
90 3 4 13
90 4 0 2
90 5 0 2
90 6 0 2
90 7 0 2
90 8 0 2
90 9 0 2
90 10 0 2
90 11 5 11
90 12 0 2
90 13 0 2
90 14 0 2
90 15 0 2
90 16 0 2
90 17 0 2
90 18 0 2
90 19 2 6
90 20 0 2
90 21 0 2
90 22 0 2
90 23 0 2
90 24 0 2
90 25 0 2
90 26 0 2
90 27 0 2
90 28 0 2
90 29 0 2
90 30 0 2
90 31 0 2
90 32 0 2
90 33 0 2
90 34 0 2
90 35 0 2
90 36 0 2
90 37 0 2
90 38 0 2
90 39 0 2
90 40 0 2
90 41 0 2
90 42 0 2
90 43 0 2
90 44 0 2
90 45 0 2
90 46 0 2
90 47 0 2
90 48 0 2
90 49 0 2
90 50 0 2
90 51 0 2
90 52 0 2
90 53 0 2
90 54 0 2
90 55 0 2
90 56 0 2
90 57 0 2
90 58 0 2
90 59 0 2
90 60 0 2
90 61 0 2
90 62 1 8
90 63 0 2
90 64 0 2
90 65 0 2
90 66 0 2
90 67 0 2
90 68 0 2
90 69 0 2
90 70 0 2
90 71 0 2
90 72 1 3
90 73 4 14
90 74 5 10
90 75 7 13
90 76 5 10
90 77 6 12
90 78 0 2
90 79 0 2
90 80 8 13
90 81 5 14
90 82 3 9
90 83 6 13
90 84 0 2
90 85 0 2
90 86 0 2
90 87 0 2
90 88 0 2
90 89 0 2
90 90 7 14
90 91 0 3
90 92 0 7
90 93 4 12
90 94 6 12
90 95 3 10
90 96 0 2
90 97 0 2
90 98 6 12
90 99 3 12
90 100 7 11
91 1 0 2
91 2 0 2
91 3 0 2
91 4 0 2
91 5 0 2
91 6 0 2
91 7 0 2
91 8 5 11
91 9 0 2
91 10 0 2
91 11 0 2
91 12 0 2
91 13 0 2
91 14 0 2
91 15 0 2
91 16 2 6
91 17 0 2
91 18 0 2
91 19 0 2
91 20 0 2
91 21 0 2
91 22 0 2
91 23 0 2
91 24 0 2
91 25 0 2
91 26 0 2
91 27 0 2
91 28 0 2
91 29 0 2
91 30 0 2
91 31 0 2
91 32 0 2
91 33 0 2
91 34 0 2
91 35 0 2
91 36 0 2
91 37 0 2
91 38 0 2
91 39 0 2
91 40 0 2
91 41 0 2
91 42 0 2
91 43 0 2
91 44 0 2
91 45 0 2
91 46 0 2
91 47 0 2
91 48 0 2
91 49 0 2
91 50 0 2
91 51 0 2
91 52 0 2
91 53 0 2
91 54 0 2
91 55 0 2
91 56 0 2
91 57 0 2
91 58 0 2
91 59 0 2
91 60 0 2
91 61 0 2
91 62 0 2
91 63 0 2
91 64 0 2
91 65 0 2
91 66 0 2
91 67 0 2
91 68 0 2
91 69 6 13
91 70 4 9
91 71 1 4
91 72 2 8
91 73 2 6
91 74 1 6
91 75 4 13
91 76 5 10
91 77 2 9
91 78 2 4
91 79 5 13
91 80 10 11
91 81 8 13
91 82 0 2
91 83 8 12
91 84 3 13
91 85 0 2
91 86 0 2
91 87 0 2
91 88 0 2
91 89 0 2
91 90 4 10
91 91 0 2
91 92 0 2
91 93 0 2
91 94 0 2
91 95 0 2
91 96 4 9
91 97 4 10
91 98 3 8
91 99 3 10
91 100 4 12
92 1 3 10
92 2 0 2
92 3 0 2
92 4 0 2
92 5 0 2
92 6 0 2
92 7 0 2
92 8 0 2
92 9 5 11
92 10 0 2
92 11 0 2
92 12 0 2
92 13 0 2
92 14 0 2
92 15 0 2
92 16 0 2
92 17 2 6
92 18 0 2
92 19 0 2
92 20 0 2
92 21 0 2
92 22 0 2
92 23 0 2
92 24 0 2
92 25 0 2
92 26 0 2
92 27 0 2
92 28 0 2
92 29 0 2
92 30 0 2
92 31 0 2
92 32 0 2
92 33 0 2
92 34 0 2
92 35 0 2
92 36 0 2
92 37 0 2
92 38 0 2
92 39 0 2
92 40 0 2
92 41 0 2
92 42 0 2
92 43 0 2
92 44 0 2
92 45 0 2
92 46 0 2
92 47 0 2
92 48 0 2
92 49 0 2
92 50 0 2
92 51 0 2
92 52 0 2
92 53 0 2
92 54 0 2
92 55 0 2
92 56 0 2
92 57 0 2
92 58 0 2
92 59 0 2
92 60 0 2
92 61 0 2
92 62 0 2
92 63 0 2
92 64 0 2
92 65 0 2
92 66 0 2
92 67 0 2
92 68 0 2
92 69 0 2
92 70 0 2
92 71 4 13
92 72 4 10
92 73 3 12
92 74 4 10
92 75 3 10
92 76 11 12
92 77 3 13
92 78 4 10
92 79 5 12
92 80 3 10
92 81 5 11
92 82 9 12
92 83 5 11
92 84 1 2
92 85 4 10
92 86 2 3
92 87 1 10
92 88 0 2
92 89 0 2
92 90 0 2
92 91 0 2
92 92 6 12
92 93 1 8
92 94 2 6
92 95 0 2
92 96 0 2
92 97 0 2
92 98 12 14
92 99 5 13
92 100 6 14
93 1 3 10
93 2 0 2
93 3 0 2
93 4 0 2
93 5 0 2
93 6 0 2
93 7 0 2
93 8 0 2
93 9 5 11
93 10 0 2
93 11 0 2
93 12 0 2
93 13 0 2
93 14 0 2
93 15 0 2
93 16 0 2
93 17 2 6
93 18 0 2
93 19 0 2
93 20 0 2
93 21 0 2
93 22 0 2
93 23 0 2
93 24 0 2
93 25 0 2
93 26 0 2
93 27 0 2
93 28 0 2
93 29 0 2
93 30 0 2
93 31 0 2
93 32 0 2
93 33 0 2
93 34 0 2
93 35 0 2
93 36 0 2
93 37 0 2
93 38 0 2
93 39 0 2
93 40 0 2
93 41 0 2
93 42 0 2
93 43 0 2
93 44 0 2
93 45 0 2
93 46 0 2
93 47 0 2
93 48 0 2
93 49 0 2
93 50 0 2
93 51 0 2
93 52 0 2
93 53 0 2
93 54 0 2
93 55 0 2
93 56 0 2
93 57 0 2
93 58 5 7
93 59 0 2
93 60 0 2
93 61 0 2
93 62 0 2
93 63 0 2
93 64 0 2
93 65 0 2
93 66 0 2
93 67 0 2
93 68 0 2
93 69 0 2
93 70 0 2
93 71 0 2
93 72 0 2
93 73 0 2
93 74 0 2
93 75 0 2
93 76 0 2
93 77 7 11
93 78 5 9
93 79 5 10
93 80 8 12
93 81 6 10
93 82 4 9
93 83 6 11
93 84 1 2
93 85 5 10
93 86 2 8
93 87 0 7
93 88 1 3
93 89 0 2
93 90 3 13
93 91 0 2
93 92 0 2
93 93 0 2
93 94 0 2
93 95 0 2
93 96 0 2
93 97 0 2
93 98 0 2
93 99 10 15
93 100 3 7
94 1 2 8
94 2 4 9
94 3 5 13
94 4 0 2
94 5 0 2
94 6 0 2
94 7 0 2
94 8 0 2
94 9 0 2
94 10 0 2
94 11 5 11
94 12 0 2
94 13 0 2
94 14 0 2
94 15 0 2
94 16 0 2
94 17 0 2
94 18 0 2
94 19 2 6
94 20 0 2
94 21 0 2
94 22 0 2
94 23 0 2
94 24 0 2
94 25 0 2
94 26 0 2
94 27 0 2
94 28 0 2
94 29 0 2
94 30 0 2
94 31 0 2
94 32 0 2
94 33 0 2
94 34 0 2
94 35 0 2
94 36 0 2
94 37 0 2
94 38 0 2
94 39 0 2
94 40 0 2
94 41 0 2
94 42 0 2
94 43 0 2
94 44 0 2
94 45 0 2
94 46 0 2
94 47 0 2
94 48 0 2
94 49 0 2
94 50 0 2
94 51 0 2
94 52 0 2
94 53 0 2
94 54 0 2
94 55 0 2
94 56 0 2
94 57 0 2
94 58 0 2
94 59 0 2
94 60 0 2
94 61 0 2
94 62 0 2
94 63 0 2
94 64 0 2
94 65 0 2
94 66 0 2
94 67 0 2
94 68 0 2
94 69 0 2
94 70 0 2
94 71 0 2
94 72 0 2
94 73 0 2
94 74 0 2
94 75 0 2
94 76 0 2
94 77 5 10
94 78 3 10
94 79 4 10
94 80 2 10
94 81 5 14
94 82 6 11
94 83 1 5
94 84 2 8
94 85 0 3
94 86 1 2
94 87 1 2
94 88 6 13
94 89 0 2
94 90 0 2
94 91 0 2
94 92 3 10
94 93 0 2
94 94 0 2
94 95 0 2
94 96 0 2
94 97 0 2
94 98 3 11
94 99 4 9
94 100 5 9
95 1 0 2
95 2 0 2
95 3 0 2
95 4 0 2
95 5 0 2
95 6 0 2
95 7 0 2
95 8 5 11
95 9 0 2
95 10 0 2
95 11 0 2
95 12 0 2
95 13 0 2
95 14 0 2
95 15 0 2
95 16 2 6
95 17 0 2
95 18 0 2
95 19 0 2
95 20 0 2
95 21 0 2
95 22 0 2
95 23 0 2
95 24 0 2
95 25 0 2
95 26 0 2
95 27 0 2
95 28 0 2
95 29 0 2
95 30 0 2
95 31 0 2
95 32 0 2
95 33 0 2
95 34 0 2
95 35 0 2
95 36 0 2
95 37 0 2
95 38 0 2
95 39 0 2
95 40 0 2
95 41 0 2
95 42 0 2
95 43 0 2
95 44 0 2
95 45 0 2
95 46 0 2
95 47 0 2
95 48 0 2
95 49 0 2
95 50 0 2
95 51 0 2
95 52 0 2
95 53 0 2
95 54 0 2
95 55 0 2
95 56 0 2
95 57 0 2
95 58 0 2
95 59 0 2
95 60 0 2
95 61 0 2
95 62 0 2
95 63 0 2
95 64 0 2
95 65 0 2
95 66 0 2
95 67 3 14
95 68 5 9
95 69 5 10
95 70 7 11
95 71 2 8
95 72 2 9
95 73 4 11
95 74 5 12
95 75 5 13
95 76 5 13
95 77 3 14
95 78 3 9
95 79 1 2
95 80 1 2
95 81 4 9
95 82 7 12
95 83 6 14
95 84 8 14
95 85 5 11
95 86 0 3
95 87 4 11
95 88 7 11
95 89 4 10
95 90 0 2
95 91 0 2
95 92 7 8
95 93 0 2
95 94 0 2
95 95 0 2
95 96 0 2
95 97 7 14
95 98 3 7
95 99 3 11
95 100 1 3
96 1 0 2
96 2 0 2
96 3 0 2
96 4 0 2
96 5 0 2
96 6 0 2
96 7 0 2
96 8 5 11
96 9 0 2
96 10 0 2
96 11 0 2
96 12 0 2
96 13 0 2
96 14 0 2
96 15 0 2
96 16 2 6
96 17 0 2
96 18 0 2
96 19 0 2
96 20 0 2
96 21 0 2
96 22 0 2
96 23 0 2
96 24 0 2
96 25 0 2
96 26 0 2
96 27 0 2
96 28 0 2
96 29 0 2
96 30 0 2
96 31 0 2
96 32 0 2
96 33 0 2
96 34 0 2
96 35 0 2
96 36 0 2
96 37 0 2
96 38 0 2
96 39 0 2
96 40 0 2
96 41 0 2
96 42 0 2
96 43 0 2
96 44 0 2
96 45 0 2
96 46 0 2
96 47 0 2
96 48 0 2
96 49 0 2
96 50 0 2
96 51 0 2
96 52 0 2
96 53 0 2
96 54 2 4
96 55 0 2
96 56 0 2
96 57 0 2
96 58 0 2
96 59 0 2
96 60 0 2
96 61 0 2
96 62 0 2
96 63 4 12
96 64 7 11
96 65 1 11
96 66 5 13
96 67 5 10
96 68 0 2
96 69 4 14
96 70 1 2
96 71 5 10
96 72 4 9
96 73 5 13
96 74 6 14
96 75 5 10
96 76 7 13
96 77 8 13
96 78 4 6
96 79 0 3
96 80 6 11
96 81 4 10
96 82 0 2
96 83 0 1
96 84 0 2
96 85 0 2
96 86 0 2
96 87 0 2
96 88 5 11
96 89 5 12
96 90 4 12
96 91 0 2
96 92 0 2
96 93 0 2
96 94 0 2
96 95 0 3
96 96 0 2
96 97 0 2
96 98 3 9
96 99 5 12
96 100 6 11
97 1 5 13
97 2 0 2
97 3 6 14
97 4 4 11
97 5 2 10
97 6 0 2
97 7 0 2
97 8 0 2
97 9 0 2
97 10 0 2
97 11 0 2
97 12 0 2
97 13 5 11
97 14 0 2
97 15 0 2
97 16 0 2
97 17 0 2
97 18 0 2
97 19 0 2
97 20 0 2
97 21 2 6
97 22 0 2
97 23 0 2
97 24 0 2
97 25 0 2
97 26 0 2
97 27 0 2
97 28 0 2
97 29 0 2
97 30 0 2
97 31 0 2
97 32 0 2
97 33 0 2
97 34 0 2
97 35 0 2
97 36 0 2
97 37 0 2
97 38 0 2
97 39 0 2
97 40 0 2
97 41 0 2
97 42 0 2
97 43 0 2
97 44 0 2
97 45 0 2
97 46 0 2
97 47 0 2
97 48 0 2
97 49 0 2
97 50 0 2
97 51 0 2
97 52 0 2
97 53 0 2
97 54 0 2
97 55 0 2
97 56 0 2
97 57 0 2
97 58 0 2
97 59 0 2
97 60 0 2
97 61 0 2
97 62 0 2
97 63 0 2
97 64 0 2
97 65 0 2
97 66 0 2
97 67 0 2
97 68 0 2
97 69 0 2
97 70 0 2
97 71 0 2
97 72 0 2
97 73 0 2
97 74 0 2
97 75 4 14
97 76 8 14
97 77 7 9
97 78 3 9
97 79 4 12
97 80 2 13
97 81 4 12
97 82 0 1
97 83 0 1
97 84 0 2
97 85 0 1
97 86 0 2
97 87 4 9
97 88 0 2
97 89 0 2
97 90 0 2
97 91 0 2
97 92 2 10
97 93 7 11
97 94 6 12
97 95 2 4
97 96 0 2
97 97 0 2
97 98 0 2
97 99 3 10
97 100 3 13
98 1 0 2
98 2 0 2
98 3 0 2
98 4 0 2
98 5 0 2
98 6 0 2
98 7 0 2
98 8 5 11
98 9 0 2
98 10 0 2
98 11 0 2
98 12 0 2
98 13 0 2
98 14 0 2
98 15 0 2
98 16 2 6
98 17 0 2
98 18 0 2
98 19 0 2
98 20 0 2
98 21 0 2
98 22 0 2
98 23 0 2
98 24 0 2
98 25 0 2
98 26 0 2
98 27 0 2
98 28 0 2
98 29 0 2
98 30 0 2
98 31 0 2
98 32 0 2
98 33 0 2
98 34 0 2
98 35 0 2
98 36 0 2
98 37 0 2
98 38 0 2
98 39 0 2
98 40 0 2
98 41 0 2
98 42 0 2
98 43 0 2
98 44 0 2
98 45 0 2
98 46 0 2
98 47 0 2
98 48 0 2
98 49 0 2
98 50 0 2
98 51 0 2
98 52 0 2
98 53 0 2
98 54 0 2
98 55 3 11
98 56 0 2
98 57 0 2
98 58 0 2
98 59 0 2
98 60 1 12
98 61 0 2
98 62 0 2
98 63 0 2
98 64 0 2
98 65 0 2
98 66 0 2
98 67 0 2
98 68 0 2
98 69 0 2
98 70 0 2
98 71 0 6
98 72 6 13
98 73 3 14
98 74 2 10
98 75 0 8
98 76 8 12
98 77 3 8
98 78 4 12
98 79 0 2
98 80 3 10
98 81 0 2
98 82 6 14
98 83 5 13
98 84 2 3
98 85 4 11
98 86 3 11
98 87 4 12
98 88 2 10
98 89 5 14
98 90 11 9
98 91 5 10
98 92 0 2
98 93 0 2
98 94 0 1
98 95 0 2
98 96 3 12
98 97 3 5
98 98 0 2
98 99 1 7
98 100 4 13
99 1 4 12
99 2 0 2
99 3 0 2
99 4 0 2
99 5 0 2
99 6 0 2
99 7 0 2
99 8 0 2
99 9 5 11
99 10 0 2
99 11 0 2
99 12 0 2
99 13 0 2
99 14 0 2
99 15 0 2
99 16 0 2
99 17 2 6
99 18 0 2
99 19 0 2
99 20 0 2
99 21 0 2
99 22 0 2
99 23 0 2
99 24 0 2
99 25 0 2
99 26 0 2
99 27 0 2
99 28 0 2
99 29 0 2
99 30 0 2
99 31 0 2
99 32 0 2
99 33 0 2
99 34 0 2
99 35 0 2
99 36 0 2
99 37 0 2
99 38 0 2
99 39 0 2
99 40 0 2
99 41 0 2
99 42 0 2
99 43 0 2
99 44 0 2
99 45 0 2
99 46 0 2
99 47 0 2
99 48 0 2
99 49 0 2
99 50 0 2
99 51 0 2
99 52 0 2
99 53 0 2
99 54 0 2
99 55 0 2
99 56 0 2
99 57 0 2
99 58 0 2
99 59 0 2
99 60 0 2
99 61 0 2
99 62 0 2
99 63 0 2
99 64 0 2
99 65 0 2
99 66 0 2
99 67 0 2
99 68 0 2
99 69 0 2
99 70 0 2
99 71 0 2
99 72 0 2
99 73 0 2
99 74 5 11
99 75 3 14
99 76 11 15
99 77 8 10
99 78 5 12
99 79 7 13
99 80 2 9
99 81 6 11
99 82 5 13
99 83 4 11
99 84 9 11
99 85 2 3
99 86 1 10
99 87 3 9
99 88 5 12
99 89 8 11
99 90 0 4
99 91 0 1
99 92 0 2
99 93 0 2
99 94 0 2
99 95 0 2
99 96 2 8
99 97 0 2
99 98 3 5
99 99 6 12
99 100 8 10
