1 1 4 11
1 2 2 11
1 3 6 12
1 4 3 6
1 5 5 14
1 6 6 13
1 7 6 14
1 8 2 8
1 9 0 11
1 10 3 10
1 11 5 13
1 12 1 9
1 13 4 8
1 14 7 12
1 15 4 15
1 16 10 15
1 17 7 12
1 18 12 13
1 19 6 14
1 20 8 12
1 21 3 11
1 22 2 7
1 23 2 7
1 24 4 13
1 25 9 13
1 26 4 12
1 27 8 11
1 28 6 12
1 29 7 11
1 30 5 9
1 31 6 8
1 32 6 13
1 33 5 14
1 34 4 9
1 35 12 15
1 36 4 13
1 37 6 14
1 38 4 13
1 39 7 13
1 40 8 15
1 41 3 10
1 42 3 7
1 43 4 9
1 44 5 13
1 45 2 5
1 46 3 11
1 47 5 13
1 48 3 11
1 49 5 10
1 50 7 12
1 51 7 13
1 52 3 15
1 53 3 11
1 54 5 12
1 55 4 13
1 56 5 12
1 57 6 14
1 58 6 13
1 59 3 15
1 60 2 10
1 61 9 13
1 62 2 11
1 63 6 11
1 64 5 7
1 65 5 10
1 66 6 10
1 67 4 13
1 68 6 13
1 69 11 13
1 70 4 10
1 71 4 15
1 72 2 8
1 73 4 11
1 74 4 11
1 75 9 13
1 76 5 14
1 77 4 12
1 78 6 15
1 79 5 10
1 80 6 15
1 81 6 12
1 82 5 12
1 83 5 12
1 84 7 12
1 85 2 5
1 86 7 14
1 87 2 11
1 88 3 13
1 89 3 10
1 90 5 13
1 91 5 11
1 92 6 11
1 93 4 11
1 94 5 11
1 95 5 10
1 96 3 11
1 97 11 14
1 98 6 15
1 99 2 11
1 100 7 10
2 1 3 5
2 2 4 10
2 3 4 9
2 4 6 12
2 5 8 13
2 6 4 11
2 7 0 4
2 8 1 10
2 9 3 6
2 10 4 13
2 11 5 15
2 12 5 14
2 13 2 11
2 14 3 10
2 15 4 8
2 16 0 11
2 17 6 13
2 18 7 12
2 19 3 9
2 20 5 11
2 21 1 9
2 22 2 8
2 23 2 8
2 24 4 14
2 25 6 10
2 26 4 12
2 27 8 11
2 28 5 9
2 29 5 9
2 30 5 13
2 31 7 12
2 32 6 13
2 33 7 11
2 34 7 11
2 35 4 11
2 36 6 12
2 37 6 13
2 38 7 13
2 39 6 14
2 40 5 14
2 41 7 12
2 42 2 8
2 43 10 15
2 44 6 14
2 45 6 15
2 46 9 13
2 47 8 12
2 48 4 10
2 49 5 15
2 50 10 14
2 51 6 11
2 52 4 9
2 53 6 11
2 54 4 15
2 55 4 13
2 56 6 12
2 57 5 11
2 58 5 12
2 59 12 13
2 60 5 14
2 61 7 14
2 62 3 7
2 63 7 12
2 64 3 8
2 65 5 13
2 66 4 12
2 67 4 10
2 68 3 11
2 69 10 12
2 70 2 7
2 71 2 7
2 72 7 15
2 73 4 13
2 74 6 13
2 75 6 12
2 76 6 11
2 77 4 9
2 78 6 13
2 79 6 9
2 80 5 14
2 81 5 12
2 82 8 10
2 83 5 9
2 84 5 11
2 85 4 11
2 86 6 12
2 87 5 8
2 88 11 13
2 89 5 14
2 90 4 11
2 91 5 11
2 92 5 12
2 93 3 10
2 94 11 13
2 95 5 13
2 96 5 9
2 97 5 10
2 98 5 13
2 99 6 12
2 100 5 13
3 1 8 13
3 2 0 6
3 3 3 5
3 4 2 11
3 5 15 13
3 6 1 10
3 7 6 12
3 8 8 11
3 9 4 11
3 10 0 11
3 11 5 14
3 12 4 9
3 13 3 9
3 14 2 8
3 15 0 13
3 16 3 6
3 17 4 13
3 18 3 10
3 19 2 9
3 20 0 4
3 21 4 10
3 22 3 8
3 23 5 9
3 24 5 9
3 25 6 10
3 26 5 11
3 27 6 13
3 28 3 5
3 29 4 12
3 30 3 6
3 31 2 11
3 32 4 10
3 33 2 8
3 34 7 13
3 35 7 12
3 36 4 8
3 37 5 15
3 38 5 11
3 39 5 13
3 40 1 9
3 41 4 14
3 42 4 14
3 43 9 14
3 44 8 11
3 45 4 12
3 46 5 13
3 47 0 4
3 48 6 15
3 49 4 7
3 50 7 13
3 51 5 15
3 52 11 15
3 53 5 13
3 54 3 10
3 55 7 14
3 56 6 12
3 57 7 14
3 58 6 13
3 59 4 10
3 60 7 11
3 61 5 10
3 62 4 10
3 63 4 9
3 64 8 14
3 65 5 8
3 66 3 8
3 67 7 14
3 68 3 12
3 69 4 10
3 70 5 15
3 71 4 10
3 72 5 13
3 73 4 11
3 74 5 13
3 75 5 12
3 76 3 8
3 77 8 11
3 78 5 13
3 79 8 11
3 80 5 14
3 81 4 12
3 82 6 14
3 83 7 15
3 84 2 10
3 85 4 9
3 86 6 14
3 87 6 12
3 88 5 14
3 89 3 12
3 90 9 13
3 91 5 15
3 92 8 14
3 93 3 11
3 94 4 12
3 95 7 13
3 96 2 12
3 97 5 14
3 98 4 13
3 99 3 13
3 100 9 12
4 1 3 5
4 2 8 13
4 3 1 6
4 4 0 4
4 5 2 9
4 6 0 13
4 7 1 10
4 8 15 13
4 9 0 6
4 10 8 11
4 11 1 7
4 12 5 13
4 13 6 12
4 14 6 10
4 15 3 5
4 16 6 13
4 17 6 13
4 18 2 8
4 19 4 10
4 20 6 13
4 21 4 13
4 22 4 11
4 23 3 8
4 24 8 13
4 25 2 11
4 26 3 15
4 27 4 8
4 28 3 6
4 29 10 11
4 30 3 9
4 31 3 8
4 32 2 10
4 33 0 11
4 34 3 7
4 35 4 9
4 36 6 14
4 37 3 10
4 38 4 11
4 39 3 6
4 40 5 14
4 41 5 14
4 42 5 14
4 43 13 14
4 44 7 13
4 45 5 13
4 46 5 13
4 47 5 11
4 48 3 11
4 49 5 9
4 50 5 9
4 51 2 8
4 52 6 14
4 53 4 14
4 54 5 13
4 55 3 10
4 56 6 13
4 57 4 12
4 58 4 10
4 59 6 12
4 60 5 14
4 61 3 10
4 62 6 12
4 63 4 12
4 64 5 14
4 65 4 8
4 66 7 13
4 67 3 10
4 68 2 7
4 69 5 11
4 70 6 15
4 71 4 10
4 72 6 12
4 73 4 7
4 74 4 11
4 75 6 13
4 76 2 7
4 77 3 13
4 78 4 13
4 79 7 14
4 80 5 11
4 81 3 8
4 82 7 13
4 83 6 13
4 84 7 15
4 85 8 12
4 86 3 8
4 87 5 12
4 88 3 6
4 89 5 13
4 90 5 15
4 91 6 12
4 92 5 13
4 93 3 9
4 94 6 13
4 95 6 15
4 96 6 12
4 97 8 14
4 98 6 14
4 99 8 12
4 100 11 11
5 1 6 12
5 2 1 10
5 3 2 12
5 4 3 5
5 5 3 6
5 6 1 6
5 7 15 13
5 8 3 5
5 9 3 7
5 10 3 5
5 11 0 2
5 12 0 6
5 13 1 7
5 14 8 13
5 15 3 13
5 16 15 15
5 17 0 4
5 18 4 8
5 19 0 5
5 20 9 13
5 21 4 11
5 22 2 9
5 23 4 10
5 24 0 13
5 25 2 11
5 26 2 12
5 27 4 13
5 28 4 13
5 29 4 11
5 30 6 13
5 31 6 13
5 32 5 12
5 33 8 13
5 34 2 10
5 35 6 13
5 36 8 11
5 37 3 15
5 38 5 15
5 39 5 13
5 40 4 15
5 41 2 8
5 42 3 8
5 43 3 13
5 44 4 15
5 45 3 10
5 46 4 7
5 47 3 9
5 48 2 6
5 49 2 7
5 50 4 15
5 51 5 10
5 52 5 13
5 53 6 10
5 54 4 12
5 55 3 9
5 56 3 9
5 57 2 8
5 58 3 11
5 59 4 14
5 60 6 15
5 61 10 11
5 62 3 9
5 63 5 11
5 64 4 11
5 65 3 9
5 66 8 13
5 67 2 13
5 68 3 10
5 69 2 13
5 70 6 10
5 71 6 12
5 72 6 10
5 73 4 10
5 74 5 12
5 75 6 14
5 76 4 10
5 77 1 9
5 78 3 15
5 79 4 9
5 80 4 10
5 81 5 11
5 82 6 12
5 83 4 9
5 84 4 12
5 85 5 11
5 86 7 12
5 87 5 8
5 88 3 6
5 89 3 6
5 90 6 15
5 91 3 8
5 92 3 8
5 93 7 14
5 94 3 12
5 95 4 13
5 96 3 10
5 97 6 11
5 98 5 14
5 99 4 10
5 100 4 15
6 1 15 15
6 2 15 13
6 3 8 13
6 4 9 13
6 5 6 13
6 6 3 5
6 7 3 5
6 8 3 5
6 9 4 10
6 10 7 13
6 11 4 13
6 12 4 8
6 13 2 11
6 14 0 5
6 15 9 9
6 16 5 14
6 17 5 7
6 18 5 7
6 19 6 12
6 20 4 11
6 21 1 6
6 22 4 13
6 23 2 13
6 24 0 6
6 25 5 10
6 26 3 5
6 27 3 7
6 28 3 5
6 29 0 2
6 30 3 7
6 31 9 11
6 32 1 10
6 33 3 13
6 34 4 6
6 35 3 10
6 36 1 7
6 37 5 10
6 38 2 13
6 39 5 13
6 40 3 6
6 41 2 9
6 42 0 4
6 43 3 12
6 44 6 8
6 45 3 8
6 46 4 10
6 47 1 7
6 48 6 15
6 49 4 10
6 50 0 13
6 51 4 11
6 52 3 10
6 53 2 11
6 54 9 11
6 55 4 13
6 56 4 10
6 57 2 12
6 58 4 11
6 59 4 15
6 60 4 11
6 61 3 7
6 62 4 10
6 63 1 9
6 64 6 12
6 65 6 11
6 66 4 12
6 67 6 15
6 68 4 10
6 69 3 12
6 70 3 11
6 71 4 8
6 72 6 15
6 73 4 10
6 74 2 12
6 75 4 13
6 76 9 13
6 77 3 7
6 78 7 14
6 79 3 11
6 80 6 9
6 81 7 9
6 82 6 7
6 83 3 11
6 84 5 8
6 85 4 12
6 86 3 13
6 87 6 13
6 88 4 14
6 89 7 14
6 90 2 11
6 91 5 13
6 92 4 15
6 93 6 13
6 94 8 14
6 95 5 7
6 96 9 15
6 97 3 10
6 98 4 11
6 99 8 15
6 100 3 6
7 1 1 8
7 2 4 10
7 3 2 11
7 4 3 10
7 5 3 5
7 6 3 7
7 7 3 5
7 8 0 2
7 9 3 7
7 10 2 7
7 11 8 13
7 12 1 6
7 13 6 8
7 14 0 6
7 15 3 9
7 16 3 13
7 17 3 5
7 18 3 5
7 19 3 5
7 20 2 9
7 21 0 5
7 22 0 5
7 23 2 13
7 24 15 13
7 25 9 13
7 26 6 12
7 27 7 13
7 28 15 15
7 29 4 13
7 30 1 11
7 31 6 13
7 32 3 13
7 33 4 13
7 34 6 12
7 35 2 11
7 36 0 6
7 37 3 13
7 38 6 14
7 39 3 5
7 40 4 11
7 41 3 12
7 42 5 14
7 43 1 6
7 44 1 10
7 45 3 9
7 46 9 13
7 47 9 11
7 48 5 10
7 49 4 11
7 50 4 9
7 51 6 13
7 52 4 13
7 53 7 10
7 54 4 10
7 55 3 12
7 56 5 12
7 57 2 7
7 58 4 8
7 59 3 11
7 60 2 12
7 61 5 7
7 62 5 7
7 63 9 9
7 64 8 11
7 65 7 14
7 66 2 6
7 67 10 15
7 68 3 8
7 69 5 10
7 70 3 8
7 71 6 10
7 72 6 14
7 73 9 13
7 74 4 13
7 75 2 8
7 76 4 10
7 77 6 13
7 78 6 11
7 79 4 7
7 80 7 14
7 81 2 7
7 82 10 13
7 83 5 8
7 84 3 9
7 85 6 12
7 86 3 13
7 87 4 12
7 88 2 6
7 89 5 12
7 90 5 13
7 91 5 12
7 92 8 12
7 93 7 14
7 94 6 12
7 95 4 9
7 96 7 12
7 97 3 6
7 98 4 11
7 99 4 12
7 100 3 8
8 1 3 11
8 2 1 6
8 3 1 13
8 4 2 7
8 5 3 5
8 6 3 7
8 7 3 5
8 8 0 2
8 9 3 7
8 10 0 4
8 11 3 5
8 12 3 7
8 13 2 6
8 14 0 2
8 15 3 13
8 16 2 9
8 17 3 9
8 18 2 7
8 19 3 5
8 20 3 5
8 21 3 5
8 22 1 6
8 23 3 5
8 24 1 13
8 25 7 13
8 26 0 5
8 27 0 5
8 28 1 11
8 29 3 6
8 30 2 13
8 31 1 11
8 32 8 13
8 33 5 13
8 34 6 11
8 35 15 15
8 36 6 12
8 37 15 13
8 38 5 14
8 39 6 8
8 40 4 13
8 41 3 13
8 42 4 8
8 43 2 11
8 44 4 15
8 45 2 11
8 46 9 13
8 47 0 6
8 48 1 7
8 49 7 15
8 50 4 10
8 51 1 8
8 52 7 13
8 53 2 6
8 54 5 12
8 55 5 8
8 56 6 11
8 57 11 11
8 58 4 13
8 59 1 6
8 60 2 10
8 61 3 11
8 62 8 13
8 63 5 12
8 64 3 8
8 65 3 10
8 66 4 11
8 67 3 8
8 68 3 13
8 69 3 12
8 70 4 10
8 71 4 11
8 72 3 8
8 73 1 6
8 74 4 8
8 75 6 11
8 76 3 7
8 77 7 15
8 78 7 12
8 79 4 10
8 80 6 11
8 81 7 8
8 82 7 8
8 83 6 14
8 84 7 12
8 85 4 10
8 86 8 11
8 87 5 11
8 88 4 12
8 89 11 13
8 90 3 6
8 91 2 6
8 92 5 11
8 93 3 7
8 94 3 13
8 95 7 15
8 96 4 12
8 97 1 8
8 98 3 9
8 99 3 11
8 100 6 13
9 1 1 13
9 2 1 6
9 3 3 5
9 4 3 7
9 5 3 5
9 6 0 2
9 7 3 7
9 8 0 4
9 9 3 5
9 10 3 7
9 11 2 6
9 12 0 2
9 13 1 3
9 14 2 7
9 15 2 3
9 16 4 14
9 17 3 13
9 18 3 9
9 19 3 13
9 20 2 7
9 21 2 7
9 22 1 6
9 23 6 12
9 24 5 10
9 25 1 11
9 26 2 7
9 27 2 7
9 28 5 9
9 29 2 9
9 30 3 5
9 31 3 5
9 32 3 5
9 33 0 10
9 34 2 11
9 35 3 9
9 36 1 13
9 37 3 11
9 38 0 5
9 39 0 5
9 40 2 11
9 41 3 5
9 42 7 13
9 43 6 9
9 44 2 13
9 45 3 6
9 46 5 13
9 47 6 13
9 48 3 10
9 49 4 6
9 50 2 12
9 51 2 10
9 52 1 11
9 53 1 6
9 54 8 15
9 55 3 12
9 56 1 12
9 57 6 13
9 58 2 10
9 59 5 11
9 60 4 11
9 61 6 15
9 62 6 11
9 63 2 13
9 64 2 6
9 65 3 5
9 66 6 13
9 67 4 9
9 68 5 13
9 69 5 13
9 70 1 10
9 71 3 13
9 72 6 14
9 73 3 11
9 74 7 14
9 75 6 15
9 76 3 11
9 77 5 14
9 78 8 14
9 79 10 14
9 80 3 14
9 81 5 13
9 82 3 6
9 83 3 5
9 84 7 11
9 85 7 13
9 86 3 6
9 87 7 10
9 88 2 6
9 89 6 11
9 90 9 15
9 91 4 9
9 92 3 9
9 93 9 12
9 94 1 4
9 95 4 9
9 96 9 12
9 97 4 9
9 98 1 6
9 99 2 8
9 100 5 11
10 1 2 11
10 2 2 6
10 3 4 6
10 4 1 13
10 5 3 5
10 6 3 7
10 7 3 5
10 8 0 2
10 9 3 7
10 10 0 4
10 11 3 5
10 12 3 7
10 13 2 6
10 14 0 2
10 15 1 3
10 16 2 7
10 17 2 3
10 18 0 3
10 19 0 2
10 20 0 4
10 21 3 5
10 22 2 3
10 23 0 2
10 24 0 6
10 25 6 12
10 26 5 11
10 27 2 7
10 28 2 7
10 29 2 7
10 30 3 9
10 31 3 9
10 32 1 11
10 33 2 9
10 34 1 8
10 35 1 6
10 36 3 13
10 37 3 13
10 38 1 6
10 39 2 12
10 40 5 9
10 41 4 9
10 42 4 14
10 43 1 12
10 44 5 10
10 45 4 14
10 46 2 6
10 47 4 10
10 48 7 14
10 49 6 11
10 50 1 6
10 51 6 12
10 52 7 14
10 53 0 5
10 54 2 7
10 55 2 7
10 56 3 5
10 57 5 9
10 58 1 7
10 59 4 6
10 60 1 4
10 61 1 4
10 62 1 9
10 63 4 7
10 64 5 12
10 65 7 12
10 66 4 11
10 67 5 11
10 68 3 11
10 69 5 12
10 70 5 13
10 71 3 11
10 72 2 11
10 73 5 11
10 74 5 12
10 75 5 11
10 76 5 12
10 77 5 10
10 78 2 6
10 79 10 15
10 80 4 10
10 81 3 6
10 82 6 15
10 83 5 12
10 84 5 10
10 85 8 12
10 86 3 7
10 87 7 9
10 88 4 11
10 89 5 10
10 90 4 12
10 91 6 12
10 92 2 7
10 93 9 13
10 94 8 12
10 95 8 11
10 96 8 14
10 97 6 14
10 98 3 10
10 99 1 4
10 100 2 14
11 1 3 9
11 2 1 8
11 3 3 5
11 4 3 7
11 5 3 5
11 6 0 2
11 7 3 7
11 8 0 4
11 9 3 5
11 10 3 7
11 11 2 6
11 12 0 2
11 13 1 3
11 14 2 7
11 15 2 3
11 16 0 3
11 17 0 2
11 18 0 4
11 19 3 5
11 20 2 3
11 21 0 2
11 22 0 6
11 23 3 10
11 24 0 2
11 25 0 2
11 26 2 3
11 27 1 3
11 28 3 5
11 29 0 2
11 30 2 6
11 31 0 2
11 32 0 2
11 33 0 2
11 34 0 2
11 35 2 7
11 36 2 7
11 37 2 7
11 38 2 8
11 39 1 7
11 40 2 7
11 41 6 12
11 42 2 10
11 43 3 14
11 44 5 11
11 45 1 13
11 46 2 6
11 47 4 6
11 48 4 7
11 49 4 13
11 50 2 13
11 51 2 12
11 52 2 11
11 53 8 11
11 54 1 9
11 55 3 10
11 56 6 13
11 57 2 4
11 58 3 11
11 59 5 11
11 60 3 13
11 61 1 4
11 62 4 7
11 63 7 11
11 64 5 15
11 65 5 10
11 66 3 11
11 67 5 13
11 68 5 13
11 69 2 6
11 70 5 10
11 71 5 12
11 72 3 8
11 73 5 12
11 74 7 9
11 75 4 10
11 76 7 14
11 77 4 14
11 78 6 14
11 79 7 9
11 80 4 10
11 81 3 7
11 82 5 10
11 83 4 10
11 84 7 11
11 85 7 10
11 86 4 7
11 87 3 10
11 88 7 12
11 89 5 9
11 90 3 5
11 91 3 10
11 92 5 11
11 93 5 11
11 94 5 12
11 95 4 11
11 96 3 9
11 97 4 9
11 98 7 12
11 99 1 14
11 100 0 2
12 1 3 5
12 2 3 7
12 3 3 5
12 4 0 2
12 5 3 7
12 6 0 4
12 7 3 5
12 8 3 7
12 9 2 6
12 10 0 2
12 11 1 3
12 12 2 7
12 13 2 3
12 14 0 3
12 15 0 2
12 16 0 4
12 17 3 5
12 18 2 3
12 19 0 2
12 20 0 6
12 21 3 10
12 22 0 2
12 23 0 2
12 24 2 3
12 25 1 3
12 26 3 5
12 27 0 2
12 28 2 6
12 29 0 2
12 30 0 2
12 31 1 3
12 32 5 9
12 33 2 7
12 34 0 4
12 35 0 2
12 36 0 2
12 37 0 7
12 38 0 2
12 39 0 2
12 40 0 2
12 41 2 7
12 42 7 11
12 43 3 5
12 44 0 2
12 45 0 4
12 46 0 2
12 47 3 8
12 48 4 14
12 49 3 9
12 50 2 6
12 51 1 8
12 52 4 8
12 53 2 7
12 54 2 5
12 55 4 10
12 56 1 4
12 57 2 6
12 58 6 13
12 59 0 5
12 60 5 12
12 61 3 13
12 62 5 11
12 63 2 7
12 64 5 11
12 65 2 9
12 66 3 9
12 67 6 10
12 68 6 15
12 69 5 13
12 70 5 10
12 71 6 14
12 72 5 10
12 73 7 13
12 74 1 4
12 75 1 8
12 76 4 7
12 77 1 5
12 78 6 11
12 79 4 9
12 80 4 11
12 81 2 14
12 82 3 10
12 83 5 10
12 84 2 6
12 85 7 11
12 86 4 8
12 87 4 7
12 88 6 8
12 89 5 13
12 90 5 12
12 91 6 10
12 92 3 5
12 93 6 10
12 94 5 7
12 95 5 12
12 96 5 9
12 97 5 11
12 98 3 7
12 99 6 9
12 100 2 4
13 1 2 8
13 2 2 10
13 3 3 5
13 4 3 7
13 5 3 5
13 6 0 2
13 7 3 7
13 8 0 4
13 9 3 5
13 10 3 7
13 11 2 6
13 12 0 2
13 13 1 3
13 14 2 7
13 15 2 3
13 16 0 3
13 17 0 2
13 18 0 4
13 19 3 5
13 20 2 3
13 21 0 2
13 22 0 6
13 23 3 10
13 24 0 2
13 25 0 2
13 26 2 3
13 27 1 3
13 28 3 5
13 29 0 2
13 30 2 6
13 31 0 2
13 32 0 2
13 33 0 4
13 34 0 2
13 35 0 2
13 36 1 3
13 37 0 2
13 38 0 2
13 39 2 3
13 40 2 3
13 41 2 9
13 42 2 6
13 43 2 7
13 44 3 8
13 45 0 2
13 46 0 2
13 47 0 2
13 48 0 2
13 49 0 4
13 50 3 5
13 51 0 2
13 52 0 2
13 53 3 6
13 54 0 2
13 55 4 8
13 56 0 4
13 57 2 7
13 58 0 2
13 59 2 7
13 60 0 2
13 61 0 2
13 62 0 4
13 63 0 4
13 64 0 2
13 65 2 3
13 66 1 4
13 67 3 10
13 68 2 10
13 69 5 12
13 70 5 9
13 71 0 2
13 72 1 3
13 73 3 14
13 74 3 11
13 75 4 11
13 76 4 14
13 77 3 10
13 78 6 11
13 79 4 12
13 80 1 10
13 81 5 10
13 82 2 9
13 83 5 10
13 84 7 12
13 85 5 10
13 86 6 11
13 87 7 10
13 88 6 11
13 89 4 10
13 90 4 11
13 91 3 5
13 92 4 11
13 93 2 4
13 94 3 11
13 95 0 4
13 96 0 4
13 97 0 2
13 98 0 2
13 99 1 3
13 100 4 13
14 1 3 5
14 2 3 7
14 3 3 5
14 4 0 2
14 5 3 7
14 6 0 4
14 7 3 5
14 8 3 7
14 9 2 6
14 10 0 2
14 11 1 3
14 12 2 7
14 13 2 3
14 14 0 3
14 15 0 2
14 16 0 4
14 17 3 5
14 18 2 3
14 19 0 2
14 20 0 6
14 21 3 10
14 22 0 2
14 23 0 2
14 24 2 3
14 25 1 3
14 26 3 5
14 27 0 2
14 28 2 6
14 29 0 2
14 30 3 8
14 31 0 2
14 32 2 3
14 33 0 4
14 34 0 2
14 35 3 6
14 36 2 3
14 37 1 3
14 38 0 4
14 39 0 2
14 40 0 2
14 41 1 7
14 42 0 2
14 43 0 2
14 44 0 2
14 45 2 7
14 46 0 2
14 47 0 2
14 48 0 2
14 49 5 14
14 50 2 10
14 51 2 9
14 52 2 8
14 53 4 11
14 54 4 12
14 55 3 9
14 56 5 14
14 57 5 14
14 58 0 6
14 59 4 10
14 60 4 13
14 61 3 7
14 62 3 7
14 63 6 10
14 64 3 12
14 65 1 7
14 66 9 14
14 67 1 7
14 68 1 3
14 69 4 11
14 70 6 12
14 71 1 8
14 72 4 10
14 73 5 10
14 74 2 8
14 75 6 11
14 76 5 7
14 77 6 12
14 78 3 7
14 79 4 12
14 80 3 6
14 81 5 9
14 82 6 11
14 83 4 10
14 84 7 11
14 85 7 13
14 86 5 11
14 87 5 13
14 88 6 9
14 89 4 8
14 90 4 12
14 91 2 9
14 92 5 11
14 93 5 14
14 94 2 5
14 95 5 11
14 96 4 12
14 97 0 2
14 98 0 4
14 99 3 10
14 100 0 2
15 1 4 13
15 2 6 10
15 3 6 12
15 4 6 13
15 5 0 7
15 6 3 5
15 7 3 7
15 8 3 5
15 9 0 2
15 10 3 7
15 11 0 4
15 12 3 5
15 13 3 7
15 14 2 6
15 15 0 2
15 16 1 3
15 17 2 7
15 18 2 3
15 19 0 3
15 20 0 2
15 21 0 4
15 22 3 5
15 23 2 3
15 24 0 2
15 25 0 6
15 26 3 10
15 27 0 2
15 28 0 2
15 29 2 3
15 30 1 3
15 31 3 5
15 32 0 2
15 33 2 6
15 34 0 2
15 35 3 8
15 36 0 2
15 37 0 2
15 38 0 4
15 39 1 3
15 40 0 4
15 41 0 3
15 42 2 3
15 43 1 3
15 44 0 2
15 45 0 2
15 46 0 2
15 47 0 2
15 48 0 2
15 49 0 2
15 50 1 3
15 51 1 3
15 52 4 8
15 53 0 4
15 54 0 2
15 55 1 3
15 56 1 2
15 57 0 3
15 58 0 3
15 59 1 9
15 60 0 3
15 61 0 8
15 62 1 3
15 63 1 8
15 64 6 13
15 65 4 14
15 66 2 14
15 67 3 10
15 68 1 4
15 69 4 10
15 70 4 13
15 71 6 13
15 72 3 9
15 73 3 8
15 74 3 10
15 75 3 14
15 76 4 8
15 77 6 9
15 78 5 12
15 79 3 6
15 80 5 10
15 81 6 14
15 82 4 15
15 83 4 8
15 84 5 9
15 85 2 6
15 86 5 9
15 87 5 11
15 88 3 8
15 89 5 9
15 90 5 10
15 91 7 13
15 92 3 6
15 93 5 12
15 94 2 14
15 95 3 8
15 96 7 13
15 97 1 8
15 98 2 10
15 99 4 8
15 100 0 2
16 1 2 8
16 2 4 13
16 3 5 13
16 4 2 13
16 5 6 13
16 6 4 12
16 7 6 10
16 8 6 12
16 9 3 8
16 10 3 5
16 11 3 7
16 12 3 5
16 13 0 2
16 14 3 7
16 15 0 4
16 16 3 5
16 17 3 7
16 18 2 6
16 19 0 2
16 20 1 3
16 21 2 7
16 22 2 3
16 23 0 3
16 24 0 2
16 25 0 4
16 26 3 5
16 27 2 3
16 28 0 2
16 29 0 6
16 30 3 10
16 31 0 2
16 32 0 2
16 33 2 3
16 34 1 3
16 35 0 4
16 36 0 2
16 37 1 2
16 38 0 2
16 39 2 6
16 40 0 3
16 41 0 2
16 42 0 2
16 43 0 2
16 44 0 2
16 45 0 2
16 46 0 2
16 47 2 3
16 48 0 2
16 49 0 2
16 50 0 4
16 51 0 3
16 52 0 3
16 53 0 4
16 54 0 4
16 55 0 4
16 56 0 4
16 57 5 5
16 58 0 2
16 59 2 3
16 60 3 10
16 61 5 9
16 62 4 14
16 63 5 12
16 64 4 11
16 65 0 3
16 66 3 8
16 67 1 3
16 68 3 6
16 69 6 12
16 70 1 8
16 71 0 3
16 72 0 7
16 73 2 3
16 74 5 12
16 75 5 6
16 76 7 9
16 77 6 14
16 78 3 6
16 79 5 7
16 80 5 14
16 81 3 7
16 82 2 6
16 83 5 10
16 84 5 10
16 85 2 10
16 86 3 9
16 87 7 10
16 88 3 5
16 89 6 14
16 90 6 8
16 91 6 13
16 92 7 13
16 93 4 6
16 94 1 6
16 95 6 12
16 96 3 10
16 97 3 12
16 98 0 4
16 99 1 3
16 100 0 2
17 1 6 13
17 2 5 13
17 3 2 13
17 4 6 12
17 5 2 8
17 6 3 10
17 7 4 13
17 8 3 5
17 9 3 7
17 10 3 5
17 11 0 2
17 12 3 7
17 13 0 4
17 14 3 5
17 15 3 7
17 16 2 6
17 17 0 2
17 18 1 3
17 19 2 7
17 20 2 3
17 21 0 3
17 22 0 2
17 23 0 4
17 24 3 5
17 25 2 3
17 26 0 2
17 27 0 6
17 28 3 10
17 29 0 4
17 30 0 2
17 31 3 8
17 32 2 5
17 33 0 2
17 34 5 12
17 35 0 2
17 36 0 2
17 37 1 3
17 38 0 2
17 39 0 2
17 40 0 2
17 41 3 11
17 42 0 2
17 43 8 12
17 44 4 5
17 45 0 2
17 46 2 3
17 47 3 7
17 48 0 2
17 49 1 3
17 50 1 3
17 51 0 3
17 52 0 2
17 53 2 10
17 54 3 8
17 55 3 10
17 56 1 10
17 57 4 13
17 58 0 8
17 59 1 5
17 60 4 10
17 61 2 11
17 62 1 6
17 63 1 9
17 64 1 11
17 65 3 7
17 66 2 13
17 67 6 10
17 68 5 10
17 69 4 12
17 70 3 9
17 71 0 2
17 72 1 9
17 73 5 5
17 74 3 12
17 75 3 10
17 76 6 12
17 77 3 9
17 78 3 13
17 79 3 10
17 80 2 9
17 81 4 12
17 82 5 12
17 83 4 12
17 84 5 8
17 85 4 8
17 86 3 7
17 87 6 11
17 88 1 7
17 89 6 12
17 90 5 9
17 91 6 10
17 92 8 11
17 93 5 12
17 94 5 7
17 95 2 6
17 96 4 10
17 97 4 12
17 98 3 14
17 99 2 11
17 100 0 2
18 1 4 13
18 2 5 13
18 3 5 10
18 4 6 13
18 5 2 13
18 6 6 12
18 7 3 11
18 8 0 13
18 9 3 8
18 10 3 5
18 11 3 7
18 12 3 5
18 13 0 2
18 14 3 7
18 15 0 4
18 16 3 5
18 17 3 7
18 18 2 6
18 19 0 2
18 20 1 3
18 21 2 7
18 22 2 3
18 23 0 3
18 24 0 2
18 25 0 4
18 26 3 5
18 27 2 3
18 28 0 2
18 29 0 6
18 30 3 10
18 31 0 4
18 32 0 2
18 33 2 7
18 34 5 9
18 35 5 11
18 36 1 4
18 37 2 7
18 38 0 2
18 39 2 3
18 40 4 9
18 41 0 2
18 42 3 7
18 43 0 2
18 44 0 2
18 45 0 2
18 46 0 2
18 47 0 2
18 48 0 2
18 49 0 2
18 50 0 2
18 51 0 2
18 52 0 2
18 53 2 8
18 54 6 12
18 55 6 12
18 56 3 10
18 57 0 3
18 58 6 13
18 59 4 8
18 60 2 8
18 61 4 12
18 62 5 11
18 63 0 3
18 64 4 14
18 65 3 8
18 66 3 10
18 67 5 14
18 68 10 13
18 69 10 14
18 70 5 14
18 71 2 3
18 72 10 14
18 73 2 9
18 74 7 13
18 75 2 14
18 76 3 12
18 77 4 8
18 78 3 11
18 79 2 7
18 80 6 14
18 81 4 10
18 82 2 10
18 83 5 9
18 84 4 6
18 85 6 10
18 86 5 12
18 87 9 12
18 88 4 10
18 89 3 5
18 90 3 6
18 91 6 15
18 92 6 10
18 93 3 9
18 94 5 11
18 95 4 9
18 96 9 13
18 97 4 9
18 98 4 12
18 99 3 6
18 100 4 7
19 1 2 13
19 2 6 12
19 3 6 12
19 4 3 8
19 5 5 13
19 6 3 5
19 7 3 7
19 8 3 5
19 9 0 2
19 10 3 7
19 11 0 4
19 12 3 5
19 13 3 7
19 14 2 6
19 15 0 2
19 16 1 3
19 17 2 7
19 18 2 3
19 19 0 3
19 20 0 2
19 21 0 4
19 22 3 5
19 23 2 3
19 24 0 2
19 25 0 6
19 26 3 10
19 27 2 5
19 28 0 4
19 29 0 2
19 30 0 2
19 31 0 2
19 32 2 3
19 33 0 2
19 34 2 4
19 35 1 5
19 36 3 4
19 37 0 2
19 38 0 2
19 39 0 2
19 40 2 3
19 41 0 2
19 42 0 3
19 43 0 2
19 44 0 2
19 45 0 2
19 46 0 2
19 47 2 3
19 48 2 3
19 49 0 2
19 50 4 13
19 51 6 13
19 52 5 7
19 53 3 10
19 54 5 11
19 55 2 7
19 56 3 11
19 57 4 11
19 58 0 13
19 59 0 4
19 60 2 10
19 61 5 10
19 62 0 3
19 63 0 12
19 64 6 9
19 65 5 11
19 66 2 12
19 67 2 6
19 68 2 3
19 69 4 9
19 70 1 12
19 71 6 13
19 72 9 15
19 73 6 14
19 74 2 3
19 75 4 13
19 76 6 15
19 77 6 14
19 78 5 13
19 79 6 13
19 80 5 8
19 81 5 12
19 82 8 15
19 83 6 12
19 84 6 8
19 85 3 9
19 86 3 7
19 87 4 14
19 88 5 9
19 89 14 13
19 90 3 7
19 91 2 8
19 92 4 6
19 93 5 14
19 94 4 13
19 95 8 13
19 96 6 9
19 97 2 5
19 98 4 13
19 99 0 4
19 100 3 10
20 1 6 12
20 2 5 11
20 3 5 13
20 4 6 12
20 5 3 8
20 6 9 14
20 7 2 13
20 8 5 10
20 9 0 6
20 10 3 5
20 11 3 7
20 12 3 5
20 13 0 2
20 14 3 7
20 15 0 4
20 16 3 5
20 17 3 7
20 18 2 6
20 19 0 2
20 20 1 3
20 21 2 7
20 22 2 3
20 23 0 3
20 24 0 2
20 25 0 4
20 26 3 5
20 27 2 3
20 28 0 2
20 29 0 6
20 30 3 10
20 31 2 5
20 32 0 4
20 33 0 2
20 34 0 2
20 35 1 5
20 36 0 2
20 37 0 2
20 38 3 12
20 39 3 8
20 40 1 3
20 41 0 2
20 42 0 2
20 43 0 2
20 44 2 3
20 45 0 3
20 46 0 5
20 47 2 6
20 48 0 2
20 49 0 2
20 50 0 7
20 51 0 2
20 52 2 3
20 53 0 2
20 54 3 4
20 55 0 2
20 56 0 4
20 57 2 3
20 58 0 2
20 59 2 3
20 60 0 3
20 61 6 10
20 62 6 10
20 63 3 10
20 64 1 3
20 65 6 12
20 66 2 10
20 67 2 5
20 68 6 12
20 69 3 5
20 70 2 3
20 71 5 14
20 72 0 3
20 73 0 3
20 74 0 3
20 75 2 9
20 76 0 4
20 77 1 10
20 78 4 11
20 79 4 7
20 80 1 7
20 81 7 11
20 82 2 3
20 83 4 11
20 84 6 8
20 85 5 13
20 86 4 12
20 87 5 12
20 88 8 14
20 89 2 4
20 90 6 14
20 91 4 8
20 92 4 11
20 93 7 12
20 94 1 5
20 95 4 13
20 96 5 12
20 97 2 3
20 98 8 12
20 99 0 2
20 100 3 10
21 1 5 13
21 2 6 12
21 3 2 13
21 4 0 9
21 5 6 12
21 6 6 12
21 7 2 5
21 8 5 10
21 9 3 8
21 10 0 4
21 11 0 4
21 12 5 11
21 13 9 14
21 14 0 6
21 15 5 15
21 16 3 5
21 17 3 7
21 18 3 5
21 19 0 2
21 20 3 7
21 21 0 4
21 22 3 5
21 23 3 7
21 24 2 6
21 25 0 2
21 26 1 3
21 27 2 7
21 28 2 3
21 29 0 3
21 30 0 2
21 31 0 4
21 32 3 5
21 33 2 3
21 34 0 2
21 35 0 6
21 36 3 10
21 37 0 2
21 38 0 2
21 39 0 3
21 40 0 3
21 41 3 7
21 42 0 2
21 43 0 3
21 44 0 3
21 45 0 2
21 46 2 3
21 47 0 2
21 48 0 4
21 49 3 4
21 50 0 2
21 51 0 2
21 52 0 2
21 53 0 3
21 54 0 2
21 55 2 3
21 56 0 2
21 57 0 2
21 58 2 4
21 59 0 2
21 60 3 4
21 61 2 3
21 62 0 2
21 63 1 11
21 64 0 6
21 65 0 3
21 66 1 6
21 67 2 9
21 68 8 13
21 69 3 12
21 70 5 10
21 71 1 9
21 72 2 7
21 73 5 10
21 74 5 13
21 75 5 13
21 76 2 8
21 77 2 9
21 78 0 9
21 79 0 2
21 80 2 3
21 81 3 4
21 82 9 14
21 83 2 9
21 84 3 4
21 85 2 3
21 86 8 12
21 87 7 11
21 88 7 8
21 89 6 13
21 90 3 12
21 91 3 6
21 92 5 12
21 93 9 13
21 94 6 14
21 95 3 11
21 96 4 12
21 97 2 6
21 98 3 5
21 99 2 10
21 100 0 2
22 1 2 12
22 2 3 8
22 3 2 5
22 4 2 5
22 5 1 7
22 6 2 13
22 7 3 14
22 8 5 13
22 9 3 5
22 10 3 7
22 11 3 5
22 12 0 2
22 13 3 7
22 14 0 4
22 15 3 5
22 16 3 7
22 17 2 6
22 18 0 2
22 19 1 3
22 20 2 7
22 21 2 3
22 22 0 3
22 23 0 2
22 24 0 3
22 25 2 6
22 26 0 2
22 27 0 2
22 28 0 3
22 29 0 2
22 30 0 2
22 31 0 2
22 32 0 2
22 33 0 2
22 34 0 3
22 35 0 2
22 36 0 2
22 37 2 3
22 38 1 2
22 39 0 2
22 40 0 2
22 41 0 2
22 42 2 6
22 43 1 5
22 44 0 2
22 45 0 2
22 46 0 2
22 47 0 3
22 48 9 14
22 49 5 10
22 50 0 3
22 51 5 13
22 52 5 15
22 53 0 6
22 54 5 11
22 55 6 12
22 56 6 12
22 57 0 9
22 58 6 12
22 59 3 10
22 60 7 10
22 61 6 12
22 62 0 4
22 63 0 4
22 64 0 4
22 65 0 4
22 66 4 7
22 67 5 8
22 68 0 9
22 69 4 13
22 70 5 12
22 71 5 12
22 72 2 8
22 73 7 15
22 74 6 8
22 75 7 8
22 76 3 4
22 77 7 9
22 78 3 10
22 79 1 5
22 80 2 3
22 81 7 14
22 82 3 8
22 83 3 12
22 84 4 10
22 85 7 9
22 86 5 12
22 87 6 9
22 88 5 10
22 89 1 4
22 90 4 7
22 91 4 10
22 92 6 10
22 93 8 12
22 94 2 4
22 95 5 11
22 96 3 13
22 97 7 12
22 98 3 6
22 99 0 2
22 100 1 2
23 1 4 13
23 2 1 7
23 3 2 13
23 4 2 13
23 5 4 10
23 6 2 12
23 7 0 3
23 8 0 2
23 9 5 14
23 10 5 13
23 11 2 5
23 12 2 5
23 13 1 7
23 14 3 8
23 15 7 10
23 16 0 6
23 17 3 14
23 18 3 5
23 19 3 7
23 20 3 5
23 21 0 2
23 22 3 7
23 23 0 4
23 24 3 5
23 25 3 7
23 26 2 6
23 27 0 2
23 28 1 3
23 29 2 7
23 30 2 3
23 31 0 3
23 32 0 2
23 33 0 3
23 34 2 6
23 35 0 2
23 36 0 2
23 37 0 3
23 38 0 2
23 39 0 2
23 40 0 2
23 41 0 2
23 42 0 2
23 43 0 2
23 44 3 12
23 45 0 2
23 46 0 3
23 47 0 2
23 48 3 7
23 49 6 10
23 50 0 2
23 51 0 2
23 52 0 2
23 53 1 7
23 54 0 2
23 55 1 2
23 56 0 2
23 57 0 2
23 58 0 2
23 59 0 2
23 60 0 2
23 61 0 2
23 62 5 12
23 63 4 12
23 64 3 7
23 65 3 5
23 66 8 9
23 67 4 9
23 68 2 7
23 69 6 11
23 70 3 13
23 71 5 13
23 72 3 6
23 73 4 12
23 74 5 9
23 75 1 6
23 76 4 14
23 77 3 5
23 78 5 11
23 79 4 11
23 80 6 13
23 81 3 7
23 82 2 10
23 83 5 14
23 84 5 11
23 85 5 12
23 86 1 8
23 87 3 9
23 88 5 9
23 89 4 7
23 90 4 11
23 91 4 10
23 92 5 11
23 93 8 14
23 94 3 10
23 95 4 7
23 96 6 8
23 97 3 9
23 98 6 15
23 99 2 12
23 100 6 14
24 1 0 2
24 2 0 2
24 3 5 13
24 4 4 13
24 5 2 13
24 6 2 12
24 7 0 3
24 8 1 8
24 9 1 7
24 10 8 12
24 11 4 10
24 12 2 9
24 13 5 13
24 14 3 8
24 15 2 5
24 16 2 5
24 17 1 7
24 18 1 4
24 19 2 5
24 20 2 13
24 21 4 11
24 22 0 6
24 23 3 14
24 24 7 10
24 25 3 5
24 26 3 7
24 27 3 5
24 28 0 2
24 29 3 7
24 30 0 4
24 31 3 5
24 32 3 7
24 33 2 6
24 34 0 2
24 35 1 3
24 36 2 7
24 37 2 3
24 38 3 4
24 39 3 6
24 40 1 10
24 41 1 2
24 42 2 12
24 43 0 2
24 44 0 5
24 45 0 2
24 46 0 2
24 47 0 2
24 48 2 7
24 49 1 2
24 50 0 2
24 51 2 6
24 52 4 12
24 53 0 2
24 54 0 2
24 55 0 2
24 56 0 2
24 57 0 2
24 58 0 2
24 59 0 2
24 60 5 8
24 61 1 2
24 62 0 6
24 63 0 2
24 64 0 2
24 65 0 2
24 66 0 6
24 67 3 8
24 68 2 4
24 69 3 12
24 70 4 10
24 71 2 8
24 72 4 10
24 73 4 8
24 74 3 4
24 75 5 14
24 76 3 11
24 77 4 12
24 78 7 12
24 79 5 11
24 80 3 9
24 81 4 9
24 82 7 10
24 83 3 9
24 84 2 11
24 85 3 5
24 86 8 15
24 87 6 14
24 88 8 13
24 89 5 12
24 90 4 6
24 91 5 12
24 92 5 8
24 93 3 5
24 94 5 10
24 95 6 15
24 96 3 10
24 97 5 12
24 98 0 2
24 99 0 2
24 100 0 2
25 1 4 13
25 2 2 13
25 3 2 13
25 4 2 12
25 5 5 13
25 6 1 8
25 7 4 10
25 8 4 12
25 9 3 9
25 10 1 7
25 11 3 10
25 12 2 9
25 13 1 4
25 14 1 6
25 15 0 2
25 16 0 2
25 17 2 4
25 18 1 7
25 19 3 8
25 20 2 5
25 21 2 5
25 22 2 5
25 23 0 6
25 24 0 5
25 25 0 6
25 26 3 14
25 27 3 5
25 28 3 7
25 29 3 5
25 30 0 2
25 31 3 7
25 32 0 4
25 33 0 4
25 34 0 2
25 35 4 8
25 36 0 2
25 37 0 2
25 38 0 2
25 39 0 2
25 40 0 2
25 41 0 2
25 42 1 2
25 43 0 2
25 44 2 3
25 45 0 2
25 46 0 2
25 47 0 2
25 48 0 2
25 49 7 10
25 50 3 6
25 51 3 7
25 52 5 13
25 53 2 8
25 54 7 10
25 55 2 8
25 56 0 3
25 57 0 2
25 58 8 12
25 59 1 2
25 60 8 14
25 61 2 10
25 62 0 5
25 63 2 10
25 64 6 12
25 65 0 4
25 66 4 12
25 67 5 11
25 68 4 9
25 69 4 12
25 70 3 9
25 71 4 11
25 72 4 11
25 73 5 14
25 74 7 13
25 75 5 12
25 76 3 11
25 77 3 12
25 78 4 6
25 79 3 7
25 80 7 14
25 81 6 11
25 82 3 12
25 83 8 13
25 84 4 7
25 85 7 13
25 86 6 11
25 87 4 7
25 88 5 11
25 89 3 11
25 90 5 12
25 91 6 15
25 92 6 13
25 93 1 2
25 94 5 9
25 95 3 7
25 96 6 14
25 97 2 7
25 98 1 11
25 99 1 5
25 100 0 2
26 1 1 2
26 2 5 13
26 3 0 2
26 4 0 2
26 5 3 9
26 6 2 12
26 7 4 13
26 8 3 8
26 9 2 13
26 10 2 13
26 11 1 9
26 12 1 14
26 13 2 10
26 14 2 4
26 15 2 4
26 16 3 11
26 17 3 6
26 18 0 2
26 19 1 4
26 20 10 13
26 21 3 12
26 22 3 11
26 23 1 9
26 24 1 13
26 25 1 5
26 26 2 5
26 27 2 5
26 28 2 5
26 29 2 5
26 30 1 4
26 31 3 10
26 32 1 7
26 33 3 14
26 34 0 5
26 35 0 5
26 36 1 8
26 37 0 9
26 38 3 5
26 39 3 7
26 40 3 5
26 41 0 2
26 42 0 2
26 43 0 2
26 44 0 2
26 45 0 2
26 46 0 2
26 47 0 2
26 48 0 2
26 49 1 2
26 50 0 2
26 51 0 4
26 52 0 2
26 53 0 2
26 54 1 2
26 55 0 2
26 56 1 2
26 57 0 2
26 58 0 2
26 59 5 10
26 60 1 7
26 61 7 15
26 62 3 8
26 63 4 12
26 64 1 7
26 65 2 10
26 66 5 11
26 67 2 11
26 68 1 6
26 69 4 10
26 70 0 6
26 71 5 7
26 72 2 9
26 73 6 10
26 74 9 14
26 75 4 11
26 76 0 6
26 77 5 14
26 78 5 12
26 79 4 8
26 80 2 12
26 81 7 13
26 82 5 14
26 83 5 12
26 84 5 12
26 85 4 12
26 86 3 6
26 87 4 13
26 88 5 14
26 89 4 11
26 90 8 12
26 91 0 6
26 92 2 8
26 93 8 12
26 94 2 12
26 95 10 15
26 96 6 9
26 97 4 6
26 98 3 11
26 99 3 12
26 100 0 2
27 1 4 9
27 2 5 13
27 3 0 2
27 4 0 2
27 5 3 9
27 6 1 8
27 7 10 13
27 8 0 4
27 9 1 9
27 10 2 10
27 11 4 11
27 12 1 5
27 13 3 12
27 14 1 6
27 15 3 6
27 16 1 7
27 17 2 12
27 18 0 2
27 19 0 2
27 20 0 2
27 21 6 13
27 22 1 9
27 23 5 7
27 24 1 14
27 25 3 11
27 26 3 11
27 27 7 12
27 28 4 13
27 29 3 12
27 30 2 13
27 31 4 12
27 32 1 4
27 33 2 13
27 34 2 14
27 35 1 4
27 36 2 5
27 37 2 5
27 38 2 5
27 39 2 5
27 40 2 5
27 41 2 13
27 42 2 7
27 43 0 2
27 44 0 2
27 45 3 4
27 46 0 2
27 47 3 7
27 48 0 2
27 49 0 2
27 50 0 2
27 51 1 2
27 52 1 2
27 53 0 2
27 54 1 2
27 55 1 3
27 56 3 14
27 57 3 13
27 58 0 5
27 59 5 12
27 60 0 9
27 61 2 4
27 62 2 4
27 63 4 14
27 64 4 12
27 65 1 7
27 66 2 12
27 67 2 8
27 68 1 13
27 69 4 8
27 70 4 10
27 71 2 13
27 72 2 12
27 73 5 7
27 74 1 13
27 75 1 8
27 76 3 8
27 77 7 12
27 78 4 8
27 79 3 8
27 80 5 11
27 81 1 2
27 82 3 11
27 83 7 15
27 84 3 12
27 85 1 10
27 86 4 12
27 87 1 6
27 88 5 14
27 89 6 15
27 90 3 5
27 91 6 13
27 92 5 11
27 93 5 12
27 94 5 6
27 95 2 6
27 96 3 11
27 97 4 9
27 98 0 2
27 99 0 6
27 100 4 10
28 1 0 2
28 2 0 2
28 3 0 2
28 4 0 2
28 5 3 9
28 6 4 9
28 7 2 9
28 8 3 11
28 9 1 6
28 10 1 9
28 11 5 14
28 12 1 9
28 13 3 11
28 14 0 2
28 15 0 2
28 16 0 2
28 17 0 2
28 18 0 2
28 19 0 2
28 20 0 2
28 21 2 12
28 22 3 12
28 23 3 9
28 24 7 11
28 25 2 13
28 26 6 13
28 27 3 6
28 28 5 13
28 29 6 12
28 30 5 7
28 31 8 13
28 32 4 13
28 33 0 4
28 34 1 2
28 35 0 2
28 36 0 2
28 37 3 8
28 38 0 2
28 39 0 2
28 40 0 3
28 41 1 2
28 42 3 7
28 43 2 10
28 44 5 12
28 45 2 5
28 46 0 6
28 47 1 4
28 48 1 4
28 49 2 8
28 50 2 13
28 51 4 8
28 52 1 5
28 53 1 5
28 54 1 14
28 55 1 8
28 56 4 11
28 57 2 12
28 58 4 9
28 59 4 12
28 60 1 7
28 61 0 5
28 62 3 13
28 63 3 12
28 64 5 13
28 65 1 8
28 66 0 6
28 67 3 15
28 68 10 13
28 69 1 7
28 70 2 6
28 71 4 9
28 72 3 6
28 73 3 6
28 74 4 12
28 75 4 14
28 76 3 10
28 77 4 9
28 78 7 12
28 79 5 10
28 80 3 9
28 81 5 13
28 82 5 7
28 83 5 7
28 84 4 13
28 85 5 10
28 86 5 13
28 87 6 13
28 88 7 12
28 89 6 13
28 90 4 9
28 91 4 13
28 92 3 8
28 93 4 12
28 94 6 13
28 95 4 12
28 96 6 14
28 97 6 10
28 98 8 14
28 99 3 14
28 100 6 14
29 1 3 8
29 2 4 9
29 3 3 9
29 4 0 2
29 5 0 2
29 6 0 2
29 7 0 2
29 8 0 2
29 9 0 2
29 10 1 6
29 11 2 9
29 12 1 6
29 13 1 7
29 14 5 13
29 15 2 5
29 16 2 13
29 17 3 11
29 18 5 13
29 19 5 11
29 20 1 9
29 21 3 9
29 22 2 5
29 23 1 2
29 24 0 2
29 25 3 5
29 26 0 5
29 27 0 2
29 28 4 9
29 29 1 2
29 30 1 4
29 31 0 2
29 32 0 2
29 33 0 2
29 34 0 2
29 35 0 2
29 36 0 2
29 37 0 2
29 38 0 2
29 39 0 2
29 40 0 2
29 41 0 2
29 42 0 2
29 43 0 2
29 44 0 2
29 45 0 2
29 46 0 2
29 47 0 2
29 48 3 12
29 49 1 9
29 50 4 7
29 51 2 12
29 52 4 14
29 53 6 12
29 54 1 5
29 55 4 13
29 56 3 11
29 57 3 9
29 58 2 8
29 59 6 13
29 60 7 9
29 61 4 11
29 62 2 4
29 63 5 14
29 64 7 11
29 65 6 13
29 66 2 4
29 67 7 14
29 68 5 7
29 69 4 13
29 70 3 6
29 71 5 7
29 72 6 13
29 73 4 9
29 74 3 12
29 75 4 12
29 76 3 7
29 77 3 6
29 78 3 6
29 79 6 14
29 80 6 14
29 81 5 11
29 82 4 10
29 83 3 12
29 84 6 12
29 85 9 12
29 86 5 11
29 87 6 15
29 88 4 13
29 89 2 6
29 90 3 9
29 91 2 10
29 92 1 2
29 93 7 10
29 94 0 2
29 95 4 12
29 96 6 12
29 97 6 11
29 98 1 7
29 99 4 8
29 100 6 12
30 1 1 6
30 2 1 6
30 3 0 2
30 4 0 2
30 5 0 2
30 6 0 2
30 7 0 2
30 8 0 2
30 9 0 2
30 10 0 2
30 11 0 2
30 12 0 2
30 13 0 2
30 14 0 2
30 15 2 8
30 16 10 15
30 17 1 7
30 18 4 9
30 19 5 12
30 20 3 8
30 21 3 9
30 22 2 5
30 23 3 9
30 24 3 11
30 25 2 9
30 26 8 12
30 27 3 8
30 28 5 7
30 29 5 8
30 30 5 13
30 31 5 9
30 32 5 7
30 33 5 11
30 34 0 9
30 35 1 9
30 36 3 14
30 37 5 13
30 38 2 9
30 39 5 13
30 40 4 13
30 41 0 2
30 42 0 2
30 43 0 2
30 44 0 2
30 45 0 2
30 46 0 2
30 47 0 2
30 48 0 2
30 49 0 2
30 50 0 2
30 51 0 2
30 52 0 2
30 53 2 12
30 54 2 13
30 55 3 9
30 56 2 12
30 57 5 15
30 58 2 5
30 59 3 13
30 60 5 12
30 61 5 12
30 62 3 11
30 63 3 9
30 64 1 2
30 65 0 2
30 66 3 5
30 67 0 5
30 68 0 2
30 69 4 9
30 70 1 2
30 71 1 4
30 72 0 2
30 73 0 2
30 74 5 7
30 75 1 4
30 76 1 4
30 77 0 2
30 78 2 12
30 79 5 12
30 80 6 11
30 81 7 10
30 82 3 13
30 83 3 6
30 84 6 14
30 85 10 12
30 86 2 10
30 87 5 14
30 88 0 2
30 89 8 12
30 90 4 11
30 91 7 11
30 92 5 15
30 93 2 4
30 94 3 8
30 95 3 9
30 96 1 2
30 97 5 12
30 98 2 5
30 99 5 13
30 100 1 8
31 1 0 2
31 2 0 2
31 3 0 2
31 4 0 2
31 5 0 2
31 6 0 2
31 7 0 2
31 8 0 2
31 9 0 2
31 10 0 2
31 11 0 2
31 12 0 2
31 13 0 2
31 14 0 2
31 15 0 2
31 16 0 2
31 17 0 2
31 18 2 8
31 19 10 15
31 20 4 9
31 21 3 9
31 22 3 8
31 23 3 9
31 24 5 12
31 25 3 9
31 26 1 6
31 27 1 6
31 28 2 9
31 29 1 7
31 30 2 5
31 31 5 8
31 32 3 5
31 33 3 8
31 34 5 15
31 35 3 11
31 36 8 12
31 37 5 13
31 38 10 15
31 39 5 7
31 40 6 7
31 41 1 2
31 42 3 8
31 43 4 13
31 44 4 5
31 45 2 14
31 46 1 3
31 47 0 2
31 48 0 2
31 49 0 2
31 50 0 2
31 51 0 2
31 52 0 2
31 53 0 2
31 54 0 2
31 55 0 2
31 56 5 13
31 57 0 7
31 58 1 4
31 59 4 8
31 60 6 12
31 61 0 2
31 62 1 2
31 63 1 2
31 64 0 2
31 65 6 8
31 66 0 2
31 67 1 2
31 68 0 2
31 69 0 3
31 70 1 2
31 71 0 2
31 72 0 2
31 73 1 4
31 74 1 8
31 75 0 12
31 76 6 11
31 77 3 9
31 78 5 9
31 79 1 2
31 80 0 2
31 81 2 5
31 82 4 13
31 83 3 6
31 84 4 12
31 85 4 15
31 86 2 7
31 87 3 5
31 88 8 13
31 89 8 14
31 90 4 11
31 91 7 15
31 92 2 8
31 93 6 11
31 94 3 8
31 95 6 14
31 96 4 9
31 97 6 8
31 98 5 9
31 99 2 10
31 100 1 3
32 1 1 6
32 2 1 7
32 3 10 15
32 4 3 9
32 5 1 6
32 6 0 2
32 7 0 2
32 8 0 2
32 9 0 2
32 10 0 2
32 11 0 2
32 12 0 2
32 13 0 2
32 14 0 2
32 15 0 2
32 16 0 2
32 17 0 2
32 18 0 2
32 19 0 2
32 20 0 2
32 21 0 2
32 22 0 2
32 23 0 2
32 24 0 2
32 25 0 2
32 26 0 2
32 27 0 2
32 28 0 2
32 29 0 2
32 30 0 2
32 31 0 2
32 32 0 2
32 33 0 2
32 34 3 5
32 35 0 2
32 36 0 2
32 37 0 2
32 38 0 2
32 39 0 2
32 40 0 2
32 41 0 2
32 42 0 2
32 43 4 9
32 44 3 8
32 45 3 9
32 46 2 8
32 47 1 3
32 48 3 9
32 49 5 14
32 50 5 12
32 51 2 9
32 52 7 11
32 53 4 15
32 54 3 11
32 55 5 8
32 56 7 12
32 57 2 5
32 58 6 14
32 59 5 14
32 60 1 2
32 61 1 2
32 62 1 2
32 63 1 2
32 64 3 13
32 65 5 9
32 66 1 6
32 67 1 8
32 68 2 6
32 69 0 3
32 70 2 8
32 71 3 11
32 72 4 9
32 73 4 14
32 74 6 12
32 75 0 2
32 76 0 2
32 77 0 2
32 78 0 2
32 79 2 13
32 80 5 12
32 81 0 2
32 82 1 2
32 83 5 14
32 84 0 2
32 85 0 2
32 86 0 2
32 87 1 2
32 88 6 14
32 89 6 10
32 90 4 10
32 91 5 13
32 92 6 13
32 93 8 13
32 94 7 13
32 95 5 13
32 96 4 12
32 97 3 9
32 98 5 8
32 99 5 9
32 100 5 14
33 1 3 9
33 2 2 10
33 3 1 7
33 4 7 11
33 5 0 2
33 6 0 2
33 7 0 2
33 8 0 2
33 9 0 2
33 10 0 2
33 11 0 2
33 12 0 2
33 13 0 2
33 14 0 2
33 15 0 2
33 16 0 2
33 17 0 2
33 18 0 2
33 19 0 2
33 20 0 2
33 21 0 2
33 22 0 2
33 23 0 2
33 24 0 2
33 25 0 2
33 26 0 2
33 27 0 2
33 28 0 2
33 29 0 2
33 30 0 2
33 31 0 2
33 32 0 2
33 33 0 2
33 34 0 2
33 35 0 2
33 36 0 2
33 37 0 2
33 38 0 2
33 39 0 2
33 40 0 2
33 41 0 2
33 42 0 2
33 43 0 2
33 44 0 2
33 45 0 2
33 46 0 2
33 47 0 2
33 48 0 2
33 49 0 2
33 50 0 2
33 51 0 2
33 52 0 2
33 53 0 2
33 54 0 2
33 55 0 2
33 56 0 2
33 57 0 2
33 58 0 2
33 59 0 2
33 60 0 2
33 61 0 2
33 62 1 6
33 63 2 8
33 64 3 11
33 65 2 12
33 66 1 6
33 67 10 15
33 68 4 9
33 69 6 9
33 70 2 14
33 71 7 10
33 72 5 11
33 73 5 10
33 74 1 8
33 75 4 10
33 76 4 12
33 77 6 13
33 78 6 15
33 79 1 2
33 80 3 11
33 81 0 2
33 82 1 2
33 83 0 3
33 84 0 2
33 85 0 2
33 86 0 7
33 87 7 15
33 88 1 3
33 89 4 15
33 90 0 2
33 91 0 2
33 92 0 2
33 93 0 2
33 94 4 15
33 95 4 13
33 96 4 12
33 97 10 15
33 98 4 12
33 99 7 11
33 100 4 14
34 1 1 7
34 2 0 2
34 3 0 2
34 4 0 2
34 5 0 2
34 6 0 2
34 7 0 2
34 8 0 2
34 9 0 2
34 10 0 2
34 11 0 2
34 12 0 2
34 13 0 2
34 14 0 2
34 15 0 2
34 16 0 2
34 17 0 2
34 18 0 2
34 19 0 2
34 20 0 2
34 21 0 2
34 22 0 2
34 23 0 2
34 24 0 2
34 25 0 2
34 26 0 2
34 27 0 2
34 28 0 2
34 29 0 2
34 30 0 2
34 31 0 2
34 32 0 2
34 33 0 2
34 34 0 2
34 35 0 2
34 36 0 2
34 37 0 2
34 38 0 2
34 39 0 2
34 40 0 2
34 41 0 2
34 42 0 2
34 43 0 2
34 44 0 2
34 45 0 2
34 46 0 2
34 47 0 2
34 48 0 2
34 49 0 2
34 50 0 2
34 51 0 2
34 52 0 2
34 53 0 2
34 54 0 2
34 55 0 2
34 56 0 2
34 57 0 2
34 58 0 2
34 59 0 2
34 60 0 2
34 61 0 2
34 62 0 2
34 63 0 2
34 64 0 2
34 65 0 2
34 66 3 9
34 67 3 9
34 68 7 11
34 69 2 10
34 70 0 2
34 71 0 2
34 72 3 11
34 73 11 15
34 74 4 12
34 75 10 10
34 76 1 2
34 77 2 9
34 78 3 13
34 79 6 13
34 80 4 10
34 81 5 14
34 82 6 12
34 83 1 2
34 84 0 2
34 85 0 2
34 86 4 13
34 87 9 12
34 88 2 10
34 89 1 5
34 90 11 11
34 91 0 2
34 92 1 2
34 93 0 2
34 94 0 2
34 95 4 7
34 96 4 14
34 97 6 11
34 98 7 15
34 99 3 7
34 100 0 3
35 1 4 9
35 2 0 2
35 3 0 2
35 4 0 2
35 5 0 2
35 6 0 2
35 7 0 2
35 8 0 2
35 9 0 2
35 10 0 2
35 11 0 2
35 12 0 2
35 13 0 2
35 14 0 2
35 15 0 2
35 16 0 2
35 17 0 2
35 18 0 2
35 19 0 2
35 20 0 2
35 21 0 2
35 22 0 2
35 23 0 2
35 24 0 2
35 25 0 2
35 26 0 2
35 27 0 2
35 28 0 2
35 29 0 2
35 30 0 2
35 31 0 2
35 32 0 2
35 33 0 2
35 34 0 2
35 35 0 2
35 36 0 2
35 37 0 2
35 38 0 2
35 39 0 2
35 40 0 2
35 41 0 2
35 42 0 2
35 43 0 2
35 44 0 2
35 45 0 2
35 46 0 2
35 47 0 2
35 48 0 2
35 49 0 2
35 50 0 2
35 51 0 2
35 52 0 2
35 53 0 2
35 54 0 2
35 55 0 2
35 56 0 2
35 57 0 2
35 58 0 2
35 59 0 2
35 60 0 2
35 61 0 2
35 62 0 2
35 63 0 2
35 64 0 2
35 65 0 2
35 66 0 2
35 67 0 2
35 68 0 2
35 69 0 2
35 70 0 2
35 71 0 2
35 72 0 2
35 73 0 2
35 74 4 9
35 75 1 7
35 76 5 13
35 77 6 11
35 78 2 4
35 79 3 12
35 80 3 14
35 81 5 13
35 82 8 13
35 83 5 9
35 84 5 7
35 85 8 14
35 86 4 13
35 87 3 15
35 88 4 12
35 89 3 14
35 90 10 14
35 91 4 12
35 92 9 15
35 93 1 2
35 94 4 13
35 95 0 2
35 96 0 2
35 97 1 13
35 98 4 9
35 99 0 3
35 100 0 2
36 1 5 11
36 2 4 9
36 3 0 2
36 4 0 2
36 5 0 2
36 6 0 2
36 7 0 2
36 8 0 2
36 9 0 2
36 10 0 2
36 11 0 2
36 12 0 2
36 13 0 2
36 14 0 2
36 15 0 2
36 16 0 2
36 17 0 2
36 18 0 2
36 19 0 2
36 20 0 2
36 21 0 2
36 22 0 2
36 23 0 2
36 24 0 2
36 25 0 2
36 26 0 2
36 27 0 2
36 28 0 2
36 29 0 2
36 30 0 2
36 31 0 2
36 32 0 2
36 33 0 2
36 34 0 2
36 35 0 2
36 36 0 2
36 37 0 2
36 38 0 2
36 39 0 2
36 40 0 2
36 41 0 2
36 42 0 2
36 43 0 2
36 44 0 2
36 45 0 2
36 46 0 2
36 47 0 2
36 48 0 2
36 49 0 2
36 50 0 2
36 51 0 2
36 52 0 2
36 53 0 2
36 54 0 2
36 55 3 8
36 56 0 2
36 57 0 2
36 58 0 2
36 59 0 2
36 60 0 2
36 61 0 2
36 62 0 2
36 63 0 2
36 64 0 2
36 65 0 2
36 66 0 2
36 67 0 2
36 68 0 2
36 69 0 2
36 70 0 2
36 71 0 2
36 72 0 2
36 73 0 2
36 74 0 2
36 75 0 2
36 76 0 2
36 77 0 2
36 78 0 2
36 79 1 4
36 80 3 10
36 81 4 5
36 82 7 14
36 83 3 13
36 84 6 11
36 85 4 9
36 86 4 13
36 87 3 10
36 88 6 8
36 89 7 15
36 90 7 13
36 91 4 10
36 92 0 2
36 93 0 1
36 94 0 2
36 95 6 13
36 96 3 8
36 97 0 2
36 98 0 4
36 99 5 12
36 100 5 14
37 1 3 7
37 2 2 9
37 3 4 13
37 4 0 2
37 5 0 2
37 6 0 2
37 7 0 2
37 8 0 2
37 9 0 2
37 10 0 2
37 11 0 2
37 12 0 2
37 13 0 2
37 14 0 2
37 15 0 2
37 16 0 2
37 17 0 2
37 18 0 2
37 19 0 2
37 20 0 2
37 21 0 2
37 22 0 2
37 23 0 2
37 24 0 2
37 25 0 2
37 26 0 2
37 27 0 2
37 28 0 2
37 29 0 2
37 30 0 2
37 31 0 2
37 32 0 2
37 33 0 2
37 34 0 2
37 35 0 2
37 36 0 2
37 37 0 2
37 38 0 2
37 39 0 2
37 40 0 2
37 41 0 2
37 42 0 2
37 43 0 2
37 44 0 2
37 45 0 2
37 46 0 2
37 47 0 2
37 48 0 2
37 49 0 2
37 50 0 2
37 51 0 2
37 52 0 2
37 53 0 2
37 54 0 2
37 55 0 2
37 56 0 2
37 57 0 2
37 58 0 2
37 59 0 2
37 60 0 2
37 61 0 2
37 62 0 2
37 63 0 2
37 64 0 2
37 65 0 2
37 66 0 2
37 67 0 2
37 68 0 2
37 69 0 2
37 70 0 2
37 71 0 2
37 72 0 2
37 73 0 2
37 74 0 2
37 75 0 2
37 76 0 2
37 77 0 2
37 78 4 6
37 79 4 9
37 80 8 13
37 81 5 11
37 82 4 8
37 83 5 7
37 84 4 10
37 85 3 10
37 86 0 2
37 87 0 1
37 88 0 2
37 89 0 2
37 90 5 13
37 91 3 12
37 92 1 11
37 93 0 2
37 94 1 3
37 95 5 12
37 96 2 7
37 97 8 12
37 98 4 11
37 99 5 11
37 100 7 13
38 1 1 3
38 2 2 9
38 3 0 2
38 4 0 2
38 5 0 2
38 6 0 2
38 7 0 2
38 8 0 2
38 9 0 2
38 10 0 2
38 11 0 2
38 12 0 2
38 13 0 2
38 14 0 2
38 15 0 2
38 16 0 2
38 17 0 2
38 18 0 2
38 19 0 2
38 20 0 2
38 21 0 2
38 22 0 2
38 23 0 2
38 24 0 2
38 25 0 2
38 26 0 2
38 27 0 2
38 28 0 2
38 29 0 2
38 30 0 2
38 31 0 2
38 32 0 2
38 33 0 2
38 34 0 2
38 35 0 2
38 36 0 2
38 37 0 2
38 38 0 2
38 39 0 2
38 40 0 2
38 41 0 2
38 42 0 2
38 43 0 2
38 44 0 2
38 45 0 2
38 46 0 2
38 47 0 2
38 48 0 2
38 49 0 2
38 50 0 2
38 51 0 2
38 52 0 2
38 53 0 2
38 54 0 2
38 55 0 2
38 56 0 2
38 57 0 2
38 58 0 2
38 59 0 2
38 60 0 2
38 61 0 2
38 62 0 2
38 63 0 2
38 64 0 2
38 65 0 2
38 66 0 2
38 67 0 2
38 68 0 2
38 69 0 2
38 70 0 2
38 71 0 2
38 72 0 2
38 73 0 2
38 74 0 2
38 75 0 2
38 76 0 2
38 77 0 2
38 78 6 11
38 79 4 13
38 80 3 12
38 81 4 9
38 82 3 7
38 83 3 8
38 84 1 2
38 85 5 11
38 86 7 15
38 87 3 5
38 88 9 13
38 89 5 8
38 90 10 11
38 91 0 1
38 92 0 1
38 93 0 2
38 94 0 2
38 95 8 14
38 96 5 13
38 97 0 2
38 98 4 9
38 99 6 14
38 100 8 14
39 1 1 3
39 2 4 10
39 3 5 10
39 4 0 2
39 5 0 2
39 6 0 2
39 7 0 2
39 8 0 2
39 9 0 2
39 10 0 2
39 11 0 2
39 12 0 2
39 13 0 2
39 14 0 2
39 15 0 2
39 16 0 2
39 17 0 2
39 18 0 2
39 19 0 2
39 20 0 2
39 21 0 2
39 22 0 2
39 23 0 2
39 24 0 2
39 25 0 2
39 26 0 2
39 27 0 2
39 28 0 2
39 29 0 2
39 30 0 2
39 31 0 2
39 32 0 2
39 33 0 2
39 34 0 2
39 35 0 2
39 36 0 2
39 37 0 2
39 38 0 2
39 39 0 2
39 40 0 2
39 41 0 2
39 42 0 2
39 43 0 2
39 44 0 2
39 45 0 2
39 46 0 2
39 47 0 2
39 48 0 2
39 49 0 2
39 50 0 2
39 51 0 2
39 52 0 2
39 53 0 2
39 54 0 2
39 55 0 2
39 56 0 2
39 57 0 2
39 58 0 2
39 59 0 2
39 60 0 2
39 61 0 2
39 62 0 2
39 63 0 2
39 64 0 2
39 65 0 2
39 66 0 2
39 67 0 2
39 68 0 2
39 69 0 2
39 70 0 2
39 71 0 2
39 72 0 5
39 73 5 12
39 74 7 12
39 75 2 9
39 76 2 5
39 77 0 3
39 78 8 10
39 79 3 12
39 80 7 14
39 81 6 10
39 82 5 11
39 83 5 11
39 84 4 10
39 85 3 7
39 86 0 2
39 87 0 1
39 88 0 2
39 89 0 1
39 90 6 14
39 91 3 9
39 92 4 12
39 93 4 11
39 94 1 7
39 95 6 14
39 96 0 2
39 97 0 2
39 98 0 2
39 99 10 15
39 100 3 6
40 1 1 3
40 2 1 3
40 3 1 3
40 4 6 9
40 5 0 2
40 6 0 2
40 7 0 2
40 8 0 2
40 9 0 2
40 10 0 2
40 11 0 2
40 12 0 2
40 13 0 2
40 14 0 2
40 15 0 2
40 16 0 2
40 17 0 2
40 18 0 2
40 19 0 2
40 20 0 2
40 21 0 2
40 22 0 2
40 23 0 2
40 24 0 2
40 25 0 2
40 26 0 2
40 27 0 2
40 28 0 2
40 29 0 2
40 30 0 2
40 31 0 2
40 32 0 2
40 33 0 2
40 34 0 2
40 35 0 2
40 36 0 2
40 37 0 2
40 38 0 2
40 39 0 2
40 40 0 2
40 41 0 2
40 42 0 2
40 43 0 2
40 44 0 2
40 45 0 2
40 46 0 2
40 47 0 2
40 48 0 2
40 49 0 2
40 50 0 2
40 51 0 2
40 52 0 2
40 53 0 2
40 54 0 2
40 55 0 2
40 56 0 2
40 57 0 2
40 58 0 2
40 59 0 2
40 60 0 2
40 61 0 2
40 62 0 2
40 63 0 2
40 64 0 2
40 65 0 2
40 66 0 2
40 67 0 2
40 68 0 2
40 69 0 2
40 70 0 2
40 71 6 11
40 72 5 10
40 73 5 12
40 74 4 9
40 75 5 12
40 76 2 5
40 77 9 13
40 78 7 10
40 79 4 10
40 80 1 3
40 81 5 13
40 82 1 2
40 83 5 11
40 84 3 13
40 85 3 12
40 86 7 12
40 87 2 8
40 88 2 12
40 89 0 2
40 90 0 2
40 91 0 1
40 92 0 2
40 93 0 2
40 94 0 2
40 95 2 13
40 96 0 2
40 97 0 2
40 98 5 12
40 99 3 8
40 100 4 8
41 1 2 13
41 2 5 12
41 3 1 3
41 4 5 8
41 5 2 8
41 6 6 12
41 7 2 10
41 8 6 9
41 9 7 11
41 10 1 3
41 11 1 3
41 12 1 3
41 13 2 10
41 14 4 12
41 15 0 2
41 16 0 2
41 17 0 2
41 18 0 2
41 19 0 2
41 20 0 2
41 21 0 2
41 22 0 2
41 23 0 2
41 24 0 2
41 25 0 2
41 26 0 2
41 27 0 2
41 28 0 2
41 29 0 2
41 30 0 2
41 31 0 2
41 32 0 2
41 33 0 2
41 34 0 2
41 35 0 2
41 36 0 2
41 37 0 2
41 38 0 2
41 39 0 2
41 40 0 2
41 41 0 2
41 42 0 2
41 43 0 2
41 44 0 2
41 45 0 2
41 46 0 2
41 47 0 2
41 48 0 2
41 49 0 2
41 50 0 2
41 51 0 2
41 52 0 2
41 53 0 2
41 54 0 2
41 55 0 2
41 56 0 2
41 57 0 2
41 58 0 2
41 59 0 2
41 60 0 2
41 61 0 2
41 62 0 2
41 63 0 2
41 64 0 2
41 65 0 2
41 66 0 2
41 67 0 2
41 68 0 2
41 69 0 2
41 70 0 2
41 71 0 2
41 72 0 2
41 73 0 2
41 74 0 2
41 75 0 2
41 76 0 2
41 77 0 2
41 78 4 9
41 79 4 11
41 80 6 10
41 81 8 14
41 82 5 10
41 83 7 13
41 84 0 2
41 85 0 2
41 86 0 2
41 87 0 1
41 88 0 2
41 89 0 2
41 90 0 2
41 91 0 2
41 92 6 11
41 93 3 14
41 94 8 14
41 95 4 15
41 96 1 8
41 97 5 14
41 98 1 5
41 99 2 13
41 100 5 11
42 1 4 9
42 2 1 3
42 3 1 3
42 4 2 10
42 5 0 2
42 6 0 2
42 7 0 2
42 8 0 2
42 9 0 2
42 10 0 2
42 11 0 2
42 12 0 2
42 13 0 2
42 14 0 2
42 15 0 2
42 16 0 2
42 17 0 2
42 18 0 2
42 19 0 2
42 20 0 2
42 21 0 2
42 22 0 2
42 23 0 2
42 24 0 2
42 25 0 2
42 26 0 2
42 27 0 2
42 28 0 2
42 29 0 2
42 30 0 2
42 31 0 2
42 32 0 2
42 33 0 2
42 34 0 2
42 35 0 2
42 36 0 2
42 37 0 2
42 38 0 2
42 39 0 2
42 40 0 2
42 41 0 2
42 42 0 2
42 43 0 2
42 44 0 2
42 45 0 3
42 46 0 2
42 47 0 2
42 48 0 2
42 49 0 2
42 50 0 2
42 51 0 2
42 52 0 2
42 53 1 3
42 54 1 3
42 55 1 3
42 56 1 3
42 57 1 3
42 58 1 3
42 59 6 9
42 60 4 9
42 61 7 12
42 62 2 8
42 63 5 9
42 64 2 10
42 65 6 12
42 66 5 8
42 67 4 12
42 68 1 3
42 69 7 14
42 70 7 12
42 71 8 13
42 72 4 8
42 73 3 12
42 74 4 12
42 75 2 5
42 76 2 13
42 77 6 13
42 78 3 13
42 79 7 13
42 80 5 12
42 81 7 11
42 82 6 10
42 83 4 14
42 84 5 13
42 85 4 10
42 86 0 2
42 87 0 1
42 88 5 8
42 89 0 2
42 90 0 2
42 91 0 1
42 92 5 13
42 93 3 6
42 94 3 12
42 95 1 5
42 96 6 14
42 97 6 11
42 98 3 13
42 99 5 15
42 100 4 13
43 1 2 4
43 2 10 13
43 3 2 8
43 4 1 3
43 5 1 3
43 6 5 10
43 7 4 8
43 8 4 9
43 9 1 4
43 10 1 3
43 11 1 3
43 12 6 10
43 13 2 10
43 14 0 2
43 15 0 2
43 16 0 2
43 17 0 2
43 18 0 2
43 19 0 2
43 20 0 2
43 21 0 2
43 22 0 2
43 23 0 2
43 24 0 2
43 25 0 2
43 26 0 2
43 27 0 2
43 28 0 2
43 29 0 2
43 30 0 2
43 31 0 2
43 32 0 2
43 33 0 2
43 34 0 2
43 35 0 2
43 36 0 2
43 37 0 2
43 38 0 2
43 39 0 2
43 40 0 2
43 41 0 2
43 42 0 2
43 43 0 3
43 44 0 2
43 45 0 2
43 46 0 2
43 47 0 2
43 48 0 2
43 49 0 2
43 50 0 2
43 51 0 2
43 52 0 2
43 53 0 2
43 54 0 2
43 55 0 2
43 56 0 2
43 57 0 2
43 58 0 2
43 59 0 2
43 60 0 2
43 61 0 2
43 62 0 2
43 63 0 2
43 64 0 2
43 65 0 2
43 66 0 2
43 67 0 2
43 68 0 2
43 69 0 2
43 70 0 2
43 71 0 2
43 72 0 2
43 73 0 2
43 74 2 5
43 75 3 12
43 76 6 11
43 77 6 13
43 78 6 13
43 79 9 12
43 80 5 13
43 81 4 8
43 82 9 13
43 83 0 1
43 84 0 1
43 85 4 9
43 86 6 12
43 87 2 6
43 88 0 2
43 89 0 2
43 90 2 13
43 91 4 11
43 92 5 14
43 93 1 9
43 94 0 2
43 95 0 1
43 96 0 2
43 97 0 1
43 98 4 12
43 99 1 3
43 100 7 12
44 1 2 8
44 2 6 10
44 3 4 13
44 4 10 13
44 5 2 10
44 6 1 4
44 7 1 3
44 8 8 13
44 9 4 9
44 10 4 8
44 11 7 13
44 12 5 10
44 13 4 11
44 14 0 2
44 15 0 2
44 16 0 2
44 17 0 2
44 18 0 2
44 19 0 2
44 20 0 2
44 21 0 2
44 22 0 2
44 23 0 2
44 24 0 2
44 25 0 2
44 26 0 2
44 27 0 2
44 28 0 2
44 29 0 2
44 30 0 2
44 31 0 2
44 32 0 2
44 33 0 2
44 34 0 2
44 35 0 2
44 36 2 4
44 37 0 2
44 38 0 2
44 39 0 2
44 40 0 2
44 41 0 2
44 42 0 2
44 43 0 2
44 44 0 2
44 45 0 2
44 46 0 2
44 47 0 2
44 48 0 2
44 49 0 2
44 50 0 2
44 51 0 2
44 52 0 2
44 53 0 2
44 54 0 2
44 55 0 2
44 56 0 2
44 57 0 2
44 58 0 2
44 59 0 2
44 60 0 2
44 61 0 2
44 62 0 2
44 63 0 2
44 64 0 2
44 65 0 2
44 66 0 2
44 67 0 2
44 68 0 2
44 69 0 2
44 70 0 2
44 71 2 4
44 72 1 3
44 73 1 3
44 74 1 3
44 75 3 5
44 76 4 12
44 77 1 7
44 78 3 6
44 79 6 14
44 80 1 3
44 81 1 3
44 82 2 6
44 83 1 2
44 84 0 1
44 85 0 2
44 86 0 1
44 87 0 1
44 88 0 2
44 89 0 1
44 90 0 2
44 91 7 13
44 92 7 13
44 93 3 8
44 94 3 8
44 95 5 13
44 96 0 2
44 97 3 14
44 98 5 12
44 99 1 3
44 100 3 10
45 1 4 13
45 2 10 13
45 3 5 11
45 4 1 3
45 5 4 11
45 6 4 8
45 7 1 3
45 8 6 11
45 9 6 13
45 10 6 13
45 11 6 12
45 12 5 10
45 13 2 8
45 14 5 12
45 15 3 4
45 16 6 10
45 17 1 4
45 18 1 3
45 19 3 7
45 20 3 5
45 21 4 9
45 22 1 3
45 23 1 3
45 24 1 3
45 25 1 3
45 26 7 13
45 27 3 12
45 28 4 8
45 29 2 10
45 30 0 2
45 31 0 2
45 32 0 2
45 33 0 2
45 34 0 2
45 35 0 2
45 36 0 2
45 37 0 2
45 38 0 2
45 39 0 2
45 40 0 2
45 41 0 2
45 42 0 2
45 43 0 2
45 44 0 2
45 45 0 2
45 46 0 2
45 47 0 2
45 48 0 2
45 49 0 2
45 50 0 2
45 51 0 2
45 52 0 2
45 53 0 2
45 54 0 2
45 55 0 2
45 56 0 2
45 57 0 2
45 58 0 2
45 59 1 5
45 60 0 2
45 61 0 2
45 62 0 2
45 63 0 2
45 64 0 2
45 65 0 2
45 66 0 2
45 67 0 2
45 68 0 2
45 69 0 2
45 70 0 2
45 71 0 2
45 72 0 2
45 73 0 2
45 74 0 2
45 75 0 2
45 76 0 2
45 77 0 2
45 78 0 2
45 79 2 4
45 80 0 2
45 81 0 2
45 82 0 2
45 83 6 14
45 84 5 14
45 85 8 13
45 86 8 13
45 87 0 1
45 88 0 1
45 89 0 2
45 90 0 2
45 91 5 9
45 92 5 13
45 93 4 12
45 94 2 11
45 95 5 15
45 96 0 3
45 97 7 13
45 98 5 11
45 99 0 1
45 100 1 3
46 1 6 13
46 2 5 11
46 3 5 10
46 4 4 11
46 5 1 3
46 6 1 3
46 7 4 12
46 8 6 13
46 9 4 11
46 10 10 13
46 11 6 10
46 12 7 13
46 13 5 11
46 14 6 9
46 15 3 12
46 16 5 10
46 17 1 3
46 18 1 3
46 19 4 9
46 20 2 8
46 21 4 11
46 22 4 13
46 23 3 4
46 24 7 12
46 25 4 8
46 26 5 12
46 27 2 4
46 28 4 8
46 29 3 5
46 30 0 2
46 31 0 2
46 32 0 2
46 33 0 2
46 34 0 2
46 35 0 2
46 36 0 2
46 37 0 2
46 38 0 2
46 39 0 2
46 40 0 2
46 41 0 2
46 42 0 2
46 43 0 2
46 44 0 2
46 45 0 2
46 46 0 2
46 47 0 2
46 48 0 2
46 49 0 2
46 50 0 2
46 51 0 2
46 52 0 2
46 53 0 2
46 54 0 2
46 55 0 2
46 56 0 2
46 57 0 2
46 58 0 2
46 59 0 2
46 60 0 2
46 61 0 2
46 62 0 2
46 63 0 2
46 64 0 2
46 65 0 2
46 66 2 10
46 67 3 12
46 68 4 12
46 69 6 8
46 70 1 3
46 71 1 3
46 72 1 3
46 73 1 3
46 74 1 3
46 75 3 7
46 76 6 11
46 77 5 9
46 78 1 4
46 79 1 3
46 80 6 12
46 81 0 1
46 82 0 2
46 83 0 2
46 84 0 1
46 85 0 1
46 86 0 2
46 87 0 2
46 88 0 2
46 89 0 2
46 90 3 10
46 91 5 13
46 92 12 12
46 93 7 13
46 94 1 3
46 95 1 3
46 96 1 3
46 97 1 3
46 98 4 5
46 99 3 12
46 100 5 12
47 1 4 13
47 2 3 9
47 3 4 11
47 4 4 12
47 5 3 12
47 6 4 11
47 7 5 13
47 8 6 12
47 9 3 5
47 10 1 3
47 11 1 3
47 12 1 3
47 13 3 4
47 14 3 4
47 15 9 13
47 16 3 11
47 17 6 9
47 18 4 9
47 19 4 12
47 20 10 13
47 21 5 10
47 22 4 11
47 23 0 2
47 24 0 2
47 25 0 2
47 26 0 2
47 27 0 2
47 28 0 2
47 29 0 2
47 30 0 2
47 31 0 2
47 32 0 2
47 33 0 2
47 34 0 2
47 35 0 2
47 36 0 2
47 37 0 2
47 38 2 4
47 39 0 2
47 40 0 2
47 41 0 2
47 42 0 2
47 43 0 2
47 44 2 4
47 45 1 6
47 46 4 6
47 47 1 3
47 48 3 12
47 49 4 8
47 50 2 8
47 51 4 12
47 52 9 14
47 53 4 8
47 54 5 13
47 55 1 3
47 56 1 3
47 57 1 3
47 58 12 10
47 59 7 12
47 60 2 3
47 61 5 10
47 62 6 10
47 63 5 11
47 64 7 13
47 65 5 11
47 66 10 13
47 67 5 12
47 68 6 13
47 69 1 3
47 70 1 3
47 71 1 3
47 72 6 13
47 73 4 8
47 74 4 14
47 75 4 10
47 76 5 12
47 77 5 10
47 78 1 3
47 79 3 5
47 80 6 13
47 81 5 10
47 82 4 11
47 83 0 2
47 84 0 1
47 85 0 2
47 86 0 2
47 87 0 2
47 88 0 2
47 89 0 1
47 90 0 1
47 91 0 2
47 92 6 12
47 93 3 13
47 94 0 2
47 95 2 4
47 96 6 13
47 97 4 11
47 98 1 3
47 99 4 9
47 100 4 11
48 1 4 12
48 2 3 6
48 3 1 9
48 4 4 12
48 5 5 13
48 6 4 13
48 7 1 3
48 8 1 3
48 9 1 3
48 10 1 3
48 11 1 3
48 12 3 9
48 13 1 3
48 14 4 11
48 15 1 12
48 16 3 12
48 17 6 12
48 18 1 8
48 19 6 12
48 20 4 9
48 21 2 11
48 22 3 4
48 23 3 4
48 24 3 4
48 25 5 14
48 26 3 4
48 27 10 13
48 28 1 4
48 29 6 10
48 30 5 13
48 31 0 2
48 32 0 2
48 33 0 2
48 34 0 2
48 35 0 2
48 36 0 2
48 37 0 2
48 38 0 2
48 39 0 2
48 40 0 2
48 41 0 2
48 42 0 2
48 43 0 2
48 44 3 9
48 45 5 10
48 46 3 10
48 47 6 11
48 48 6 13
48 49 6 9
48 50 4 12
48 51 4 9
48 52 2 5
48 53 4 11
48 54 4 11
48 55 6 14
48 56 3 5
48 57 9 13
48 58 2 10
48 59 2 5
48 60 6 12
48 61 5 13
48 62 3 11
48 63 3 9
48 64 1 3
48 65 1 3
48 66 5 13
48 67 4 7
48 68 2 4
48 69 8 12
48 70 4 11
48 71 5 13
48 72 6 10
48 73 4 11
48 74 5 12
48 75 5 10
48 76 5 11
48 77 4 11
48 78 3 12
48 79 1 3
48 80 7 12
48 81 0 2
48 82 0 1
48 83 0 2
48 84 0 1
48 85 0 1
48 86 0 2
48 87 0 2
48 88 2 4
48 89 0 2
48 90 0 2
48 91 0 2
48 92 0 1
48 93 4 13
48 94 5 12
48 95 4 13
48 96 0 2
48 97 0 2
48 98 4 12
48 99 3 11
48 100 1 7
49 1 3 6
49 2 6 11
49 3 4 12
49 4 0 2
49 5 0 2
49 6 0 2
49 7 2 8
49 8 0 2
49 9 0 2
49 10 0 2
49 11 0 2
49 12 0 2
49 13 0 2
49 14 0 2
49 15 4 12
49 16 3 12
49 17 4 13
49 18 5 13
49 19 3 9
49 20 4 10
49 21 6 14
49 22 4 11
49 23 1 3
49 24 1 3
49 25 1 3
49 26 1 3
49 27 1 3
49 28 1 3
49 29 1 3
49 30 1 3
49 31 1 3
49 32 1 3
49 33 1 3
49 34 6 12
49 35 4 9
49 36 5 10
49 37 6 10
49 38 1 12
49 39 2 11
49 40 1 8
49 41 3 8
49 42 3 8
49 43 8 11
49 44 1 9
49 45 6 12
49 46 3 4
49 47 3 4
49 48 3 4
49 49 3 4
49 50 5 11
49 51 2 6
49 52 5 14
49 53 1 4
49 54 1 5
49 55 6 11
49 56 5 13
49 57 4 9
49 58 7 13
49 59 2 11
49 60 7 14
49 61 2 4
49 62 8 12
49 63 10 13
49 64 3 7
49 65 6 11
49 66 4 8
49 67 4 6
49 68 6 11
49 69 4 8
49 70 8 13
49 71 7 13
49 72 8 15
49 73 6 10
49 74 7 11
49 75 5 8
49 76 5 13
49 77 0 1
49 78 0 2
49 79 0 2
49 80 0 2
49 81 0 2
49 82 0 2
49 83 0 1
49 84 0 1
49 85 3 6
49 86 0 1
49 87 0 2
49 88 0 1
49 89 1 4
49 90 6 10
49 91 1 10
49 92 6 11
49 93 0 2
49 94 0 2
49 95 5 12
49 96 4 12
49 97 1 4
49 98 7 14
49 99 2 6
49 100 2 7
50 1 0 2
50 2 0 2
50 3 0 2
50 4 2 8
50 5 0 2
50 6 0 2
50 7 0 2
50 8 0 2
50 9 0 2
50 10 0 2
50 11 0 2
50 12 0 2
50 13 0 2
50 14 0 2
50 15 1 5
50 16 0 2
50 17 0 2
50 18 0 2
50 19 6 11
50 20 4 13
50 21 3 9
50 22 5 13
50 23 11 13
50 24 4 12
50 25 3 12
50 26 4 13
50 27 1 3
50 28 1 3
50 29 1 3
50 30 1 3
50 31 1 3
50 32 1 3
50 33 1 3
50 34 1 3
50 35 1 3
50 36 1 3
50 37 1 3
50 38 1 3
50 39 4 8
50 40 3 11
50 41 6 13
50 42 3 10
50 43 7 13
50 44 1 5
50 45 4 11
50 46 4 10
50 47 7 14
50 48 4 12
50 49 3 6
50 50 6 14
50 51 4 9
50 52 5 11
50 53 2 6
50 54 3 11
50 55 2 8
50 56 5 13
50 57 4 6
50 58 6 13
50 59 5 10
50 60 3 9
50 61 5 13
50 62 2 4
50 63 5 12
50 64 8 12
50 65 6 13
50 66 4 12
50 67 2 7
50 68 5 9
50 69 6 10
50 70 2 7
50 71 3 12
50 72 5 13
50 73 5 13
50 74 8 14
50 75 0 1
50 76 0 2
50 77 0 3
50 78 0 1
50 79 0 2
50 80 0 1
50 81 0 2
50 82 0 2
50 83 0 1
50 84 0 2
50 85 5 11
50 86 0 2
50 87 1 3
50 88 0 2
50 89 0 2
50 90 0 2
50 91 8 15
50 92 2 12
50 93 6 11
50 94 8 13
50 95 5 12
50 96 10 15
50 97 7 9
50 98 2 6
50 99 8 13
50 100 1 6
51 1 4 12
51 2 5 13
51 3 0 2
51 4 0 2
51 5 0 2
51 6 2 8
51 7 0 2
51 8 0 2
51 9 0 2
51 10 0 2
51 11 0 2
51 12 0 2
51 13 0 2
51 14 0 2
51 15 0 2
51 16 0 2
51 17 1 5
51 18 0 2
51 19 0 2
51 20 0 2
51 21 0 2
51 22 0 2
51 23 0 2
51 24 0 2
51 25 1 5
51 26 0 2
51 27 0 2
51 28 0 2
51 29 0 2
51 30 0 2
51 31 0 2
51 32 4 13
51 33 3 12
51 34 3 9
51 35 11 13
51 36 3 12
51 37 4 13
51 38 3 7
51 39 7 14
51 40 1 3
51 41 1 3
51 42 1 3
51 43 1 3
51 44 1 3
51 45 1 3
51 46 1 3
51 47 1 3
51 48 1 3
51 49 1 3
51 50 1 3
51 51 1 3
51 52 1 3
51 53 1 3
51 54 1 3
51 55 6 9
51 56 0 5
51 57 7 12
51 58 3 10
51 59 1 5
51 60 3 12
51 61 3 12
51 62 2 3
51 63 0 2
51 64 6 11
51 65 6 12
51 66 5 13
51 67 3 8
51 68 4 10
51 69 3 6
51 70 4 9
51 71 3 9
51 72 8 11
51 73 2 3
51 74 4 9
51 75 1 3
51 76 1 12
51 77 2 12
51 78 4 13
51 79 2 11
51 80 5 11
51 81 0 1
51 82 0 1
51 83 0 1
51 84 4 6
51 85 5 13
51 86 0 2
51 87 5 11
51 88 0 2
51 89 0 2
51 90 0 1
51 91 0 2
51 92 0 2
51 93 0 2
51 94 4 9
51 95 3 5
51 96 4 12
51 97 5 13
51 98 5 13
51 99 6 12
51 100 4 12
52 1 2 3
52 2 9 14
52 3 3 9
52 4 6 12
52 5 4 12
52 6 1 7
52 7 5 9
52 8 5 13
52 9 3 12
52 10 1 3
52 11 1 3
52 12 1 3
52 13 2 3
52 14 1 3
52 15 1 3
52 16 1 3
52 17 1 3
52 18 1 3
52 19 3 8
52 20 1 5
52 21 0 2
52 22 0 2
52 23 0 2
52 24 2 8
52 25 0 2
52 26 0 2
52 27 0 2
52 28 0 2
52 29 0 2
52 30 0 2
52 31 0 2
52 32 0 2
52 33 0 2
52 34 0 2
52 35 1 5
52 36 0 2
52 37 0 2
52 38 0 2
52 39 0 2
52 40 0 2
52 41 0 2
52 42 0 2
52 43 1 5
52 44 0 2
52 45 0 2
52 46 0 2
52 47 0 2
52 48 0 2
52 49 1 5
52 50 0 2
52 51 0 2
52 52 0 2
52 53 0 2
52 54 0 2
52 55 0 2
52 56 0 2
52 57 0 2
52 58 0 2
52 59 0 2
52 60 0 2
52 61 0 2
52 62 0 2
52 63 0 2
52 64 1 5
52 65 0 2
52 66 5 8
52 67 2 3
52 68 3 9
52 69 7 13
52 70 0 2
52 71 3 7
52 72 7 15
52 73 1 5
52 74 7 13
52 75 2 4
52 76 8 14
52 77 4 8
52 78 1 14
52 79 4 8
52 80 7 15
52 81 4 10
52 82 4 14
52 83 4 10
52 84 0 1
52 85 0 2
52 86 4 13
52 87 0 2
52 88 0 2
52 89 4 13
52 90 2 7
52 91 4 11
52 92 0 1
52 93 0 2
52 94 0 2
52 95 1 3
52 96 4 6
52 97 4 6
52 98 5 12
52 99 7 11
52 100 4 10
53 1 4 12
53 2 6 12
53 3 5 13
53 4 5 9
53 5 1 3
53 6 1 3
53 7 1 3
53 8 1 3
53 9 1 3
53 10 1 3
53 11 1 3
53 12 1 3
53 13 1 3
53 14 1 3
53 15 1 3
53 16 2 5
53 17 4 5
53 18 2 3
53 19 2 3
53 20 3 13
53 21 3 11
53 22 5 12
53 23 10 11
53 24 2 8
53 25 0 2
53 26 0 2
53 27 0 2
53 28 2 8
53 29 0 2
53 30 0 2
53 31 0 2
53 32 0 2
53 33 0 2
53 34 0 2
53 35 0 2
53 36 0 2
53 37 0 2
53 38 0 2
53 39 0 2
53 40 0 2
53 41 0 2
53 42 0 2
53 43 0 2
53 44 0 2
53 45 0 2
53 46 0 2
53 47 0 2
53 48 0 2
53 49 0 2
53 50 0 2
53 51 0 2
53 52 0 4
53 53 0 2
53 54 0 2
53 55 0 2
53 56 1 3
53 57 0 2
53 58 0 2
53 59 0 2
53 60 0 2
53 61 0 2
53 62 0 2
53 63 0 2
53 64 2 3
53 65 1 7
53 66 6 13
53 67 3 12
53 68 1 5
53 69 3 8
53 70 6 11
53 71 3 5
53 72 6 13
53 73 5 10
53 74 3 11
53 75 2 7
53 76 5 14
53 77 5 11
53 78 5 9
53 79 6 11
53 80 3 9
53 81 9 14
53 82 5 10
53 83 4 14
53 84 7 13
53 85 2 11
53 86 2 7
53 87 3 10
53 88 2 4
53 89 0 2
53 90 0 2
53 91 4 10
53 92 2 13
53 93 1 9
53 94 0 2
53 95 7 12
53 96 1 4
53 97 0 1
53 98 4 11
53 99 6 10
53 100 3 9
54 1 6 12
54 2 2 8
54 3 6 13
54 4 10 11
54 5 5 13
54 6 1 3
54 7 1 3
54 8 1 3
54 9 1 3
54 10 1 3
54 11 1 3
54 12 1 3
54 13 1 3
54 14 1 3
54 15 1 3
54 16 1 3
54 17 1 3
54 18 1 3
54 19 1 3
54 20 1 3
54 21 1 3
54 22 6 13
54 23 2 5
54 24 2 3
54 25 4 14
54 26 5 12
54 27 4 14
54 28 6 15
54 29 4 12
54 30 0 2
54 31 0 2
54 32 0 2
54 33 2 8
54 34 0 2
54 35 0 2
54 36 0 2
54 37 0 2
54 38 0 2
54 39 0 2
54 40 0 2
54 41 0 2
54 42 0 2
54 43 0 2
54 44 0 2
54 45 0 2
54 46 0 2
54 47 0 2
54 48 0 2
54 49 0 2
54 50 0 2
54 51 0 2
54 52 0 2
54 53 0 2
54 54 0 2
54 55 0 2
54 56 8 11
54 57 5 9
54 58 4 11
54 59 3 11
54 60 3 11
54 61 3 8
54 62 2 3
54 63 4 7
54 64 4 11
54 65 3 13
54 66 6 14
54 67 9 14
54 68 4 9
54 69 6 13
54 70 3 11
54 71 4 5
54 72 1 7
54 73 9 15
54 74 7 14
54 75 4 13
54 76 4 12
54 77 3 12
54 78 5 8
54 79 6 9
54 80 4 12
54 81 2 3
54 82 2 3
54 83 5 9
54 84 2 7
54 85 2 7
54 86 0 2
54 87 0 1
54 88 0 2
54 89 0 2
54 90 2 3
54 91 2 4
54 92 6 11
54 93 4 12
54 94 1 8
54 95 0 2
54 96 0 2
54 97 0 1
54 98 10 14
54 99 6 13
54 100 4 13
55 1 2 5
55 2 5 13
55 3 0 2
55 4 0 2
55 5 0 2
55 6 0 2
55 7 0 2
55 8 0 2
55 9 0 2
55 10 0 2
55 11 0 2
55 12 0 2
55 13 0 2
55 14 0 2
55 15 0 2
55 16 0 2
55 17 0 2
55 18 0 2
55 19 0 2
55 20 0 2
55 21 0 2
55 22 5 10
55 23 6 13
55 24 4 14
55 25 1 3
55 26 1 3
55 27 1 3
55 28 1 3
55 29 1 3
55 30 1 3
55 31 1 3
55 32 1 3
55 33 1 3
55 34 1 3
55 35 1 3
55 36 1 3
55 37 1 3
55 38 1 3
55 39 1 3
55 40 1 3
55 41 2 3
55 42 1 3
55 43 1 3
55 44 1 3
55 45 1 3
55 46 1 3
55 47 1 3
55 48 2 3
55 49 4 5
55 50 6 12
55 51 5 12
55 52 4 12
55 53 6 9
55 54 4 14
55 55 4 11
55 56 3 5
55 57 4 14
55 58 4 11
55 59 4 8
55 60 6 15
55 61 2 6
55 62 4 14
55 63 6 12
55 64 4 12
55 65 10 11
55 66 6 14
55 67 9 12
55 68 3 8
55 69 6 15
55 70 6 13
55 71 4 10
55 72 2 8
55 73 6 9
55 74 5 8
55 75 3 10
55 76 4 12
55 77 2 3
55 78 6 12
55 79 3 9
55 80 5 13
55 81 1 5
55 82 3 12
55 83 4 8
55 84 4 10
55 85 4 10
55 86 3 8
55 87 5 13
55 88 0 1
55 89 2 3
55 90 0 1
55 91 2 3
55 92 2 4
55 93 4 6
55 94 5 15
55 95 4 15
55 96 5 14
55 97 1 4
55 98 6 12
55 99 5 15
55 100 0 2
56 1 4 14
56 2 5 13
56 3 0 2
56 4 0 2
56 5 0 2
56 6 0 2
56 7 0 2
56 8 0 2
56 9 0 2
56 10 0 2
56 11 0 2
56 12 0 2
56 13 0 2
56 14 0 2
56 15 0 2
56 16 0 2
56 17 0 2
56 18 0 2
56 19 0 2
56 20 0 2
56 21 0 2
56 22 0 2
56 23 0 2
56 24 0 2
56 25 0 2
56 26 0 2
56 27 0 2
56 28 0 2
56 29 0 2
56 30 0 2
56 31 0 2
56 32 0 2
56 33 0 2
56 34 0 2
56 35 0 2
56 36 0 2
56 37 0 2
56 38 0 2
56 39 0 2
56 40 0 2
56 41 0 2
56 42 2 11
56 43 4 14
56 44 2 3
56 45 2 5
56 46 4 5
56 47 1 3
56 48 1 3
56 49 1 3
56 50 1 3
56 51 1 3
56 52 1 3
56 53 1 3
56 54 1 3
56 55 1 3
56 56 1 3
56 57 1 3
56 58 1 3
56 59 1 3
56 60 4 12
56 61 2 6
56 62 5 10
56 63 1 3
56 64 3 5
56 65 5 10
56 66 3 8
56 67 2 7
56 68 6 13
56 69 3 9
56 70 5 12
56 71 4 8
56 72 5 12
56 73 1 3
56 74 3 5
56 75 6 11
56 76 5 10
56 77 6 12
56 78 5 10
56 79 2 3
56 80 7 13
56 81 6 12
56 82 4 10
56 83 5 10
56 84 8 15
56 85 7 13
56 86 2 9
56 87 0 2
56 88 0 2
56 89 1 3
56 90 1 3
56 91 5 10
56 92 3 6
56 93 4 7
56 94 0 8
56 95 1 11
56 96 3 6
56 97 7 13
56 98 6 13
56 99 6 14
56 100 3 13
57 1 4 11
57 2 6 11
57 3 4 14
57 4 5 13
57 5 2 11
57 6 1 3
57 7 1 3
57 8 1 3
57 9 1 3
57 10 1 3
57 11 1 3
57 12 1 3
57 13 1 3
57 14 8 10
57 15 1 3
57 16 1 3
57 17 2 3
57 18 2 9
57 19 7 11
57 20 0 2
57 21 0 2
57 22 0 2
57 23 0 2
57 24 0 2
57 25 0 2
57 26 0 2
57 27 0 2
57 28 0 2
57 29 0 2
57 30 0 2
57 31 0 2
57 32 0 2
57 33 0 2
57 34 0 2
57 35 0 2
57 36 0 2
57 37 0 2
57 38 0 2
57 39 0 2
57 40 0 2
57 41 0 2
57 42 0 2
57 43 0 2
57 44 0 2
57 45 0 2
57 46 0 2
57 47 0 2
57 48 0 2
57 49 0 2
57 50 0 2
57 51 0 2
57 52 0 2
57 53 0 2
57 54 0 2
57 55 0 2
57 56 0 2
57 57 0 2
57 58 0 2
57 59 0 2
57 60 0 2
57 61 0 2
57 62 0 2
57 63 0 2
57 64 5 11
57 65 0 2
57 66 0 2
57 67 0 2
57 68 0 2
57 69 0 2
57 70 0 2
57 71 0 2
57 72 0 2
57 73 0 2
57 74 0 2
57 75 0 2
57 76 0 2
57 77 0 2
57 78 0 2
57 79 2 7
57 80 4 10
57 81 5 9
57 82 4 8
57 83 8 13
57 84 1 3
57 85 0 2
57 86 1 4
57 87 5 12
57 88 1 3
57 89 2 9
57 90 6 12
57 91 3 9
57 92 3 10
57 93 3 7
57 94 7 10
57 95 0 2
57 96 1 3
57 97 2 4
57 98 2 8
57 99 3 8
57 100 1 10
58 1 2 11
58 2 4 11
58 3 2 9
58 4 3 5
58 5 1 3
58 6 2 3
58 7 2 11
58 8 4 12
58 9 6 11
58 10 5 11
58 11 0 2
58 12 0 2
58 13 0 2
58 14 0 2
58 15 0 2
58 16 0 2
58 17 0 2
58 18 0 2
58 19 0 2
58 20 0 2
58 21 0 2
58 22 0 2
58 23 0 2
58 24 0 2
58 25 0 2
58 26 0 2
58 27 0 2
58 28 0 2
58 29 0 2
58 30 0 2
58 31 0 2
58 32 0 2
58 33 0 2
58 34 0 2
58 35 0 2
58 36 0 2
58 37 0 2
58 38 0 2
58 39 0 2
58 40 0 2
58 41 0 2
58 42 0 2
58 43 0 2
58 44 0 2
58 45 0 2
58 46 0 2
58 47 0 2
58 48 0 2
58 49 0 2
58 50 0 2
58 51 0 2
58 52 0 2
58 53 0 2
58 54 0 2
58 55 0 2
58 56 0 2
58 57 0 2
58 58 0 2
58 59 5 13
58 60 1 3
58 61 1 3
58 62 1 3
58 63 1 3
58 64 1 3
58 65 1 3
58 66 1 3
58 67 1 3
58 68 8 10
58 69 1 3
58 70 2 3
58 71 1 3
58 72 1 3
58 73 1 3
58 74 1 3
58 75 1 3
58 76 2 5
58 77 1 8
58 78 4 14
58 79 2 8
58 80 10 15
58 81 4 13
58 82 4 12
58 83 5 11
58 84 7 11
58 85 5 11
58 86 3 13
58 87 4 9
58 88 1 6
58 89 0 2
58 90 0 2
58 91 0 2
58 92 1 4
58 93 1 9
58 94 0 2
58 95 3 7
58 96 1 3
58 97 6 10
58 98 0 2
58 99 0 2
58 100 3 7
59 1 5 11
59 2 5 12
59 3 2 9
59 4 5 11
59 5 2 11
59 6 3 8
59 7 2 11
59 8 1 3
59 9 1 3
59 10 1 3
59 11 1 3
59 12 1 3
59 13 1 3
59 14 2 3
59 15 4 12
59 16 1 3
59 17 1 3
59 18 0 2
59 19 0 2
59 20 0 2
59 21 0 2
59 22 0 2
59 23 0 2
59 24 0 2
59 25 0 2
59 26 0 2
59 27 0 2
59 28 0 2
59 29 0 2
59 30 0 2
59 31 0 2
59 32 0 2
59 33 0 2
59 34 0 2
59 35 0 2
59 36 0 2
59 37 0 2
59 38 0 2
59 39 0 2
59 40 0 2
59 41 0 2
59 42 0 2
59 43 0 2
59 44 0 2
59 45 0 2
59 46 0 2
59 47 0 2
59 48 0 2
59 49 0 2
59 50 0 2
59 51 0 2
59 52 0 2
59 53 0 2
59 54 0 2
59 55 0 2
59 56 0 2
59 57 0 2
59 58 0 2
59 59 0 2
59 60 0 2
59 61 0 2
59 62 0 2
59 63 0 3
59 64 0 2
59 65 0 2
59 66 0 2
59 67 0 2
59 68 2 9
59 69 4 11
59 70 3 7
59 71 3 8
59 72 3 5
59 73 2 3
59 74 3 12
59 75 2 3
59 76 2 7
59 77 4 9
59 78 6 11
59 79 3 13
59 80 1 4
59 81 1 4
59 82 2 4
59 83 0 2
59 84 0 2
59 85 0 2
59 86 0 2
59 87 0 2
59 88 4 9
59 89 4 8
59 90 3 12
59 91 4 11
59 92 0 2
59 93 0 2
59 94 0 2
59 95 0 2
59 96 0 2
59 97 0 2
59 98 7 14
59 99 1 3
59 100 4 8
60 1 0 2
60 2 0 2
60 3 0 2
60 4 0 2
60 5 0 2
60 6 0 2
60 7 0 2
60 8 0 2
60 9 0 2
60 10 0 2
60 11 0 2
60 12 0 2
60 13 0 2
60 14 0 2
60 15 0 2
60 16 0 2
60 17 0 2
60 18 0 2
60 19 0 2
60 20 0 2
60 21 0 2
60 22 0 2
60 23 8 13
60 24 0 2
60 25 0 2
60 26 0 2
60 27 0 2
60 28 0 2
60 29 0 2
60 30 0 2
60 31 0 2
60 32 0 3
60 33 0 2
60 34 0 2
60 35 0 2
60 36 0 2
60 37 0 2
60 38 0 2
60 39 0 2
60 40 0 2
60 41 0 2
60 42 6 14
60 43 0 2
60 44 2 3
60 45 2 6
60 46 5 11
60 47 1 3
60 48 1 3
60 49 1 3
60 50 1 3
60 51 1 3
60 52 1 3
60 53 1 3
60 54 1 3
60 55 1 4
60 56 6 14
60 57 5 11
60 58 2 10
60 59 3 8
60 60 4 13
60 61 5 10
60 62 3 11
60 63 1 3
60 64 2 9
60 65 2 9
60 66 2 11
60 67 1 3
60 68 1 3
60 69 1 3
60 70 1 5
60 71 2 5
60 72 4 11
60 73 1 3
60 74 4 12
60 75 5 12
60 76 2 11
60 77 1 3
60 78 1 3
60 79 4 12
60 80 1 4
60 81 1 4
60 82 6 9
60 83 1 8
60 84 0 5
60 85 0 2
60 86 0 2
60 87 2 3
60 88 0 2
60 89 5 12
60 90 1 9
60 91 3 10
60 92 2 5
60 93 0 2
60 94 0 2
60 95 0 2
60 96 0 2
60 97 0 2
60 98 1 8
60 99 0 2
60 100 1 10
61 1 3 8
61 2 0 2
61 3 0 2
61 4 0 2
61 5 0 2
61 6 0 2
61 7 0 2
61 8 0 2
61 9 0 2
61 10 0 2
61 11 0 2
61 12 0 2
61 13 0 2
61 14 0 2
61 15 0 2
61 16 0 2
61 17 0 2
61 18 0 2
61 19 0 2
61 20 0 2
61 21 0 2
61 22 0 2
61 23 0 2
61 24 0 2
61 25 0 2
61 26 0 2
61 27 0 2
61 28 0 2
61 29 0 2
61 30 0 2
61 31 0 2
61 32 0 2
61 33 0 2
61 34 0 2
61 35 0 2
61 36 0 2
61 37 0 2
61 38 0 2
61 39 0 2
61 40 0 2
61 41 0 2
61 42 0 2
61 43 0 2
61 44 0 2
61 45 0 2
61 46 0 2
61 47 0 2
61 48 0 2
61 49 0 2
61 50 0 2
61 51 0 2
61 52 0 2
61 53 0 2
61 54 0 2
61 55 0 2
61 56 2 9
61 57 0 2
61 58 0 2
61 59 0 2
61 60 0 2
61 61 0 2
61 62 8 13
61 63 5 13
61 64 1 3
61 65 1 3
61 66 1 3
61 67 1 3
61 68 1 3
61 69 5 11
61 70 0 2
61 71 1 3
61 72 1 3
61 73 3 10
61 74 3 10
61 75 1 4
61 76 1 3
61 77 1 3
61 78 1 3
61 79 2 4
61 80 1 4
61 81 5 13
61 82 1 3
61 83 6 12
61 84 6 7
61 85 2 7
61 86 5 11
61 87 2 6
61 88 6 13
61 89 3 7
61 90 2 10
61 91 0 2
61 92 1 10
61 93 3 11
61 94 2 11
61 95 0 2
61 96 0 2
61 97 0 2
61 98 4 10
61 99 0 5
61 100 1 6
62 1 0 2
62 2 0 2
62 3 0 2
62 4 0 2
62 5 0 2
62 6 0 2
62 7 0 2
62 8 0 2
62 9 0 2
62 10 0 2
62 11 0 2
62 12 0 2
62 13 0 2
62 14 0 2
62 15 0 2
62 16 0 2
62 17 0 2
62 18 0 2
62 19 0 2
62 20 0 2
62 21 0 2
62 22 0 2
62 23 0 2
62 24 0 2
62 25 0 2
62 26 0 2
62 27 0 2
62 28 0 2
62 29 0 2
62 30 0 2
62 31 0 2
62 32 0 2
62 33 0 2
62 34 0 2
62 35 0 2
62 36 0 2
62 37 0 2
62 38 0 2
62 39 0 2
62 40 0 2
62 41 0 2
62 42 0 2
62 43 0 2
62 44 0 7
62 45 0 2
62 46 0 2
62 47 0 2
62 48 0 2
62 49 0 2
62 50 0 2
62 51 0 2
62 52 0 2
62 53 0 2
62 54 0 2
62 55 0 2
62 56 0 2
62 57 0 2
62 58 0 2
62 59 0 2
62 60 0 2
62 61 0 2
62 62 0 2
62 63 0 2
62 64 0 2
62 65 0 2
62 66 0 2
62 67 0 2
62 68 4 14
62 69 3 9
62 70 0 5
62 71 3 8
62 72 1 10
62 73 2 7
62 74 4 13
62 75 6 11
62 76 4 7
62 77 2 14
62 78 5 9
62 79 0 2
62 80 3 9
62 81 3 10
62 82 6 11
62 83 7 12
62 84 1 3
62 85 2 6
62 86 4 12
62 87 3 5
62 88 1 3
62 89 0 2
62 90 3 4
62 91 0 2
62 92 5 10
62 93 1 10
62 94 4 9
62 95 7 13
62 96 0 2
62 97 0 2
62 98 5 9
62 99 3 11
62 100 0 5
63 1 3 11
63 2 4 7
63 3 0 2
63 4 0 2
63 5 0 2
63 6 0 2
63 7 0 2
63 8 0 2
63 9 0 2
63 10 0 2
63 11 0 2
63 12 0 2
63 13 0 2
63 14 0 2
63 15 0 2
63 16 0 2
63 17 0 2
63 18 0 2
63 19 0 2
63 20 0 2
63 21 0 2
63 22 0 2
63 23 0 2
63 24 0 2
63 25 0 2
63 26 0 2
63 27 0 2
63 28 0 2
63 29 0 2
63 30 0 2
63 31 0 2
63 32 0 2
63 33 0 2
63 34 0 2
63 35 0 2
63 36 0 2
63 37 0 2
63 38 0 2
63 39 0 2
63 40 0 2
63 41 0 2
63 42 0 2
63 43 0 2
63 44 0 2
63 45 0 2
63 46 0 2
63 47 0 2
63 48 0 2
63 49 0 2
63 50 0 2
63 51 0 2
63 52 0 2
63 53 0 2
63 54 0 2
63 55 0 2
63 56 0 2
63 57 0 2
63 58 0 2
63 59 0 2
63 60 0 2
63 61 0 2
63 62 0 2
63 63 0 2
63 64 1 3
63 65 0 2
63 66 0 2
63 67 0 2
63 68 0 2
63 69 4 9
63 70 3 13
63 71 4 12
63 72 6 10
63 73 5 12
63 74 9 13
63 75 1 6
63 76 4 9
63 77 3 8
63 78 3 4
63 79 5 12
63 80 0 2
63 81 0 2
63 82 6 9
63 83 1 3
63 84 9 12
63 85 7 11
63 86 0 1
63 87 0 2
63 88 0 2
63 89 0 1
63 90 0 2
63 91 3 11
63 92 3 9
63 93 3 9
63 94 3 10
63 95 3 11
63 96 5 14
63 97 5 10
63 98 1 11
63 99 1 8
63 100 3 6
64 1 0 2
64 2 0 2
64 3 0 2
64 4 0 2
64 5 0 2
64 6 0 2
64 7 0 2
64 8 0 2
64 9 0 2
64 10 0 2
64 11 0 2
64 12 0 2
64 13 0 2
64 14 0 2
64 15 0 2
64 16 0 2
64 17 0 2
64 18 0 2
64 19 0 2
64 20 0 2
64 21 0 2
64 22 0 2
64 23 0 2
64 24 0 2
64 25 0 2
64 26 0 2
64 27 0 2
64 28 0 2
64 29 1 4
64 30 0 2
64 31 0 2
64 32 0 2
64 33 0 2
64 34 0 2
64 35 0 2
64 36 0 2
64 37 0 2
64 38 0 2
64 39 0 2
64 40 0 2
64 41 0 2
64 42 0 2
64 43 0 2
64 44 0 2
64 45 0 2
64 46 0 2
64 47 0 2
64 48 0 2
64 49 0 2
64 50 0 2
64 51 0 2
64 52 0 2
64 53 0 2
64 54 0 2
64 55 0 2
64 56 0 2
64 57 0 2
64 58 0 2
64 59 0 2
64 60 0 2
64 61 0 2
64 62 0 2
64 63 0 2
64 64 0 2
64 65 0 2
64 66 0 2
64 67 5 10
64 68 4 14
64 69 4 15
64 70 6 10
64 71 4 7
64 72 2 6
64 73 4 10
64 74 1 6
64 75 1 2
64 76 1 2
64 77 2 6
64 78 2 8
64 79 0 2
64 80 4 12
64 81 4 11
64 82 3 5
64 83 1 8
64 84 3 13
64 85 4 12
64 86 0 11
64 87 2 6
64 88 2 11
64 89 3 11
64 90 4 11
64 91 4 10
64 92 1 3
64 93 0 2
64 94 0 2
64 95 0 1
64 96 0 2
64 97 0 2
64 98 5 9
64 99 2 6
64 100 8 12
65 1 0 2
65 2 0 2
65 3 0 2
65 4 0 2
65 5 0 2
65 6 0 2
65 7 0 2
65 8 0 2
65 9 0 2
65 10 0 2
65 11 0 2
65 12 0 2
65 13 0 2
65 14 0 2
65 15 0 2
65 16 0 2
65 17 0 2
65 18 0 2
65 19 0 2
65 20 0 2
65 21 0 2
65 22 0 2
65 23 0 2
65 24 0 2
65 25 0 2
65 26 0 2
65 27 0 2
65 28 0 2
65 29 1 4
65 30 0 2
65 31 0 2
65 32 0 2
65 33 0 2
65 34 0 2
65 35 0 2
65 36 0 2
65 37 0 2
65 38 0 2
65 39 0 2
65 40 0 2
65 41 0 2
65 42 0 2
65 43 0 2
65 44 0 2
65 45 0 2
65 46 0 2
65 47 0 2
65 48 0 2
65 49 0 2
65 50 0 2
65 51 0 2
65 52 0 2
65 53 0 2
65 54 0 2
65 55 0 2
65 56 0 2
65 57 0 2
65 58 0 2
65 59 0 2
65 60 0 2
65 61 0 2
65 62 0 2
65 63 0 2
65 64 0 2
65 65 0 2
65 66 5 15
65 67 4 7
65 68 0 2
65 69 4 5
65 70 3 4
65 71 7 14
65 72 1 7
65 73 1 13
65 74 5 10
65 75 6 13
65 76 2 7
65 77 5 12
65 78 3 10
65 79 4 9
65 80 1 3
65 81 6 14
65 82 1 3
65 83 2 10
65 84 6 12
65 85 2 3
65 86 4 7
65 87 1 2
65 88 1 2
65 89 2 10
65 90 2 7
65 91 0 2
65 92 0 2
65 93 0 2
65 94 1 2
65 95 0 1
65 96 0 2
65 97 1 13
65 98 5 12
65 99 4 14
65 100 0 2
66 1 4 9
66 2 0 2
66 3 0 2
66 4 4 12
66 5 4 11
66 6 2 9
66 7 4 7
66 8 0 2
66 9 0 2
66 10 0 2
66 11 0 2
66 12 0 2
66 13 0 2
66 14 0 2
66 15 0 2
66 16 0 2
66 17 0 2
66 18 0 2
66 19 0 2
66 20 0 2
66 21 0 2
66 22 0 2
66 23 0 2
66 24 0 2
66 25 0 2
66 26 0 2
66 27 0 2
66 28 0 2
66 29 0 2
66 30 0 2
66 31 0 2
66 32 0 2
66 33 0 2
66 34 0 2
66 35 0 2
66 36 1 4
66 37 0 2
66 38 0 2
66 39 0 2
66 40 0 2
66 41 0 2
66 42 0 2
66 43 0 2
66 44 0 2
66 45 0 2
66 46 0 2
66 47 0 2
66 48 0 2
66 49 0 2
66 50 0 2
66 51 0 2
66 52 0 2
66 53 0 2
66 54 0 2
66 55 0 2
66 56 0 2
66 57 0 2
66 58 0 2
66 59 0 2
66 60 0 2
66 61 0 2
66 62 0 2
66 63 0 2
66 64 0 2
66 65 3 11
66 66 0 2
66 67 0 2
66 68 0 2
66 69 0 2
66 70 0 2
66 71 0 2
66 72 0 2
66 73 0 2
66 74 0 2
66 75 1 7
66 76 2 13
66 77 1 3
66 78 1 3
66 79 6 11
66 80 5 10
66 81 6 10
66 82 0 6
66 83 1 2
66 84 1 2
66 85 1 2
66 86 1 2
66 87 3 13
66 88 2 7
66 89 5 11
66 90 1 3
66 91 7 10
66 92 0 2
66 93 0 1
66 94 0 2
66 95 1 9
66 96 3 10
66 97 2 10
66 98 0 2
66 99 0 2
66 100 7 11
67 1 3 12
67 2 0 2
67 3 0 2
67 4 0 2
67 5 0 2
67 6 0 2
67 7 0 2
67 8 0 2
67 9 0 2
67 10 0 2
67 11 0 2
67 12 0 2
67 13 0 2
67 14 0 2
67 15 0 2
67 16 0 2
67 17 0 2
67 18 0 2
67 19 0 2
67 20 0 2
67 21 0 2
67 22 0 2
67 23 0 2
67 24 0 2
67 25 0 2
67 26 0 2
67 27 0 2
67 28 0 2
67 29 0 2
67 30 0 2
67 31 0 2
67 32 0 2
67 33 0 2
67 34 0 2
67 35 0 2
67 36 0 2
67 37 0 2
67 38 0 2
67 39 0 2
67 40 0 2
67 41 0 2
67 42 0 2
67 43 0 2
67 44 0 2
67 45 0 2
67 46 0 2
67 47 0 2
67 48 0 2
67 49 0 2
67 50 0 2
67 51 0 2
67 52 0 2
67 53 0 2
67 54 0 2
67 55 0 2
67 56 0 2
67 57 0 2
67 58 0 2
67 59 4 11
67 60 4 14
67 61 1 3
67 62 2 9
67 63 4 9
67 64 3 8
67 65 3 5
67 66 3 10
67 67 4 12
67 68 8 15
67 69 4 7
67 70 2 7
67 71 2 9
67 72 4 10
67 73 1 2
67 74 6 12
67 75 5 13
67 76 3 14
67 77 7 12
67 78 7 11
67 79 8 12
67 80 0 1
67 81 0 1
67 82 0 1
67 83 0 2
67 84 0 2
67 85 5 12
67 86 5 13
67 87 1 6
67 88 1 11
67 89 1 14
67 90 3 11
67 91 0 2
67 92 0 2
67 93 0 2
67 94 0 2
67 95 0 2
67 96 0 2
67 97 4 10
67 98 4 10
67 99 5 10
67 100 3 14
68 1 3 12
68 2 0 2
68 3 0 2
68 4 0 2
68 5 0 2
68 6 0 2
68 7 0 2
68 8 0 2
68 9 0 2
68 10 0 2
68 11 0 2
68 12 0 2
68 13 0 2
68 14 0 2
68 15 0 2
68 16 0 2
68 17 0 2
68 18 0 2
68 19 0 2
68 20 0 2
68 21 0 2
68 22 0 2
68 23 0 2
68 24 0 2
68 25 0 2
68 26 0 2
68 27 0 2
68 28 0 2
68 29 0 2
68 30 0 2
68 31 0 2
68 32 0 2
68 33 0 2
68 34 0 2
68 35 0 2
68 36 0 2
68 37 0 2
68 38 0 2
68 39 0 2
68 40 0 2
68 41 0 2
68 42 0 2
68 43 0 2
68 44 0 2
68 45 0 2
68 46 0 2
68 47 0 2
68 48 0 2
68 49 0 2
68 50 0 2
68 51 0 2
68 52 0 2
68 53 0 2
68 54 0 2
68 55 5 13
68 56 0 2
68 57 0 2
68 58 0 2
68 59 0 2
68 60 0 2
68 61 0 2
68 62 0 2
68 63 0 2
68 64 0 2
68 65 2 11
68 66 1 3
68 67 5 8
68 68 3 11
68 69 0 2
68 70 0 2
68 71 5 12
68 72 8 12
68 73 5 14
68 74 4 14
68 75 6 13
68 76 3 9
68 77 5 12
68 78 8 14
68 79 0 1
68 80 0 1
68 81 0 1
68 82 0 1
68 83 0 1
68 84 0 1
68 85 0 1
68 86 0 1
68 87 6 11
68 88 0 2
68 89 0 2
68 90 2 3
68 91 0 2
68 92 1 2
68 93 0 2
68 94 3 13
68 95 2 11
68 96 2 13
68 97 3 12
68 98 10 14
68 99 4 14
68 100 5 9
69 1 0 2
69 2 0 2
69 3 0 2
69 4 0 2
69 5 0 2
69 6 0 2
69 7 0 2
69 8 0 2
69 9 0 2
69 10 0 2
69 11 0 2
69 12 0 2
69 13 0 2
69 14 0 2
69 15 0 2
69 16 0 2
69 17 0 2
69 18 0 2
69 19 0 2
69 20 0 2
69 21 0 2
69 22 0 2
69 23 0 2
69 24 0 2
69 25 0 2
69 26 0 2
69 27 0 2
69 28 0 2
69 29 0 2
69 30 0 2
69 31 0 2
69 32 0 2
69 33 0 2
69 34 0 2
69 35 0 2
69 36 0 2
69 37 0 2
69 38 0 2
69 39 0 2
69 40 0 2
69 41 0 2
69 42 0 2
69 43 0 2
69 44 0 2
69 45 0 2
69 46 0 2
69 47 0 2
69 48 0 2
69 49 0 2
69 50 0 2
69 51 0 2
69 52 0 2
69 53 0 2
69 54 0 2
69 55 0 2
69 56 0 2
69 57 0 2
69 58 0 2
69 59 0 2
69 60 0 2
69 61 0 2
69 62 0 2
69 63 3 12
69 64 3 12
69 65 3 10
69 66 1 5
69 67 3 15
69 68 5 13
69 69 0 2
69 70 1 2
69 71 8 12
69 72 5 13
69 73 1 4
69 74 2 3
69 75 0 1
69 76 0 2
69 77 1 2
69 78 0 1
69 79 0 1
69 80 0 1
69 81 0 1
69 82 0 2
69 83 0 1
69 84 0 1
69 85 0 2
69 86 0 2
69 87 0 1
69 88 0 1
69 89 2 4
69 90 2 11
69 91 3 9
69 92 3 6
69 93 0 1
69 94 3 12
69 95 3 9
69 96 3 9
69 97 4 15
69 98 9 15
69 99 5 11
69 100 6 13
70 1 0 2
70 2 0 2
70 3 0 2
70 4 0 2
70 5 0 2
70 6 0 2
70 7 0 2
70 8 0 2
70 9 0 2
70 10 0 2
70 11 0 2
70 12 0 2
70 13 0 2
70 14 0 2
70 15 0 2
70 16 0 2
70 17 0 2
70 18 0 2
70 19 0 2
70 20 0 2
70 21 0 2
70 22 0 2
70 23 0 2
70 24 0 2
70 25 0 2
70 26 0 2
70 27 0 2
70 28 0 2
70 29 0 2
70 30 0 2
70 31 0 2
70 32 0 2
70 33 0 2
70 34 0 2
70 35 0 2
70 36 0 2
70 37 0 2
70 38 0 2
70 39 0 2
70 40 0 2
70 41 0 2
70 42 0 2
70 43 0 2
70 44 0 2
70 45 0 2
70 46 0 2
70 47 0 2
70 48 0 2
70 49 0 2
70 50 0 2
70 51 0 2
70 52 0 2
70 53 0 2
70 54 0 2
70 55 0 2
70 56 0 2
70 57 0 2
70 58 0 2
70 59 2 6
70 60 4 7
70 61 5 10
70 62 1 5
70 63 5 14
70 64 5 11
70 65 4 9
70 66 3 9
70 67 4 7
70 68 0 2
70 69 5 12
70 70 1 3
70 71 5 9
70 72 2 4
70 73 5 11
70 74 7 14
70 75 2 7
70 76 0 1
70 77 0 1
70 78 0 1
70 79 0 1
70 80 2 9
70 81 4 11
70 82 3 9
70 83 1 4
70 84 0 1
70 85 0 2
70 86 0 2
70 87 1 3
70 88 5 9
70 89 2 12
70 90 5 11
70 91 4 14
70 92 3 13
70 93 5 12
70 94 6 11
70 95 4 7
70 96 0 2
70 97 4 10
70 98 5 14
70 99 1 2
70 100 0 3
71 1 1 12
71 2 3 12
71 3 0 2
71 4 0 2
71 5 0 2
71 6 0 2
71 7 0 2
71 8 0 2
71 9 0 2
71 10 0 2
71 11 0 2
71 12 0 2
71 13 0 2
71 14 0 2
71 15 0 2
71 16 0 2
71 17 0 2
71 18 0 2
71 19 0 2
71 20 0 2
71 21 0 2
71 22 0 2
71 23 0 2
71 24 0 2
71 25 0 2
71 26 0 2
71 27 0 2
71 28 0 2
71 29 0 2
71 30 0 2
71 31 0 2
71 32 0 2
71 33 0 2
71 34 0 2
71 35 0 2
71 36 0 2
71 37 0 2
71 38 0 2
71 39 0 2
71 40 0 2
71 41 0 2
71 42 0 2
71 43 0 2
71 44 0 2
71 45 0 2
71 46 0 2
71 47 0 2
71 48 0 2
71 49 0 2
71 50 0 2
71 51 0 2
71 52 0 2
71 53 0 2
71 54 0 2
71 55 0 2
71 56 0 2
71 57 0 2
71 58 0 2
71 59 0 2
71 60 0 2
71 61 0 2
71 62 0 2
71 63 0 2
71 64 0 2
71 65 0 2
71 66 0 2
71 67 0 2
71 68 0 2
71 69 0 2
71 70 3 9
71 71 3 13
71 72 4 15
71 73 1 3
71 74 2 6
71 75 2 11
71 76 3 14
71 77 2 14
71 78 5 12
71 79 3 8
71 80 3 8
71 81 3 4
71 82 4 10
71 83 0 1
71 84 0 1
71 85 0 2
71 86 0 1
71 87 2 6
71 88 3 12
71 89 0 2
71 90 3 7
71 91 3 6
71 92 0 1
71 93 0 2
71 94 0 1
71 95 0 2
71 96 0 2
71 97 5 12
71 98 6 10
71 99 6 14
71 100 1 6
72 1 0 2
72 2 0 2
72 3 0 2
72 4 0 2
72 5 0 2
72 6 0 2
72 7 0 2
72 8 0 2
72 9 0 2
72 10 0 2
72 11 0 2
72 12 0 2
72 13 0 2
72 14 0 2
72 15 0 2
72 16 0 2
72 17 0 2
72 18 0 2
72 19 0 2
72 20 0 2
72 21 0 2
72 22 0 2
72 23 0 2
72 24 0 2
72 25 0 2
72 26 0 2
72 27 0 2
72 28 0 2
72 29 0 2
72 30 0 2
72 31 0 2
72 32 0 2
72 33 0 2
72 34 0 2
72 35 0 2
72 36 0 2
72 37 0 2
72 38 0 2
72 39 0 2
72 40 0 2
72 41 0 2
72 42 1 5
72 43 0 2
72 44 0 2
72 45 0 2
72 46 0 2
72 47 0 2
72 48 0 2
72 49 0 2
72 50 0 2
72 51 0 2
72 52 0 2
72 53 0 2
72 54 0 2
72 55 0 2
72 56 0 2
72 57 0 2
72 58 0 2
72 59 0 2
72 60 0 2
72 61 0 2
72 62 0 2
72 63 0 2
72 64 0 2
72 65 0 2
72 66 3 8
72 67 3 12
72 68 3 10
72 69 1 12
72 70 2 14
72 71 6 13
72 72 6 10
72 73 3 10
72 74 3 12
72 75 6 12
72 76 7 13
72 77 5 10
72 78 2 5
72 79 6 13
72 80 8 12
72 81 0 1
72 82 0 2
72 83 0 1
72 84 0 1
72 85 0 1
72 86 0 2
72 87 3 11
72 88 3 9
72 89 0 2
72 90 0 2
72 91 0 2
72 92 1 12
72 93 1 7
72 94 5 11
72 95 5 13
72 96 7 12
72 97 4 11
72 98 2 7
72 99 0 10
72 100 5 7
73 1 0 2
73 2 0 2
73 3 0 2
73 4 0 2
73 5 0 2
73 6 0 2
73 7 0 2
73 8 0 2
73 9 0 2
73 10 0 2
73 11 0 2
73 12 0 2
73 13 0 2
73 14 0 2
73 15 0 2
73 16 0 2
73 17 0 2
73 18 0 2
73 19 0 2
73 20 0 2
73 21 0 2
73 22 0 2
73 23 0 2
73 24 0 2
73 25 0 2
73 26 0 2
73 27 0 2
73 28 0 2
73 29 0 2
73 30 0 2
73 31 0 2
73 32 0 2
73 33 0 2
73 34 0 2
73 35 0 2
73 36 0 2
73 37 0 2
73 38 0 2
73 39 0 2
73 40 0 2
73 41 0 2
73 42 0 2
73 43 0 2
73 44 0 2
73 45 0 2
73 46 0 2
73 47 0 2
73 48 0 2
73 49 0 2
73 50 0 2
73 51 0 2
73 52 0 2
73 53 0 2
73 54 0 2
73 55 0 2
73 56 0 2
73 57 0 2
73 58 0 2
73 59 0 2
73 60 0 2
73 61 0 2
73 62 0 2
73 63 0 2
73 64 0 2
73 65 0 2
73 66 0 2
73 67 0 2
73 68 0 2
73 69 0 2
73 70 0 2
73 71 0 2
73 72 0 2
73 73 6 12
73 74 4 9
73 75 2 7
73 76 1 6
73 77 6 11
73 78 4 11
73 79 3 10
73 80 6 12
73 81 7 14
73 82 5 11
73 83 3 10
73 84 1 4
73 85 3 11
73 86 2 7
73 87 0 2
73 88 0 2
73 89 0 2
73 90 0 1
73 91 0 1
73 92 0 2
73 93 0 8
73 94 0 2
73 95 0 2
73 96 0 2
73 97 3 7
73 98 4 9
73 99 0 9
73 100 0 2
74 1 3 12
74 2 0 2
74 3 0 2
74 4 0 2
74 5 0 2
74 6 0 2
74 7 0 2
74 8 0 2
74 9 0 2
74 10 0 2
74 11 0 2
74 12 0 2
74 13 0 2
74 14 0 2
74 15 0 2
74 16 0 2
74 17 0 2
74 18 0 2
74 19 0 2
74 20 0 2
74 21 0 2
74 22 0 2
74 23 0 2
74 24 0 2
74 25 0 2
74 26 0 2
74 27 0 2
74 28 0 2
74 29 0 2
74 30 0 2
74 31 0 2
74 32 0 2
74 33 0 2
74 34 0 2
74 35 0 2
74 36 0 2
74 37 0 2
74 38 0 2
74 39 0 2
74 40 0 2
74 41 0 2
74 42 0 2
74 43 0 2
74 44 0 2
74 45 0 2
74 46 0 2
74 47 0 2
74 48 0 2
74 49 0 2
74 50 0 2
74 51 0 2
74 52 0 2
74 53 0 2
74 54 0 2
74 55 0 2
74 56 0 2
74 57 0 2
74 58 0 2
74 59 0 2
74 60 0 2
74 61 0 2
74 62 0 2
74 63 0 2
74 64 0 2
74 65 0 2
74 66 0 2
74 67 0 2
74 68 0 2
74 69 0 2
74 70 0 2
74 71 0 2
74 72 0 2
74 73 0 2
74 74 0 2
74 75 0 2
74 76 0 2
74 77 0 2
74 78 3 10
74 79 0 6
74 80 8 14
74 81 1 4
74 82 5 12
74 83 3 9
74 84 6 11
74 85 3 10
74 86 5 11
74 87 8 10
74 88 2 7
74 89 2 4
74 90 0 3
74 91 0 2
74 92 0 1
74 93 0 1
74 94 1 4
74 95 4 7
74 96 0 6
74 97 1 3
74 98 0 2
74 99 0 2
74 100 6 10
75 1 4 14
75 2 3 12
75 3 2 6
75 4 4 11
75 5 4 13
75 6 0 2
75 7 0 2
75 8 0 2
75 9 0 2
75 10 0 2
75 11 0 2
75 12 0 2
75 13 0 2
75 14 0 2
75 15 0 2
75 16 0 2
75 17 0 2
75 18 0 2
75 19 0 2
75 20 0 2
75 21 0 2
75 22 0 2
75 23 0 2
75 24 0 2
75 25 0 2
75 26 0 2
75 27 0 2
75 28 0 2
75 29 0 2
75 30 0 2
75 31 0 2
75 32 0 2
75 33 0 2
75 34 0 2
75 35 0 2
75 36 0 2
75 37 0 2
75 38 0 2
75 39 0 2
75 40 0 2
75 41 0 2
75 42 0 2
75 43 0 2
75 44 0 2
75 45 0 2
75 46 0 2
75 47 0 2
75 48 0 2
75 49 0 2
75 50 2 4
75 51 0 2
75 52 0 2
75 53 0 2
75 54 0 2
75 55 0 2
75 56 0 2
75 57 0 2
75 58 0 2
75 59 0 2
75 60 0 2
75 61 0 2
75 62 0 2
75 63 0 2
75 64 0 2
75 65 0 2
75 66 0 2
75 67 0 2
75 68 0 2
75 69 0 2
75 70 0 2
75 71 4 10
75 72 3 11
75 73 5 10
75 74 4 11
75 75 6 11
75 76 0 3
75 77 4 12
75 78 1 4
75 79 2 6
75 80 2 5
75 81 5 9
75 82 0 1
75 83 1 5
75 84 0 1
75 85 0 1
75 86 2 10
75 87 0 1
75 88 4 8
75 89 3 9
75 90 4 11
75 91 3 7
75 92 1 4
75 93 5 13
75 94 4 13
75 95 2 10
75 96 9 14
75 97 0 2
75 98 0 2
75 99 0 2
75 100 4 13
76 1 0 2
76 2 0 2
76 3 0 2
76 4 0 2
76 5 0 2
76 6 0 2
76 7 0 2
76 8 0 2
76 9 0 2
76 10 0 2
76 11 0 2
76 12 0 2
76 13 0 2
76 14 0 2
76 15 0 2
76 16 0 2
76 17 0 2
76 18 0 2
76 19 0 2
76 20 0 2
76 21 0 2
76 22 0 2
76 23 0 2
76 24 0 2
76 25 0 2
76 26 0 2
76 27 0 2
76 28 0 2
76 29 0 2
76 30 0 2
76 31 0 2
76 32 0 2
76 33 0 2
76 34 3 10
76 35 1 4
76 36 0 2
76 37 0 2
76 38 0 2
76 39 0 2
76 40 0 2
76 41 0 2
76 42 0 2
76 43 0 2
76 44 0 2
76 45 0 2
76 46 0 2
76 47 0 2
76 48 0 2
76 49 3 6
76 50 0 2
76 51 0 2
76 52 0 2
76 53 0 2
76 54 0 2
76 55 0 2
76 56 0 2
76 57 0 2
76 58 0 2
76 59 0 2
76 60 0 2
76 61 0 2
76 62 0 2
76 63 0 2
76 64 0 2
76 65 4 13
76 66 2 6
76 67 5 10
76 68 4 9
76 69 3 12
76 70 0 5
76 71 4 13
76 72 4 11
76 73 3 12
76 74 4 14
76 75 4 11
76 76 4 8
76 77 5 13
76 78 2 11
76 79 3 8
76 80 4 5
76 81 0 3
76 82 7 15
76 83 2 9
76 84 2 12
76 85 1 9
76 86 0 1
76 87 3 10
76 88 0 1
76 89 0 2
76 90 0 1
76 91 0 1
76 92 0 1
76 93 3 6
76 94 1 5
76 95 4 11
76 96 0 1
76 97 0 2
76 98 0 2
76 99 3 13
76 100 5 14
77 1 0 2
77 2 0 2
77 3 0 2
77 4 0 2
77 5 0 2
77 6 0 2
77 7 0 2
77 8 0 2
77 9 0 2
77 10 0 2
77 11 0 2
77 12 0 2
77 13 0 2
77 14 0 2
77 15 0 2
77 16 0 2
77 17 0 2
77 18 0 2
77 19 0 2
77 20 0 2
77 21 0 2
77 22 0 2
77 23 0 2
77 24 0 2
77 25 0 2
77 26 0 2
77 27 0 2
77 28 0 2
77 29 0 2
77 30 0 2
77 31 0 2
77 32 0 2
77 33 0 2
77 34 0 2
77 35 0 2
77 36 0 2
77 37 0 2
77 38 0 2
77 39 0 2
77 40 0 2
77 41 0 2
77 42 0 2
77 43 0 2
77 44 0 2
77 45 0 2
77 46 0 2
77 47 0 2
77 48 0 2
77 49 0 2
77 50 0 2
77 51 0 2
77 52 0 2
77 53 0 2
77 54 0 2
77 55 0 2
77 56 0 2
77 57 0 2
77 58 0 2
77 59 0 2
77 60 0 2
77 61 0 2
77 62 0 2
77 63 0 2
77 64 0 2
77 65 0 2
77 66 5 10
77 67 3 10
77 68 6 12
77 69 11 11
77 70 3 6
77 71 4 11
77 72 1 3
77 73 2 8
77 74 1 10
77 75 3 11
77 76 2 9
77 77 4 7
77 78 9 13
77 79 4 6
77 80 3 9
77 81 0 2
77 82 0 1
77 83 0 1
77 84 0 1
77 85 0 1
77 86 0 1
77 87 0 1
77 88 0 2
77 89 2 9
77 90 0 2
77 91 0 2
77 92 0 2
77 93 0 1
77 94 0 2
77 95 0 2
77 96 9 15
77 97 9 14
77 98 4 12
77 99 3 14
77 100 1 11
78 1 0 2
78 2 0 2
78 3 0 2
78 4 0 2
78 5 0 2
78 6 0 2
78 7 0 2
78 8 0 2
78 9 0 2
78 10 0 2
78 11 0 2
78 12 0 2
78 13 0 2
78 14 0 2
78 15 0 2
78 16 0 2
78 17 0 2
78 18 0 2
78 19 0 2
78 20 0 2
78 21 0 2
78 22 0 2
78 23 0 2
78 24 0 2
78 25 0 2
78 26 0 2
78 27 0 2
78 28 0 2
78 29 0 2
78 30 0 2
78 31 0 2
78 32 0 2
78 33 0 2
78 34 0 2
78 35 0 2
78 36 0 2
78 37 0 2
78 38 0 2
78 39 0 2
78 40 0 2
78 41 0 2
78 42 0 2
78 43 0 2
78 44 0 2
78 45 0 2
78 46 0 2
78 47 0 2
78 48 0 2
78 49 0 2
78 50 0 2
78 51 0 2
78 52 0 2
78 53 0 2
78 54 0 2
78 55 0 2
78 56 0 2
78 57 0 2
78 58 0 2
78 59 0 2
78 60 0 2
78 61 0 2
78 62 0 2
78 63 0 2
78 64 7 13
78 65 2 3
78 66 0 2
78 67 4 14
78 68 1 7
78 69 1 2
78 70 0 3
78 71 3 7
78 72 4 11
78 73 7 12
78 74 5 9
78 75 1 4
78 76 4 12
78 77 3 9
78 78 5 10
78 79 6 12
78 80 3 9
78 81 2 5
78 82 0 1
78 83 0 1
78 84 0 1
78 85 0 1
78 86 0 1
78 87 0 1
78 88 4 10
78 89 0 2
78 90 0 2
78 91 0 1
78 92 0 2
78 93 0 2
78 94 0 2
78 95 0 2
78 96 4 14
78 97 3 12
78 98 8 11
78 99 5 13
78 100 3 10
79 1 3 13
79 2 4 11
79 3 8 14
79 4 0 2
79 5 0 2
79 6 0 2
79 7 0 2
79 8 0 2
79 9 0 2
79 10 0 2
79 11 0 2
79 12 0 2
79 13 0 2
79 14 0 2
79 15 0 2
79 16 0 2
79 17 0 2
79 18 0 2
79 19 0 2
79 20 0 2
79 21 0 2
79 22 0 2
79 23 0 2
79 24 0 2
79 25 0 2
79 26 0 2
79 27 0 2
79 28 0 2
79 29 0 2
79 30 0 2
79 31 0 2
79 32 0 2
79 33 0 2
79 34 0 2
79 35 0 2
79 36 0 2
79 37 0 2
79 38 0 2
79 39 0 2
79 40 0 2
79 41 0 2
79 42 0 2
79 43 0 2
79 44 0 2
79 45 0 2
79 46 0 2
79 47 0 2
79 48 0 2
79 49 0 2
79 50 0 2
79 51 0 2
79 52 0 2
79 53 0 2
79 54 0 2
79 55 0 2
79 56 0 2
79 57 0 2
79 58 0 2
79 59 0 2
79 60 0 2
79 61 0 2
79 62 0 2
79 63 0 2
79 64 0 2
79 65 0 2
79 66 0 2
79 67 0 2
79 68 0 2
79 69 0 2
79 70 2 6
79 71 0 2
79 72 8 13
79 73 3 12
79 74 3 12
79 75 3 5
79 76 2 11
79 77 0 3
79 78 0 1
79 79 0 2
79 80 0 1
79 81 2 3
79 82 0 1
79 83 0 1
79 84 0 2
79 85 0 1
79 86 0 1
79 87 0 2
79 88 1 2
79 89 5 12
79 90 4 13
79 91 0 1
79 92 0 1
79 93 0 1
79 94 0 2
79 95 0 2
79 96 2 13
79 97 6 12
79 98 4 9
79 99 3 9
79 100 4 11
80 1 8 14
80 2 0 2
80 3 0 2
80 4 0 2
80 5 0 2
80 6 0 2
80 7 0 2
80 8 0 2
80 9 0 2
80 10 0 2
80 11 0 2
80 12 0 2
80 13 0 2
80 14 0 2
80 15 0 2
80 16 0 2
80 17 0 2
80 18 0 2
80 19 0 2
80 20 0 2
80 21 0 2
80 22 0 2
80 23 0 2
80 24 0 2
80 25 0 2
80 26 0 2
80 27 0 2
80 28 0 2
80 29 0 2
80 30 0 2
80 31 0 2
80 32 0 2
80 33 0 2
80 34 0 2
80 35 0 2
80 36 0 2
80 37 0 2
80 38 0 2
80 39 0 2
80 40 0 2
80 41 0 2
80 42 0 2
80 43 0 2
80 44 0 2
80 45 0 2
80 46 0 2
80 47 0 2
80 48 0 2
80 49 0 2
80 50 0 2
80 51 0 2
80 52 0 2
80 53 0 2
80 54 0 2
80 55 0 2
80 56 0 2
80 57 0 2
80 58 0 2
80 59 0 2
80 60 0 2
80 61 4 11
80 62 4 8
80 63 3 12
80 64 1 8
80 65 5 10
80 66 4 11
80 67 0 2
80 68 0 2
80 69 1 2
80 70 1 2
80 71 5 10
80 72 2 4
80 73 3 13
80 74 3 9
80 75 2 4
80 76 4 6
80 77 5 14
80 78 0 1
80 79 0 1
80 80 0 2
80 81 0 1
80 82 0 1
80 83 2 9
80 84 2 14
80 85 2 6
80 86 1 4
80 87 2 12
80 88 0 2
80 89 0 1
80 90 1 5
80 91 3 12
80 92 3 8
80 93 1 3
80 94 6 14
80 95 4 11
80 96 6 12
80 97 2 12
80 98 9 10
80 99 4 12
80 100 3 9
81 1 0 2
81 2 0 2
81 3 0 2
81 4 0 2
81 5 0 2
81 6 0 2
81 7 0 2
81 8 0 2
81 9 0 2
81 10 0 2
81 11 0 2
81 12 0 2
81 13 0 2
81 14 0 2
81 15 0 2
81 16 0 2
81 17 0 2
81 18 0 2
81 19 0 2
81 20 0 2
81 21 0 2
81 22 0 2
81 23 0 2
81 24 0 2
81 25 0 2
81 26 0 2
81 27 0 2
81 28 0 2
81 29 0 2
81 30 0 2
81 31 0 2
81 32 0 2
81 33 0 2
81 34 0 2
81 35 0 2
81 36 0 2
81 37 0 2
81 38 0 2
81 39 0 2
81 40 0 2
81 41 0 2
81 42 0 2
81 43 0 2
81 44 0 2
81 45 0 2
81 46 0 2
81 47 0 2
81 48 0 2
81 49 0 2
81 50 0 2
81 51 0 2
81 52 0 2
81 53 0 2
81 54 0 2
81 55 0 2
81 56 0 2
81 57 0 2
81 58 0 2
81 59 2 4
81 60 4 11
81 61 4 10
81 62 3 12
81 63 6 13
81 64 7 12
81 65 1 9
81 66 1 2
81 67 1 2
81 68 1 2
81 69 5 11
81 70 0 2
81 71 0 2
81 72 3 14
81 73 8 14
81 74 2 4
81 75 5 14
81 76 0 3
81 77 5 12
81 78 4 8
81 79 3 8
81 80 0 6
81 81 3 4
81 82 0 1
81 83 0 1
81 84 0 1
81 85 0 1
81 86 0 1
81 87 0 1
81 88 0 1
81 89 0 1
81 90 0 1
81 91 0 2
81 92 3 11
81 93 0 3
81 94 3 11
81 95 0 2
81 96 0 2
81 97 1 4
81 98 5 12
81 99 4 14
81 100 5 11
82 1 0 2
82 2 0 2
82 3 0 2
82 4 0 2
82 5 0 2
82 6 0 2
82 7 0 2
82 8 0 2
82 9 0 2
82 10 0 2
82 11 0 2
82 12 0 2
82 13 0 2
82 14 0 2
82 15 0 2
82 16 0 2
82 17 0 2
82 18 0 2
82 19 0 2
82 20 0 2
82 21 0 2
82 22 0 2
82 23 0 2
82 24 0 2
82 25 0 2
82 26 0 2
82 27 0 2
82 28 0 2
82 29 0 2
82 30 0 2
82 31 0 2
82 32 0 2
82 33 0 2
82 34 0 2
82 35 0 2
82 36 0 2
82 37 0 2
82 38 0 2
82 39 0 2
82 40 0 2
82 41 0 2
82 42 0 2
82 43 0 2
82 44 0 2
82 45 0 2
82 46 0 2
82 47 0 2
82 48 0 2
82 49 0 2
82 50 0 2
82 51 0 2
82 52 0 2
82 53 0 2
82 54 1 3
82 55 0 2
82 56 0 2
82 57 3 10
82 58 3 8
82 59 3 12
82 60 0 2
82 61 0 2
82 62 0 2
82 63 1 4
82 64 1 4
82 65 1 2
82 66 5 11
82 67 2 8
82 68 0 3
82 69 4 11
82 70 4 8
82 71 5 12
82 72 4 13
82 73 0 5
82 74 2 5
82 75 0 3
82 76 1 10
82 77 1 7
82 78 0 2
82 79 0 2
82 80 0 1
82 81 0 2
82 82 0 1
82 83 0 1
82 84 0 1
82 85 0 1
82 86 0 1
82 87 0 1
82 88 0 1
82 89 0 2
82 90 1 3
82 91 5 13
82 92 3 11
82 93 1 2
82 94 0 2
82 95 0 2
82 96 0 2
82 97 2 12
82 98 3 8
82 99 5 11
82 100 2 5
83 1 0 2
83 2 0 2
83 3 0 2
83 4 0 2
83 5 0 2
83 6 0 2
83 7 0 2
83 8 0 2
83 9 0 2
83 10 0 2
83 11 0 2
83 12 0 2
83 13 0 2
83 14 0 2
83 15 0 2
83 16 0 2
83 17 0 2
83 18 0 2
83 19 0 2
83 20 0 2
83 21 0 2
83 22 0 2
83 23 0 2
83 24 0 2
83 25 0 2
83 26 0 2
83 27 0 2
83 28 0 2
83 29 0 2
83 30 0 2
83 31 0 2
83 32 0 2
83 33 0 2
83 34 0 2
83 35 0 2
83 36 0 2
83 37 0 2
83 38 0 2
83 39 0 2
83 40 0 2
83 41 0 2
83 42 0 2
83 43 0 2
83 44 0 2
83 45 5 13
83 46 0 2
83 47 0 2
83 48 0 2
83 49 0 2
83 50 0 2
83 51 0 2
83 52 0 2
83 53 0 2
83 54 0 2
83 55 0 2
83 56 0 2
83 57 0 2
83 58 0 2
83 59 0 2
83 60 0 2
83 61 0 2
83 62 3 8
83 63 1 7
83 64 5 14
83 65 3 13
83 66 6 12
83 67 3 9
83 68 0 2
83 69 0 2
83 70 0 2
83 71 1 4
83 72 4 11
83 73 4 9
83 74 4 11
83 75 0 3
83 76 4 7
83 77 6 11
83 78 0 2
83 79 0 1
83 80 0 1
83 81 0 2
83 82 0 1
83 83 0 2
83 84 0 2
83 85 0 1
83 86 2 8
83 87 0 2
83 88 0 2
83 89 0 2
83 90 0 2
83 91 0 1
83 92 0 2
83 93 5 9
83 94 3 13
83 95 1 2
83 96 1 4
83 97 3 7
83 98 2 4
83 99 2 10
83 100 2 8
84 1 0 2
84 2 0 2
84 3 0 2
84 4 0 2
84 5 0 2
84 6 0 2
84 7 0 2
84 8 0 2
84 9 0 2
84 10 0 2
84 11 0 2
84 12 0 2
84 13 0 2
84 14 0 2
84 15 0 2
84 16 0 2
84 17 0 2
84 18 0 2
84 19 0 2
84 20 0 2
84 21 0 2
84 22 0 2
84 23 0 2
84 24 0 2
84 25 0 2
84 26 0 2
84 27 0 2
84 28 0 2
84 29 0 2
84 30 0 2
84 31 0 2
84 32 0 2
84 33 0 2
84 34 0 2
84 35 0 2
84 36 0 2
84 37 0 2
84 38 0 2
84 39 0 2
84 40 0 2
84 41 0 2
84 42 0 2
84 43 0 2
84 44 0 2
84 45 0 2
84 46 0 2
84 47 0 2
84 48 0 2
84 49 0 2
84 50 0 2
84 51 0 2
84 52 0 2
84 53 0 2
84 54 0 2
84 55 0 2
84 56 0 2
84 57 0 2
84 58 0 2
84 59 0 2
84 60 0 2
84 61 0 2
84 62 0 2
84 63 0 2
84 64 0 2
84 65 0 2
84 66 0 2
84 67 1 10
84 68 0 2
84 69 0 2
84 70 0 2
84 71 0 2
84 72 5 10
84 73 1 3
84 74 8 13
84 75 1 6
84 76 5 9
84 77 3 11
84 78 0 2
84 79 0 2
84 80 4 14
84 81 5 13
84 82 3 8
84 83 3 7
84 84 1 11
84 85 0 2
84 86 0 1
84 87 6 14
84 88 0 2
84 89 0 2
84 90 0 2
84 91 0 1
84 92 2 5
84 93 0 2
84 94 1 9
84 95 0 2
84 96 0 2
84 97 1 9
84 98 0 12
84 99 0 2
84 100 4 15
85 1 0 2
85 2 0 2
85 3 0 2
85 4 0 2
85 5 0 2
85 6 0 2
85 7 0 2
85 8 0 2
85 9 0 2
85 10 0 2
85 11 0 2
85 12 0 2
85 13 0 2
85 14 0 2
85 15 0 2
85 16 0 2
85 17 0 2
85 18 0 2
85 19 0 2
85 20 0 2
85 21 0 2
85 22 0 2
85 23 0 2
85 24 0 2
85 25 0 2
85 26 0 2
85 27 0 2
85 28 0 2
85 29 0 2
85 30 0 2
85 31 0 2
85 32 0 2
85 33 0 2
85 34 0 2
85 35 0 2
85 36 0 2
85 37 0 2
85 38 0 2
85 39 0 2
85 40 0 2
85 41 0 2
85 42 0 2
85 43 0 2
85 44 0 2
85 45 0 2
85 46 0 2
85 47 0 2
85 48 0 2
85 49 0 2
85 50 0 2
85 51 0 2
85 52 0 2
85 53 0 2
85 54 0 2
85 55 0 2
85 56 0 2
85 57 0 2
85 58 0 2
85 59 0 2
85 60 0 2
85 61 0 2
85 62 0 2
85 63 0 2
85 64 0 2
85 65 0 2
85 66 0 2
85 67 0 2
85 68 0 2
85 69 0 2
85 70 0 2
85 71 0 2
85 72 0 2
85 73 2 6
85 74 4 11
85 75 6 14
85 76 6 9
85 77 7 11
85 78 0 2
85 79 0 2
85 80 1 2
85 81 5 11
85 82 1 3
85 83 3 13
85 84 1 3
85 85 1 3
85 86 1 5
85 87 7 15
85 88 2 3
85 89 5 12
85 90 1 2
85 91 0 1
85 92 4 14
85 93 0 2
85 94 0 2
85 95 3 5
85 96 3 13
85 97 1 3
85 98 5 7
85 99 5 12
85 100 3 9
86 1 0 2
86 2 0 2
86 3 2 7
86 4 1 5
86 5 4 12
86 6 0 2
86 7 0 2
86 8 0 2
86 9 0 2
86 10 0 2
86 11 0 2
86 12 0 2
86 13 0 2
86 14 0 2
86 15 0 2
86 16 0 2
86 17 0 2
86 18 0 2
86 19 0 2
86 20 0 2
86 21 0 2
86 22 0 2
86 23 0 2
86 24 0 2
86 25 0 2
86 26 0 2
86 27 0 2
86 28 0 2
86 29 0 2
86 30 0 2
86 31 0 2
86 32 0 2
86 33 0 2
86 34 0 2
86 35 0 2
86 36 0 2
86 37 0 2
86 38 0 2
86 39 0 2
86 40 0 2
86 41 0 2
86 42 0 2
86 43 0 2
86 44 0 2
86 45 0 2
86 46 0 2
86 47 0 2
86 48 0 2
86 49 0 2
86 50 0 2
86 51 0 2
86 52 0 2
86 53 0 2
86 54 0 2
86 55 0 2
86 56 0 2
86 57 0 2
86 58 0 2
86 59 0 2
86 60 0 2
86 61 0 2
86 62 0 2
86 63 0 2
86 64 0 2
86 65 0 2
86 66 0 2
86 67 0 2
86 68 0 2
86 69 0 2
86 70 0 2
86 71 0 2
86 72 2 6
86 73 3 6
86 74 2 6
86 75 6 14
86 76 1 3
86 77 1 3
86 78 1 2
86 79 4 15
86 80 5 8
86 81 1 5
86 82 3 7
86 83 3 12
86 84 1 2
86 85 1 2
86 86 0 2
86 87 0 1
86 88 5 11
86 89 4 11
86 90 0 9
86 91 3 9
86 92 0 2
86 93 0 2
86 94 0 2
86 95 0 2
86 96 2 9
86 97 4 12
86 98 2 8
86 99 4 10
86 100 3 11
87 1 4 12
87 2 0 2
87 3 0 2
87 4 0 2
87 5 0 2
87 6 0 2
87 7 0 2
87 8 0 2
87 9 0 2
87 10 0 2
87 11 0 2
87 12 0 2
87 13 0 2
87 14 0 2
87 15 0 2
87 16 0 2
87 17 0 2
87 18 0 2
87 19 0 2
87 20 0 2
87 21 0 2
87 22 0 2
87 23 0 2
87 24 0 2
87 25 0 2
87 26 0 2
87 27 0 2
87 28 0 2
87 29 0 2
87 30 0 2
87 31 0 2
87 32 0 2
87 33 0 2
87 34 0 2
87 35 0 2
87 36 0 2
87 37 0 2
87 38 0 2
87 39 0 2
87 40 0 2
87 41 0 2
87 42 0 2
87 43 0 2
87 44 0 2
87 45 0 2
87 46 0 2
87 47 0 2
87 48 0 2
87 49 0 2
87 50 0 2
87 51 0 2
87 52 0 2
87 53 0 2
87 54 0 2
87 55 0 2
87 56 0 2
87 57 0 2
87 58 0 2
87 59 0 2
87 60 0 2
87 61 0 2
87 62 0 2
87 63 1 8
87 64 1 11
87 65 3 11
87 66 0 2
87 67 0 2
87 68 2 7
87 69 0 2
87 70 0 2
87 71 0 2
87 72 1 5
87 73 5 12
87 74 1 3
87 75 5 9
87 76 0 5
87 77 7 13
87 78 1 2
87 79 3 12
87 80 1 9
87 81 4 6
87 82 3 12
87 83 2 6
87 84 0 1
87 85 0 1
87 86 0 1
87 87 0 2
87 88 1 2
87 89 3 13
87 90 1 8
87 91 3 10
87 92 2 4
87 93 0 2
87 94 0 2
87 95 0 2
87 96 4 14
87 97 2 9
87 98 6 13
87 99 2 8
87 100 5 14
88 1 0 2
88 2 0 2
88 3 0 2
88 4 0 2
88 5 0 2
88 6 0 2
88 7 0 2
88 8 0 2
88 9 0 2
88 10 0 2
88 11 0 2
88 12 0 2
88 13 0 2
88 14 0 2
88 15 0 2
88 16 0 2
88 17 0 2
88 18 0 2
88 19 0 2
88 20 0 2
88 21 0 2
88 22 0 2
88 23 0 2
88 24 0 2
88 25 0 2
88 26 0 2
88 27 0 2
88 28 0 2
88 29 0 2
88 30 0 2
88 31 0 2
88 32 0 2
88 33 0 2
88 34 0 2
88 35 0 2
88 36 0 2
88 37 0 2
88 38 0 2
88 39 0 2
88 40 0 2
88 41 0 2
88 42 0 2
88 43 0 2
88 44 0 2
88 45 0 2
88 46 0 2
88 47 0 2
88 48 0 2
88 49 0 2
88 50 0 2
88 51 0 2
88 52 0 2
88 53 0 2
88 54 0 2
88 55 0 2
88 56 0 2
88 57 0 2
88 58 0 2
88 59 0 2
88 60 0 2
88 61 0 2
88 62 0 2
88 63 0 2
88 64 0 2
88 65 0 2
88 66 0 2
88 67 0 2
88 68 0 2
88 69 2 7
88 70 1 4
88 71 1 4
88 72 2 9
88 73 4 12
88 74 3 9
88 75 0 2
88 76 3 8
88 77 3 13
88 78 4 10
88 79 7 13
88 80 9 12
88 81 1 2
88 82 3 11
88 83 3 11
88 84 7 12
88 85 2 6
88 86 4 12
88 87 0 1
88 88 0 2
88 89 0 1
88 90 0 2
88 91 0 5
88 92 2 8
88 93 0 2
88 94 1 3
88 95 2 13
88 96 4 12
88 97 4 9
88 98 2 9
88 99 2 10
88 100 3 8
89 1 0 2
89 2 0 2
89 3 0 2
89 4 0 2
89 5 0 2
89 6 0 2
89 7 0 2
89 8 0 2
89 9 0 2
89 10 0 2
89 11 0 2
89 12 0 2
89 13 0 2
89 14 0 2
89 15 0 2
89 16 0 2
89 17 0 2
89 18 0 2
89 19 0 2
89 20 0 2
89 21 0 2
89 22 0 2
89 23 0 2
89 24 0 2
89 25 0 2
89 26 0 2
89 27 0 2
89 28 0 2
89 29 0 2
89 30 0 2
89 31 0 2
89 32 0 2
89 33 0 2
89 34 0 2
89 35 0 2
89 36 0 2
89 37 0 2
89 38 0 2
89 39 0 2
89 40 0 2
89 41 0 2
89 42 0 2
89 43 0 2
89 44 0 2
89 45 0 2
89 46 0 2
89 47 0 2
89 48 0 2
89 49 0 2
89 50 0 2
89 51 0 2
89 52 0 2
89 53 0 2
89 54 0 2
89 55 0 2
89 56 0 2
89 57 0 2
89 58 0 2
89 59 0 2
89 60 0 2
89 61 0 2
89 62 0 2
89 63 0 2
89 64 0 2
89 65 0 2
89 66 0 2
89 67 0 2
89 68 0 2
89 69 0 2
89 70 0 2
89 71 0 2
89 72 0 2
89 73 0 2
89 74 0 2
89 75 0 2
89 76 3 8
89 77 5 11
89 78 3 11
89 79 5 15
89 80 0 2
89 81 0 2
89 82 4 13
89 83 6 13
89 84 1 5
89 85 3 8
89 86 1 5
89 87 2 6
89 88 0 2
89 89 0 1
89 90 0 2
89 91 0 2
89 92 0 2
89 93 0 1
89 94 0 2
89 95 0 2
89 96 4 14
89 97 3 13
89 98 3 8
89 99 6 12
89 100 0 2
90 1 5 10
90 2 4 7
90 3 3 11
90 4 4 14
90 5 4 12
90 6 3 12
90 7 0 2
90 8 0 2
90 9 0 2
90 10 0 2
90 11 0 2
90 12 0 2
90 13 0 2
90 14 0 2
90 15 0 2
90 16 0 2
90 17 0 2
90 18 0 2
90 19 0 2
90 20 0 2
90 21 0 2
90 22 0 2
90 23 0 2
90 24 0 2
90 25 0 2
90 26 0 2
90 27 0 2
90 28 0 2
90 29 0 2
90 30 0 2
90 31 0 2
90 32 0 2
90 33 0 2
90 34 0 2
90 35 0 2
90 36 0 2
90 37 0 2
90 38 2 10
90 39 0 2
90 40 0 2
90 41 3 13
90 42 0 2
90 43 0 2
90 44 0 2
90 45 0 2
90 46 0 2
90 47 0 2
90 48 0 2
90 49 0 2
90 50 0 2
90 51 0 2
90 52 0 2
90 53 6 10
90 54 0 2
90 55 0 2
90 56 0 2
90 57 6 12
90 58 0 2
90 59 0 2
90 60 0 2
90 61 0 2
90 62 0 2
90 63 0 2
90 64 0 2
90 65 0 2
90 66 0 2
90 67 0 2
90 68 0 2
90 69 0 2
90 70 0 2
90 71 5 11
90 72 0 2
90 73 2 8
90 74 0 2
90 75 0 2
90 76 0 2
90 77 0 2
90 78 0 2
90 79 0 2
90 80 0 2
90 81 0 2
90 82 0 2
90 83 10 14
90 84 6 13
90 85 9 13
90 86 6 10
90 87 1 3
90 88 1 5
90 89 0 2
90 90 0 2
90 91 3 11
90 92 0 6
90 93 4 8
90 94 0 2
90 95 0 3
90 96 0 2
90 97 0 2
90 98 0 2
90 99 6 11
90 100 1 9
91 1 3 9
91 2 0 2
91 3 0 2
91 4 0 2
91 5 0 2
91 6 0 2
91 7 0 2
91 8 0 2
91 9 0 2
91 10 0 2
91 11 0 2
91 12 0 2
91 13 0 2
91 14 0 2
91 15 0 2
91 16 0 2
91 17 0 2
91 18 0 2
91 19 0 2
91 20 0 2
91 21 0 2
91 22 0 2
91 23 0 2
91 24 0 2
91 25 0 2
91 26 0 2
91 27 0 2
91 28 0 2
91 29 0 2
91 30 0 2
91 31 0 2
91 32 0 2
91 33 0 2
91 34 0 2
91 35 0 2
91 36 0 2
91 37 0 2
91 38 0 2
91 39 0 2
91 40 0 2
91 41 0 2
91 42 0 2
91 43 0 2
91 44 0 2
91 45 0 2
91 46 0 2
91 47 0 2
91 48 0 2
91 49 0 2
91 50 0 2
91 51 0 2
91 52 0 2
91 53 0 2
91 54 0 2
91 55 0 2
91 56 0 2
91 57 0 2
91 58 0 2
91 59 0 2
91 60 0 2
91 61 0 2
91 62 1 3
91 63 4 12
91 64 5 7
91 65 4 12
91 66 0 6
91 67 3 13
91 68 2 11
91 69 5 13
91 70 8 13
91 71 2 11
91 72 5 14
91 73 2 8
91 74 4 14
91 75 4 8
91 76 5 10
91 77 6 13
91 78 8 14
91 79 6 13
91 80 3 12
91 81 4 12
91 82 3 11
91 83 4 7
91 84 1 3
91 85 0 1
91 86 0 2
91 87 0 2
91 88 0 2
91 89 0 2
91 90 0 2
91 91 0 2
91 92 7 11
91 93 0 3
91 94 0 3
91 95 3 11
91 96 0 2
91 97 4 14
91 98 0 3
91 99 2 8
91 100 4 9
92 1 1 3
92 2 3 9
92 3 5 11
92 4 6 14
92 5 5 13
92 6 4 12
92 7 4 8
92 8 0 2
92 9 0 2
92 10 0 1
92 11 0 2
92 12 0 2
92 13 0 2
92 14 0 2
92 15 0 1
92 16 0 2
92 17 0 2
92 18 0 1
92 19 0 1
92 20 0 2
92 21 0 2
92 22 0 2
92 23 0 2
92 24 0 2
92 25 0 2
92 26 0 2
92 27 0 2
92 28 0 2
92 29 0 2
92 30 0 2
92 31 0 2
92 32 0 2
92 33 0 2
92 34 0 2
92 35 0 2
92 36 0 2
92 37 0 2
92 38 0 2
92 39 0 2
92 40 0 2
92 41 0 2
92 42 0 2
92 43 0 2
92 44 0 2
92 45 0 2
92 46 0 2
92 47 0 2
92 48 0 2
92 49 0 2
92 50 0 2
92 51 0 2
92 52 0 2
92 53 1 3
92 54 0 2
92 55 0 2
92 56 0 2
92 57 0 2
92 58 0 2
92 59 0 2
92 60 0 2
92 61 0 2
92 62 0 2
92 63 0 2
92 64 0 2
92 65 0 2
92 66 0 2
92 67 0 2
92 68 0 2
92 69 0 2
92 70 0 2
92 71 0 2
92 72 0 2
92 73 7 15
92 74 0 2
92 75 0 2
92 76 0 2
92 77 0 2
92 78 0 2
92 79 0 2
92 80 0 2
92 81 0 2
92 82 4 13
92 83 2 9
92 84 5 11
92 85 5 12
92 86 3 9
92 87 7 13
92 88 3 9
92 89 2 10
92 90 4 11
92 91 9 14
92 92 5 13
92 93 0 2
92 94 6 11
92 95 5 7
92 96 1 8
92 97 5 13
92 98 9 15
92 99 0 3
92 100 0 3
93 1 0 2
93 2 0 2
93 3 0 2
93 4 0 2
93 5 0 2
93 6 0 2
93 7 0 2
93 8 0 2
93 9 0 2
93 10 0 2
93 11 0 2
93 12 0 2
93 13 0 2
93 14 0 2
93 15 0 2
93 16 0 2
93 17 0 2
93 18 0 2
93 19 0 2
93 20 0 2
93 21 0 2
93 22 0 2
93 23 0 2
93 24 0 2
93 25 0 2
93 26 0 2
93 27 0 2
93 28 0 2
93 29 0 2
93 30 0 2
93 31 0 2
93 32 0 2
93 33 0 2
93 34 0 2
93 35 0 2
93 36 0 2
93 37 0 2
93 38 0 2
93 39 0 2
93 40 0 2
93 41 0 2
93 42 0 2
93 43 0 2
93 44 0 2
93 45 0 2
93 46 0 2
93 47 0 2
93 48 0 2
93 49 0 2
93 50 3 9
93 51 4 9
93 52 3 9
93 53 8 10
93 54 4 8
93 55 5 11
93 56 1 3
93 57 1 3
93 58 1 3
93 59 4 12
93 60 6 12
93 61 5 13
93 62 5 11
93 63 10 9
93 64 6 14
93 65 6 13
93 66 4 6
93 67 7 14
93 68 3 8
93 69 1 4
93 70 0 2
93 71 0 2
93 72 0 1
93 73 0 2
93 74 0 2
93 75 0 2
93 76 0 2
93 77 0 1
93 78 0 2
93 79 0 2
93 80 0 1
93 81 0 1
93 82 0 2
93 83 1 3
93 84 0 2
93 85 0 2
93 86 0 2
93 87 0 2
93 88 0 2
93 89 0 3
93 90 0 1
93 91 2 14
93 92 0 2
93 93 5 13
93 94 1 3
93 95 0 2
93 96 1 2
93 97 0 2
93 98 7 9
93 99 3 10
93 100 0 5
94 1 0 2
94 2 0 2
94 3 0 2
94 4 0 2
94 5 0 2
94 6 0 2
94 7 0 2
94 8 0 2
94 9 0 2
94 10 0 2
94 11 0 2
94 12 0 2
94 13 0 2
94 14 0 2
94 15 0 2
94 16 0 2
94 17 0 2
94 18 0 2
94 19 0 2
94 20 0 2
94 21 0 2
94 22 0 2
94 23 0 2
94 24 0 2
94 25 0 2
94 26 0 2
94 27 0 2
94 28 0 2
94 29 0 2
94 30 0 2
94 31 0 2
94 32 0 2
94 33 0 2
94 34 0 2
94 35 0 2
94 36 0 2
94 37 0 2
94 38 0 2
94 39 0 2
94 40 0 2
94 41 0 2
94 42 0 2
94 43 0 2
94 44 0 2
94 45 0 2
94 46 0 2
94 47 0 2
94 48 0 2
94 49 0 2
94 50 0 2
94 51 0 2
94 52 0 2
94 53 0 2
94 54 0 2
94 55 0 2
94 56 0 2
94 57 0 2
94 58 3 6
94 59 1 3
94 60 1 3
94 61 4 8
94 62 5 10
94 63 6 10
94 64 5 11
94 65 5 10
94 66 5 12
94 67 8 14
94 68 5 12
94 69 5 12
94 70 5 12
94 71 6 12
94 72 5 9
94 73 1 4
94 74 0 2
94 75 0 2
94 76 0 2
94 77 0 2
94 78 1 3
94 79 0 2
94 80 0 1
94 81 0 1
94 82 0 2
94 83 0 2
94 84 0 1
94 85 0 1
94 86 0 1
94 87 3 13
94 88 1 4
94 89 0 2
94 90 2 11
94 91 0 2
94 92 0 2
94 93 3 11
94 94 4 9
94 95 7 11
94 96 4 9
94 97 5 9
94 98 3 6
94 99 4 13
94 100 3 10
95 1 0 2
95 2 0 2
95 3 0 2
95 4 0 2
95 5 0 2
95 6 0 2
95 7 0 2
95 8 0 2
95 9 0 2
95 10 0 2
95 11 0 2
95 12 0 2
95 13 0 2
95 14 0 2
95 15 0 2
95 16 0 2
95 17 0 2
95 18 0 2
95 19 0 2
95 20 0 2
95 21 0 2
95 22 0 2
95 23 0 2
95 24 0 2
95 25 0 2
95 26 0 2
95 27 0 2
95 28 0 2
95 29 0 2
95 30 0 2
95 31 0 2
95 32 0 2
95 33 0 2
95 34 0 2
95 35 0 2
95 36 0 2
95 37 1 3
95 38 0 2
95 39 0 2
95 40 0 2
95 41 0 2
95 42 0 2
95 43 0 2
95 44 0 2
95 45 0 2
95 46 0 2
95 47 0 2
95 48 0 2
95 49 0 2
95 50 0 2
95 51 0 2
95 52 0 2
95 53 0 2
95 54 0 2
95 55 0 2
95 56 0 2
95 57 0 2
95 58 0 2
95 59 0 2
95 60 0 2
95 61 0 2
95 62 0 2
95 63 6 11
95 64 7 10
95 65 5 10
95 66 4 14
95 67 4 8
95 68 3 8
95 69 3 11
95 70 4 11
95 71 4 11
95 72 4 10
95 73 6 14
95 74 4 12
95 75 6 12
95 76 3 7
95 77 1 3
95 78 4 12
95 79 4 11
95 80 0 1
95 81 0 2
95 82 0 2
95 83 0 1
95 84 0 1
95 85 0 2
95 86 0 1
95 87 1 3
95 88 0 1
95 89 0 1
95 90 0 2
95 91 0 1
95 92 0 1
95 93 3 13
95 94 5 9
95 95 0 4
95 96 2 11
95 97 0 2
95 98 5 10
95 99 6 12
95 100 1 4
96 1 3 10
96 2 0 3
96 3 6 13
96 4 0 2
96 5 0 2
96 6 0 2
96 7 0 2
96 8 0 2
96 9 0 2
96 10 0 2
96 11 0 2
96 12 0 2
96 13 0 2
96 14 0 2
96 15 0 2
96 16 0 2
96 17 0 2
96 18 0 2
96 19 0 2
96 20 0 2
96 21 0 2
96 22 0 2
96 23 0 2
96 24 0 2
96 25 0 2
96 26 0 2
96 27 0 2
96 28 0 2
96 29 0 2
96 30 0 2
96 31 0 2
96 32 0 2
96 33 0 2
96 34 0 2
96 35 0 2
96 36 0 2
96 37 0 2
96 38 0 2
96 39 0 2
96 40 0 2
96 41 0 2
96 42 0 2
96 43 0 2
96 44 0 2
96 45 0 2
96 46 0 2
96 47 0 2
96 48 0 2
96 49 0 2
96 50 0 2
96 51 0 2
96 52 0 2
96 53 0 2
96 54 0 2
96 55 0 2
96 56 0 2
96 57 0 2
96 58 0 2
96 59 0 2
96 60 0 2
96 61 0 2
96 62 0 2
96 63 0 2
96 64 0 2
96 65 0 2
96 66 0 2
96 67 0 2
96 68 0 2
96 69 0 2
96 70 0 2
96 71 0 2
96 72 0 2
96 73 0 2
96 74 0 2
96 75 0 2
96 76 0 2
96 77 0 2
96 78 0 2
96 79 0 2
96 80 3 14
96 81 6 12
96 82 1 7
96 83 1 3
96 84 4 11
96 85 0 1
96 86 2 3
96 87 0 1
96 88 0 2
96 89 0 1
96 90 0 1
96 91 0 1
96 92 0 1
96 93 0 3
96 94 6 13
96 95 0 2
96 96 2 12
96 97 4 9
96 98 1 8
96 99 7 12
96 100 0 2
97 1 5 14
97 2 1 9
97 3 4 9
97 4 0 3
97 5 6 13
97 6 0 2
97 7 0 2
97 8 0 2
97 9 0 2
97 10 0 2
97 11 0 2
97 12 0 2
97 13 0 2
97 14 0 2
97 15 0 2
97 16 0 2
97 17 0 2
97 18 0 2
97 19 0 2
97 20 0 2
97 21 0 2
97 22 0 2
97 23 0 2
97 24 0 2
97 25 0 2
97 26 0 2
97 27 0 2
97 28 0 2
97 29 0 2
97 30 0 2
97 31 0 2
97 32 0 2
97 33 0 2
97 34 0 2
97 35 0 2
97 36 0 2
97 37 0 2
97 38 0 2
97 39 0 2
97 40 0 2
97 41 0 2
97 42 0 2
97 43 0 2
97 44 0 2
97 45 0 2
97 46 0 2
97 47 0 2
97 48 0 2
97 49 0 2
97 50 0 2
97 51 0 2
97 52 0 2
97 53 0 2
97 54 0 2
97 55 0 2
97 56 0 2
97 57 0 2
97 58 0 2
97 59 0 2
97 60 0 2
97 61 0 2
97 62 0 2
97 63 0 2
97 64 0 2
97 65 0 2
97 66 0 2
97 67 0 2
97 68 0 2
97 69 0 2
97 70 0 2
97 71 0 2
97 72 4 9
97 73 3 9
97 74 9 12
97 75 0 2
97 76 6 13
97 77 3 10
97 78 8 13
97 79 6 12
97 80 4 11
97 81 2 9
97 82 4 9
97 83 5 10
97 84 1 4
97 85 3 7
97 86 5 11
97 87 5 11
97 88 3 10
97 89 0 3
97 90 2 7
97 91 0 1
97 92 0 2
97 93 0 2
97 94 3 6
97 95 1 3
97 96 4 12
97 97 0 2
97 98 0 2
97 99 1 3
97 100 6 15
98 1 6 14
98 2 0 2
98 3 0 2
98 4 0 2
98 5 0 2
98 6 0 2
98 7 0 2
98 8 0 2
98 9 0 2
98 10 0 2
98 11 0 2
98 12 0 2
98 13 0 2
98 14 0 2
98 15 0 2
98 16 0 2
98 17 0 2
98 18 0 2
98 19 0 2
98 20 0 2
98 21 0 2
98 22 0 2
98 23 0 2
98 24 0 2
98 25 0 2
98 26 0 2
98 27 0 2
98 28 0 2
98 29 0 2
98 30 0 2
98 31 0 2
98 32 6 13
98 33 0 2
98 34 0 2
98 35 0 2
98 36 0 2
98 37 0 2
98 38 0 2
98 39 3 7
98 40 0 2
98 41 0 2
98 42 0 2
98 43 1 4
98 44 0 2
98 45 0 2
98 46 0 2
98 47 0 2
98 48 0 2
98 49 0 2
98 50 0 2
98 51 0 2
98 52 0 2
98 53 0 2
98 54 0 2
98 55 0 2
98 56 0 2
98 57 0 2
98 58 0 2
98 59 0 2
98 60 0 2
98 61 0 2
98 62 1 4
98 63 0 4
98 64 5 14
98 65 4 12
98 66 9 14
98 67 0 3
98 68 1 6
98 69 3 8
98 70 6 13
98 71 5 8
98 72 4 8
98 73 2 5
98 74 4 9
98 75 4 11
98 76 1 2
98 77 1 3
98 78 0 2
98 79 2 14
98 80 1 9
98 81 4 12
98 82 2 11
98 83 5 11
98 84 2 12
98 85 4 12
98 86 6 14
98 87 0 2
98 88 0 2
98 89 2 7
98 90 1 11
98 91 0 2
98 92 0 2
98 93 0 2
98 94 0 2
98 95 0 2
98 96 5 14
98 97 4 13
98 98 2 13
98 99 6 12
98 100 6 13
99 1 0 2
99 2 0 2
99 3 0 2
99 4 0 2
99 5 0 2
99 6 0 2
99 7 0 2
99 8 0 2
99 9 0 2
99 10 0 2
99 11 0 2
99 12 0 2
99 13 0 2
99 14 0 2
99 15 0 2
99 16 0 2
99 17 0 2
99 18 0 2
99 19 0 2
99 20 0 2
99 21 0 2
99 22 0 2
99 23 0 2
99 24 0 2
99 25 0 2
99 26 0 2
99 27 0 2
99 28 0 2
99 29 0 2
99 30 0 2
99 31 0 2
99 32 0 2
99 33 5 11
99 34 0 2
99 35 1 8
99 36 0 2
99 37 3 6
99 38 0 2
99 39 9 10
99 40 0 2
99 41 5 12
99 42 0 2
99 43 0 2
99 44 0 3
99 45 0 2
99 46 0 2
99 47 6 11
99 48 0 2
99 49 3 11
99 50 0 2
99 51 0 2
99 52 0 2
99 53 0 2
99 54 3 10
99 55 0 2
99 56 0 2
99 57 0 2
99 58 0 2
99 59 0 2
99 60 0 2
99 61 0 2
99 62 0 2
99 63 0 2
99 64 0 2
99 65 0 2
99 66 0 2
99 67 0 2
99 68 0 2
99 69 0 2
99 70 0 2
99 71 0 2
99 72 0 2
99 73 0 2
99 74 0 2
99 75 5 13
99 76 6 14
99 77 2 10
99 78 0 3
99 79 1 8
99 80 4 10
99 81 5 9
99 82 3 13
99 83 3 10
99 84 3 4
99 85 3 8
99 86 8 14
99 87 4 11
99 88 5 13
99 89 1 2
99 90 1 2
99 91 7 13
99 92 3 12
99 93 1 2
99 94 1 3
99 95 0 2
99 96 0 7
99 97 0 2
99 98 0 2
99 99 0 1
99 100 0 2
