1 1 6 13
1 2 5 11
1 3 3 10
1 4 2 6
1 5 2 5
1 6 1 13
1 7 3 11
1 8 4 13
1 9 2 8
1 10 8 14
1 11 5 12
1 12 2 13
1 13 3 10
1 14 6 13
1 15 3 6
1 16 4 6
1 17 4 6
1 18 4 6
1 19 4 6
1 20 4 6
1 21 4 6
1 22 4 6
1 23 4 6
1 24 4 6
1 25 4 6
1 26 4 6
1 27 2 11
1 28 7 14
1 29 4 11
1 30 8 13
1 31 4 12
1 32 3 6
1 33 5 6
1 34 4 13
1 35 5 14
1 36 5 13
1 37 2 5
1 38 2 6
1 39 4 14
1 40 2 8
1 41 1 6
1 42 5 11
1 43 4 11
1 44 4 10
1 45 2 12
1 46 2 7
1 47 5 12
1 48 14 12
1 49 3 8
1 50 8 15
1 51 6 15
1 52 4 13
1 53 4 6
1 54 5 10
1 55 7 15
1 56 8 11
1 57 4 9
1 58 13 13
1 59 4 11
1 60 3 13
1 61 6 13
1 62 6 12
1 63 4 8
1 64 4 9
1 65 3 11
1 66 4 13
1 67 3 9
1 68 4 6
1 69 10 14
1 70 4 6
1 71 3 12
1 72 8 14
1 73 5 12
1 74 4 11
1 75 5 12
1 76 2 5
1 77 8 12
1 78 1 4
1 79 3 8
1 80 2 6
1 81 4 9
1 82 2 7
1 83 7 11
1 84 6 11
1 85 6 12
1 86 4 10
1 87 2 7
1 88 2 6
1 89 2 9
1 90 8 12
1 91 4 9
1 92 7 10
1 93 1 5
1 94 7 11
1 95 3 11
1 96 2 6
1 97 5 11
1 98 3 7
1 99 0 5
1 100 5 10
2 1 2 6
2 2 1 6
2 3 2 9
2 4 4 7
2 5 2 6
2 6 2 6
2 7 9 12
2 8 3 6
2 9 3 6
2 10 3 6
2 11 1 5
2 12 4 6
2 13 4 6
2 14 4 6
2 15 4 6
2 16 4 6
2 17 4 6
2 18 4 6
2 19 4 6
2 20 4 6
2 21 4 6
2 22 4 6
2 23 4 6
2 24 4 6
2 25 4 6
2 26 4 6
2 27 4 6
2 28 4 6
2 29 4 6
2 30 4 6
2 31 4 6
2 32 4 6
2 33 4 6
2 34 10 15
2 35 5 6
2 36 4 6
2 37 5 6
2 38 3 6
2 39 3 6
2 40 5 8
2 41 4 8
2 42 5 8
2 43 1 13
2 44 2 5
2 45 5 6
2 46 4 8
2 47 4 12
2 48 4 11
2 49 4 6
2 50 3 7
2 51 4 6
2 52 4 6
2 53 4 6
2 54 3 11
2 55 4 13
2 56 4 8
2 57 3 10
2 58 6 8
2 59 6 13
2 60 5 12
2 61 4 12
2 62 5 8
2 63 5 12
2 64 5 12
2 65 3 10
2 66 2 13
2 67 2 11
2 68 5 9
2 69 4 13
2 70 5 11
2 71 2 5
2 72 2 5
2 73 2 5
2 74 2 5
2 75 3 5
2 76 2 8
2 77 6 13
2 78 7 14
2 79 8 14
2 80 4 11
2 81 6 12
2 82 2 7
2 83 3 11
2 84 4 6
2 85 4 6
2 86 8 13
2 87 3 6
2 88 4 6
2 89 3 8
2 90 4 6
2 91 8 10
2 92 4 13
2 93 9 11
2 94 7 13
2 95 6 14
2 96 9 14
2 97 3 9
2 98 2 5
2 99 3 12
2 100 4 6
3 1 2 6
3 2 2 6
3 3 2 6
3 4 4 7
3 5 2 6
3 6 2 6
3 7 2 6
3 8 2 6
3 9 7 12
3 10 6 9
3 11 3 6
3 12 4 7
3 13 3 6
3 14 3 6
3 15 3 6
3 16 4 8
3 17 4 6
3 18 4 6
3 19 4 6
3 20 4 6
3 21 4 6
3 22 4 6
3 23 4 6
3 24 4 6
3 25 4 6
3 26 4 6
3 27 4 6
3 28 4 6
3 29 4 6
3 30 4 6
3 31 4 6
3 32 4 6
3 33 4 6
3 34 4 6
3 35 4 6
3 36 4 6
3 37 4 6
3 38 4 6
3 39 3 6
3 40 3 6
3 41 3 6
3 42 4 11
3 43 4 11
3 44 4 12
3 45 1 6
3 46 1 6
3 47 4 6
3 48 2 9
3 49 4 6
3 50 3 6
3 51 3 8
3 52 7 12
3 53 4 6
3 54 5 10
3 55 5 6
3 56 5 6
3 57 9 12
3 58 5 13
3 59 2 5
3 60 4 6
3 61 1 5
3 62 1 5
3 63 5 12
3 64 2 5
3 65 3 6
3 66 3 5
3 67 5 12
3 68 4 6
3 69 4 6
3 70 4 6
3 71 4 6
3 72 7 13
3 73 5 8
3 74 4 5
3 75 2 5
3 76 4 8
3 77 4 11
3 78 5 14
3 79 4 6
3 80 0 3
3 81 3 9
3 82 1 6
3 83 4 11
3 84 5 13
3 85 5 11
3 86 4 8
3 87 4 6
3 88 4 6
3 89 4 13
3 90 3 7
3 91 4 6
3 92 6 10
3 93 2 5
3 94 9 11
3 95 3 6
3 96 6 11
3 97 5 12
3 98 8 9
3 99 5 11
3 100 3 6
4 1 2 6
4 2 2 6
4 3 2 6
4 4 2 6
4 5 6 9
4 6 4 8
4 7 4 6
4 8 3 6
4 9 2 6
4 10 2 5
4 11 4 7
4 12 4 9
4 13 7 13
4 14 3 6
4 15 3 6
4 16 3 6
4 17 4 7
4 18 4 8
4 19 4 6
4 20 4 6
4 21 4 6
4 22 4 6
4 23 4 6
4 24 4 6
4 25 4 6
4 26 4 6
4 27 4 6
4 28 4 6
4 29 4 6
4 30 4 6
4 31 4 6
4 32 4 6
4 33 4 6
4 34 4 6
4 35 4 6
4 36 4 6
4 37 4 6
4 38 4 6
4 39 4 6
4 40 6 12
4 41 4 12
4 42 2 5
4 43 3 6
4 44 3 6
4 45 3 6
4 46 2 6
4 47 2 6
4 48 2 6
4 49 2 6
4 50 2 6
4 51 2 5
4 52 2 5
4 53 3 8
4 54 4 6
4 55 4 6
4 56 3 5
4 57 11 13
4 58 7 12
4 59 0 3
4 60 5 7
4 61 3 6
4 62 4 6
4 63 7 10
4 64 0 5
4 65 4 11
4 66 4 6
4 67 4 6
4 68 2 10
4 69 2 6
4 70 5 8
4 71 4 6
4 72 4 12
4 73 7 12
4 74 7 12
4 75 4 6
4 76 5 12
4 77 3 6
4 78 3 6
4 79 3 8
4 80 4 12
4 81 5 14
4 82 4 11
4 83 0 3
4 84 0 3
4 85 0 3
4 86 0 3
4 87 4 6
4 88 3 6
4 89 4 6
4 90 9 13
4 91 3 6
4 92 4 7
4 93 3 6
4 94 7 12
4 95 4 8
4 96 3 10
4 97 3 7
4 98 5 12
4 99 4 8
4 100 0 2
5 1 1 6
5 2 3 11
5 3 2 7
5 4 8 10
5 5 4 8
5 6 3 4
5 7 7 12
5 8 1 6
5 9 1 6
5 10 4 6
5 11 2 5
5 12 2 9
5 13 4 9
5 14 2 6
5 15 2 6
5 16 2 6
5 17 2 6
5 18 4 6
5 19 2 6
5 20 2 6
5 21 2 6
5 22 3 6
5 23 3 6
5 24 4 7
5 25 3 6
5 26 3 6
5 27 4 8
5 28 3 6
5 29 3 6
5 30 3 6
5 31 3 6
5 32 5 10
5 33 3 7
5 34 6 9
5 35 2 5
5 36 4 7
5 37 4 6
5 38 4 6
5 39 4 6
5 40 4 6
5 41 4 6
5 42 4 6
5 43 4 6
5 44 4 6
5 45 4 6
5 46 4 6
5 47 4 6
5 48 4 6
5 49 4 6
5 50 4 6
5 51 4 6
5 52 4 6
5 53 4 10
5 54 4 14
5 55 2 5
5 56 2 5
5 57 2 3
5 58 6 13
5 59 5 13
5 60 4 7
5 61 0 3
5 62 0 6
5 63 3 6
5 64 5 13
5 65 0 3
5 66 0 3
5 67 7 13
5 68 4 6
5 69 4 6
5 70 2 6
5 71 4 6
5 72 9 11
5 73 2 6
5 74 1 6
5 75 2 9
5 76 0 3
5 77 2 6
5 78 1 3
5 79 4 7
5 80 0 3
5 81 0 3
5 82 0 3
5 83 0 3
5 84 0 3
5 85 0 3
5 86 0 3
5 87 0 3
5 88 0 3
5 89 5 9
5 90 0 3
5 91 0 3
5 92 0 3
5 93 0 3
5 94 0 3
5 95 3 6
5 96 3 11
5 97 4 13
5 98 4 12
5 99 2 6
5 100 4 12
6 1 1 6
6 2 4 6
6 3 1 2
6 4 8 10
6 5 3 11
6 6 3 11
6 7 9 13
6 8 4 7
6 9 2 8
6 10 6 11
6 11 6 13
6 12 2 9
6 13 1 12
6 14 3 6
6 15 2 6
6 16 2 6
6 17 2 6
6 18 2 6
6 19 2 6
6 20 4 6
6 21 3 6
6 22 0 3
6 23 0 3
6 24 3 6
6 25 0 3
6 26 0 3
6 27 0 3
6 28 2 7
6 29 4 8
6 30 2 6
6 31 2 6
6 32 0 6
6 33 3 4
6 34 3 4
6 35 3 4
6 36 1 6
6 37 1 6
6 38 1 6
6 39 4 8
6 40 2 6
6 41 4 7
6 42 4 9
6 43 3 12
6 44 1 6
6 45 6 15
6 46 3 6
6 47 3 6
6 48 7 13
6 49 2 6
6 50 4 6
6 51 2 5
6 52 3 6
6 53 3 6
6 54 3 6
6 55 7 12
6 56 5 8
6 57 4 7
6 58 4 8
6 59 2 3
6 60 3 7
6 61 4 6
6 62 2 5
6 63 6 12
6 64 3 8
6 65 4 6
6 66 6 11
6 67 0 3
6 68 11 13
6 69 2 3
6 70 0 6
6 71 1 5
6 72 2 8
6 73 5 13
6 74 2 10
6 75 2 6
6 76 1 4
6 77 3 5
6 78 6 10
6 79 1 14
6 80 0 3
6 81 0 3
6 82 0 3
6 83 0 3
6 84 0 3
6 85 0 3
6 86 0 3
6 87 0 3
6 88 0 3
6 89 0 3
6 90 0 3
6 91 0 3
6 92 0 3
6 93 0 3
6 94 0 3
6 95 0 3
6 96 1 3
6 97 3 11
6 98 5 11
6 99 4 12
6 100 3 10
7 1 1 6
7 2 4 6
7 3 1 2
7 4 1 2
7 5 1 2
7 6 1 2
7 7 1 2
7 8 3 6
7 9 1 2
7 10 3 11
7 11 8 10
7 12 3 11
7 13 3 6
7 14 3 6
7 15 3 6
7 16 2 6
7 17 2 6
7 18 2 6
7 19 2 6
7 20 2 6
7 21 2 5
7 22 2 6
7 23 4 6
7 24 0 3
7 25 0 3
7 26 0 3
7 27 0 3
7 28 0 3
7 29 0 3
7 30 0 3
7 31 0 3
7 32 3 8
7 33 0 4
7 34 0 3
7 35 0 3
7 36 0 3
7 37 0 3
7 38 0 3
7 39 3 4
7 40 3 4
7 41 3 6
7 42 3 4
7 43 3 9
7 44 3 9
7 45 2 6
7 46 1 3
7 47 4 7
7 48 2 9
7 49 3 10
7 50 4 6
7 51 3 6
7 52 2 8
7 53 2 7
7 54 1 12
7 55 4 12
7 56 5 12
7 57 4 6
7 58 4 8
7 59 1 4
7 60 1 3
7 61 3 5
7 62 3 4
7 63 2 6
7 64 6 13
7 65 6 11
7 66 3 4
7 67 3 8
7 68 5 14
7 69 9 13
7 70 3 11
7 71 0 6
7 72 1 6
7 73 2 4
7 74 1 5
7 75 3 12
7 76 4 8
7 77 4 6
7 78 2 7
7 79 1 5
7 80 0 3
7 81 0 3
7 82 0 3
7 83 0 4
7 84 0 3
7 85 0 3
7 86 3 4
7 87 2 14
7 88 0 3
7 89 0 3
7 90 0 3
7 91 0 3
7 92 0 3
7 93 2 6
7 94 4 6
7 95 3 8
7 96 2 11
7 97 1 11
7 98 0 3
7 99 2 5
7 100 0 3
8 1 2 6
8 2 1 6
8 3 3 11
8 4 4 6
8 5 1 2
8 6 1 2
8 7 1 2
8 8 1 2
8 9 1 2
8 10 3 6
8 11 1 2
8 12 1 2
8 13 1 2
8 14 3 5
8 15 0 3
8 16 1 2
8 17 1 2
8 18 1 2
8 19 6 13
8 20 4 8
8 21 3 11
8 22 8 10
8 23 5 7
8 24 4 8
8 25 3 6
8 26 3 6
8 27 3 6
8 28 0 5
8 29 6 13
8 30 2 6
8 31 2 6
8 32 2 6
8 33 2 6
8 34 2 6
8 35 2 5
8 36 2 6
8 37 4 6
8 38 4 6
8 39 0 3
8 40 0 3
8 41 0 3
8 42 0 3
8 43 0 3
8 44 0 3
8 45 0 3
8 46 0 3
8 47 0 3
8 48 0 3
8 49 0 3
8 50 0 3
8 51 0 3
8 52 0 3
8 53 0 3
8 54 0 3
8 55 2 10
8 56 3 6
8 57 3 5
8 58 4 9
8 59 8 12
8 60 3 4
8 61 3 6
8 62 4 11
8 63 3 4
8 64 2 6
8 65 6 12
8 66 4 6
8 67 5 10
8 68 1 3
8 69 3 7
8 70 2 4
8 71 2 7
8 72 7 9
8 73 5 9
8 74 5 9
8 75 2 7
8 76 1 3
8 77 4 11
8 78 2 6
8 79 8 13
8 80 5 8
8 81 0 4
8 82 0 3
8 83 0 3
8 84 0 3
8 85 0 3
8 86 4 12
8 87 3 10
8 88 2 4
8 89 3 7
8 90 5 14
8 91 0 3
8 92 0 3
8 93 0 3
8 94 0 3
8 95 0 3
8 96 0 3
8 97 0 3
8 98 1 2
8 99 1 4
8 100 2 9
9 1 2 6
9 2 1 6
9 3 2 10
9 4 3 11
9 5 4 6
9 6 1 2
9 7 1 2
9 8 1 2
9 9 1 2
9 10 1 2
9 11 3 6
9 12 1 2
9 13 1 2
9 14 1 2
9 15 3 5
9 16 0 3
9 17 1 2
9 18 1 2
9 19 1 2
9 20 6 13
9 21 1 2
9 22 1 3
9 23 1 2
9 24 1 2
9 25 1 2
9 26 1 2
9 27 1 2
9 28 1 2
9 29 1 2
9 30 3 6
9 31 1 2
9 32 1 2
9 33 1 2
9 34 1 2
9 35 0 3
9 36 1 2
9 37 8 13
9 38 3 11
9 39 8 10
9 40 4 8
9 41 6 14
9 42 5 7
9 43 4 8
9 44 2 5
9 45 3 7
9 46 2 6
9 47 3 6
9 48 3 6
9 49 3 6
9 50 7 10
9 51 0 3
9 52 0 3
9 53 0 3
9 54 0 3
9 55 0 3
9 56 0 3
9 57 0 3
9 58 0 3
9 59 0 3
9 60 4 6
9 61 6 13
9 62 0 5
9 63 2 11
9 64 0 3
9 65 5 11
9 66 3 9
9 67 2 5
9 68 5 6
9 69 2 4
9 70 5 11
9 71 8 14
9 72 2 5
9 73 3 5
9 74 3 5
9 75 1 5
9 76 1 7
9 77 3 6
9 78 6 10
9 79 1 3
9 80 6 11
9 81 5 9
9 82 4 12
9 83 3 6
9 84 8 11
9 85 4 10
9 86 3 9
9 87 3 11
9 88 1 2
9 89 0 3
9 90 0 3
9 91 0 3
9 92 1 2
9 93 0 3
9 94 0 3
9 95 0 3
9 96 0 3
9 97 0 3
9 98 0 3
9 99 3 4
9 100 3 8
10 1 0 3
10 2 0 3
10 3 0 3
10 4 0 3
10 5 0 3
10 6 0 3
10 7 2 10
10 8 5 10
10 9 2 6
10 10 1 6
10 11 3 11
10 12 0 3
10 13 2 15
10 14 2 9
10 15 4 6
10 16 1 2
10 17 1 2
10 18 1 2
10 19 1 2
10 20 1 2
10 21 3 6
10 22 1 2
10 23 1 2
10 24 1 2
10 25 3 5
10 26 0 3
10 27 1 2
10 28 1 2
10 29 1 2
10 30 6 13
10 31 1 2
10 32 1 3
10 33 1 2
10 34 1 2
10 35 1 2
10 36 1 2
10 37 1 2
10 38 1 2
10 39 1 2
10 40 3 6
10 41 1 2
10 42 1 2
10 43 1 2
10 44 1 2
10 45 1 2
10 46 1 2
10 47 1 2
10 48 1 2
10 49 1 2
10 50 1 2
10 51 1 2
10 52 1 2
10 53 1 2
10 54 1 2
10 55 1 2
10 56 1 2
10 57 0 3
10 58 1 2
10 59 1 2
10 60 1 3
10 61 1 2
10 62 1 2
10 63 1 2
10 64 1 2
10 65 1 2
10 66 1 2
10 67 1 2
10 68 1 2
10 69 1 2
10 70 1 2
10 71 1 2
10 72 1 2
10 73 1 2
10 74 1 2
10 75 1 2
10 76 3 7
10 77 1 5
10 78 2 5
10 79 2 7
10 80 6 9
10 81 6 11
10 82 10 12
10 83 2 12
10 84 6 14
10 85 5 12
10 86 5 12
10 87 3 6
10 88 7 12
10 89 1 3
10 90 7 9
10 91 6 11
10 92 6 13
10 93 1 2
10 94 1 2
10 95 1 2
10 96 1 2
10 97 1 2
10 98 14 14
10 99 4 11
10 100 0 3
11 1 0 3
11 2 0 3
11 3 0 3
11 4 0 3
11 5 0 3
11 6 0 3
11 7 0 3
11 8 0 3
11 9 0 3
11 10 0 3
11 11 5 10
11 12 2 6
11 13 1 6
11 14 3 11
11 15 2 5
11 16 0 3
11 17 0 3
11 18 2 15
11 19 2 10
11 20 4 9
11 21 4 6
11 22 1 2
11 23 1 2
11 24 1 2
11 25 1 2
11 26 1 2
11 27 3 6
11 28 1 2
11 29 1 2
11 30 1 2
11 31 3 5
11 32 0 3
11 33 1 2
11 34 1 2
11 35 1 2
11 36 1 3
11 37 1 2
11 38 1 2
11 39 1 2
11 40 1 2
11 41 1 2
11 42 1 2
11 43 1 2
11 44 1 3
11 45 1 2
11 46 1 2
11 47 1 2
11 48 1 2
11 49 1 2
11 50 1 2
11 51 1 2
11 52 1 2
11 53 1 2
11 54 1 2
11 55 1 2
11 56 1 2
11 57 1 2
11 58 1 2
11 59 1 2
11 60 1 2
11 61 1 2
11 62 1 2
11 63 1 2
11 64 1 2
11 65 1 2
11 66 1 2
11 67 1 2
11 68 1 2
11 69 1 2
11 70 1 2
11 71 1 3
11 72 1 2
11 73 1 2
11 74 1 2
11 75 1 2
11 76 1 2
11 77 2 6
11 78 6 13
11 79 4 11
11 80 2 9
11 81 3 12
11 82 3 12
11 83 5 14
11 84 5 12
11 85 1 3
11 86 5 9
11 87 3 8
11 88 3 13
11 89 4 11
11 90 4 8
11 91 1 2
11 92 1 2
11 93 1 2
11 94 1 2
11 95 1 2
11 96 1 2
11 97 1 2
11 98 2 11
11 99 0 3
11 100 0 2
12 1 5 10
12 2 2 5
12 3 0 3
12 4 0 3
12 5 0 3
12 6 0 3
12 7 0 3
12 8 0 3
12 9 0 3
12 10 0 3
12 11 0 3
12 12 0 3
12 13 0 3
12 14 0 3
12 15 0 3
12 16 4 6
12 17 4 9
12 18 4 6
12 19 1 2
12 20 1 2
12 21 1 2
12 22 1 2
12 23 1 2
12 24 3 6
12 25 1 2
12 26 1 2
12 27 1 2
12 28 1 2
12 29 1 2
12 30 1 2
12 31 1 2
12 32 1 2
12 33 1 2
12 34 1 2
12 35 1 2
12 36 1 2
12 37 1 2
12 38 1 2
12 39 1 2
12 40 1 2
12 41 1 2
12 42 1 2
12 43 1 2
12 44 1 2
12 45 1 2
12 46 1 3
12 47 1 2
12 48 1 2
12 49 1 7
12 50 1 2
12 51 0 2
12 52 1 2
12 53 1 3
12 54 1 3
12 55 1 2
12 56 1 6
12 57 1 2
12 58 1 2
12 59 1 2
12 60 1 2
12 61 1 2
12 62 1 2
12 63 1 2
12 64 1 2
12 65 1 2
12 66 1 2
12 67 1 2
12 68 2 6
12 69 4 9
12 70 4 10
12 71 5 13
12 72 5 12
12 73 1 6
12 74 2 7
12 75 7 11
12 76 2 15
12 77 3 8
12 78 3 11
12 79 0 3
12 80 0 3
12 81 0 3
12 82 0 3
12 83 3 9
12 84 2 10
12 85 3 4
12 86 2 9
12 87 3 9
12 88 5 11
12 89 4 11
12 90 5 11
12 91 4 10
12 92 4 6
12 93 3 8
12 94 7 7
12 95 8 12
12 96 4 6
12 97 1 2
12 98 1 2
12 99 2 5
12 100 1 5
13 1 0 3
13 2 5 10
13 3 0 3
13 4 0 3
13 5 0 3
13 6 0 3
13 7 0 3
13 8 0 3
13 9 0 3
13 10 0 3
13 11 0 3
13 12 0 3
13 13 0 3
13 14 0 3
13 15 0 3
13 16 0 3
13 17 0 3
13 18 0 3
13 19 0 3
13 20 0 3
13 21 0 3
13 22 0 3
13 23 4 13
13 24 2 5
13 25 4 9
13 26 5 9
13 27 4 6
13 28 1 2
13 29 1 2
13 30 1 2
13 31 1 2
13 32 1 2
13 33 3 6
13 34 1 2
13 35 1 2
13 36 1 2
13 37 1 2
13 38 1 2
13 39 1 2
13 40 1 2
13 41 1 2
13 42 1 2
13 43 1 2
13 44 1 2
13 45 1 2
13 46 1 2
13 47 1 2
13 48 1 2
13 49 1 2
13 50 1 2
13 51 1 2
13 52 1 2
13 53 1 2
13 54 1 3
13 55 1 2
13 56 1 2
13 57 0 1
13 58 1 2
13 59 1 2
13 60 1 3
13 61 1 2
13 62 1 2
13 63 1 2
13 64 1 2
13 65 1 2
13 66 1 2
13 67 1 2
13 68 0 3
13 69 1 2
13 70 1 2
13 71 1 2
13 72 1 2
13 73 1 3
13 74 1 2
13 75 4 9
13 76 3 8
13 77 6 13
13 78 4 9
13 79 4 10
13 80 3 9
13 81 6 9
13 82 3 8
13 83 5 8
13 84 4 6
13 85 5 12
13 86 2 6
13 87 6 12
13 88 3 6
13 89 3 6
13 90 6 12
13 91 6 11
13 92 3 9
13 93 1 5
13 94 0 3
13 95 1 2
13 96 1 2
13 97 1 2
13 98 1 2
13 99 1 2
13 100 3 6
14 1 4 13
14 2 5 10
14 3 2 5
14 4 0 3
14 5 0 3
14 6 0 3
14 7 0 3
14 8 0 3
14 9 0 3
14 10 0 3
14 11 0 3
14 12 0 3
14 13 0 3
14 14 0 3
14 15 0 3
14 16 0 3
14 17 0 3
14 18 0 3
14 19 0 3
14 20 0 3
14 21 0 3
14 22 0 3
14 23 0 3
14 24 0 3
14 25 0 3
14 26 0 3
14 27 0 3
14 28 0 3
14 29 0 3
14 30 0 3
14 31 0 3
14 32 0 3
14 33 0 3
14 34 4 9
14 35 3 5
14 36 5 9
14 37 6 13
14 38 4 8
14 39 8 10
14 40 2 6
14 41 4 6
14 42 1 2
14 43 1 2
14 44 1 2
14 45 1 2
14 46 1 2
14 47 1 2
14 48 1 2
14 49 1 2
14 50 1 2
14 51 1 2
14 52 1 2
14 53 1 2
14 54 1 2
14 55 1 3
14 56 1 2
14 57 1 2
14 58 1 2
14 59 1 2
14 60 1 2
14 61 1 2
14 62 1 2
14 63 1 2
14 64 1 2
14 65 1 2
14 66 1 2
14 67 1 3
14 68 0 2
14 69 1 2
14 70 1 2
14 71 1 2
14 72 1 3
14 73 1 3
14 74 1 2
14 75 2 5
14 76 1 2
14 77 0 3
14 78 1 2
14 79 0 3
14 80 5 14
14 81 2 12
14 82 4 13
14 83 1 5
14 84 3 6
14 85 5 10
14 86 3 10
14 87 2 7
14 88 5 13
14 89 4 9
14 90 4 9
14 91 5 12
14 92 3 10
14 93 4 8
14 94 4 8
14 95 1 2
14 96 1 2
14 97 1 2
14 98 1 2
14 99 1 2
14 100 8 11
15 1 4 13
15 2 5 10
15 3 3 4
15 4 0 3
15 5 0 3
15 6 0 3
15 7 0 3
15 8 0 3
15 9 0 3
15 10 0 3
15 11 0 3
15 12 0 3
15 13 0 3
15 14 0 3
15 15 0 3
15 16 0 3
15 17 0 3
15 18 0 3
15 19 0 3
15 20 0 3
15 21 0 3
15 22 0 3
15 23 0 3
15 24 0 3
15 25 0 3
15 26 0 3
15 27 0 3
15 28 0 3
15 29 0 3
15 30 0 3
15 31 0 3
15 32 0 3
15 33 0 3
15 34 0 3
15 35 0 3
15 36 0 3
15 37 0 3
15 38 0 3
15 39 0 3
15 40 0 3
15 41 0 3
15 42 0 3
15 43 0 3
15 44 0 3
15 45 0 3
15 46 0 3
15 47 0 3
15 48 0 3
15 49 0 3
15 50 1 4
15 51 5 10
15 52 2 7
15 53 0 4
15 54 5 8
15 55 2 5
15 56 5 13
15 57 5 11
15 58 5 11
15 59 4 8
15 60 1 6
15 61 1 2
15 62 1 2
15 63 0 2
15 64 1 3
15 65 1 2
15 66 2 5
15 67 1 3
15 68 1 3
15 69 1 2
15 70 1 2
15 71 1 2
15 72 1 2
15 73 1 2
15 74 1 2
15 75 1 2
15 76 2 8
15 77 4 7
15 78 4 8
15 79 3 8
15 80 4 10
15 81 4 11
15 82 4 10
15 83 2 5
15 84 1 4
15 85 2 7
15 86 5 11
15 87 1 4
15 88 0 3
15 89 1 6
15 90 0 3
15 91 1 5
15 92 2 8
15 93 0 5
15 94 5 10
15 95 4 8
15 96 1 2
15 97 5 11
15 98 1 2
15 99 3 7
15 100 1 5
16 1 0 3
16 2 0 3
16 3 0 3
16 4 0 3
16 5 0 3
16 6 0 3
16 7 0 3
16 8 0 3
16 9 0 3
16 10 1 3
16 11 4 9
16 12 2 7
16 13 0 3
16 14 0 3
16 15 0 3
16 16 0 3
16 17 0 3
16 18 0 3
16 19 0 3
16 20 0 3
16 21 0 3
16 22 0 3
16 23 0 3
16 24 0 3
16 25 0 3
16 26 0 3
16 27 0 3
16 28 0 3
16 29 0 3
16 30 0 3
16 31 0 3
16 32 0 3
16 33 0 3
16 34 0 3
16 35 0 3
16 36 0 3
16 37 0 3
16 38 0 3
16 39 0 3
16 40 0 3
16 41 0 3
16 42 0 3
16 43 0 3
16 44 0 3
16 45 0 3
16 46 0 3
16 47 0 3
16 48 0 3
16 49 0 3
16 50 0 3
16 51 0 3
16 52 0 3
16 53 0 3
16 54 0 3
16 55 0 3
16 56 0 3
16 57 0 3
16 58 0 3
16 59 0 3
16 60 0 3
16 61 0 3
16 62 5 10
16 63 3 4
16 64 4 13
16 65 3 7
16 66 0 4
16 67 2 7
16 68 4 8
16 69 1 5
16 70 2 4
16 71 1 3
16 72 1 3
16 73 2 5
16 74 1 8
16 75 3 9
16 76 0 3
16 77 2 9
16 78 1 2
16 79 1 2
16 80 1 2
16 81 1 2
16 82 1 2
16 83 1 2
16 84 1 2
16 85 3 9
16 86 0 2
16 87 1 2
16 88 0 4
16 89 1 2
16 90 1 2
16 91 2 8
16 92 4 11
16 93 1 7
16 94 5 10
16 95 1 5
16 96 7 14
16 97 1 2
16 98 4 13
16 99 3 7
16 100 3 11
17 1 1 3
17 2 0 4
17 3 1 2
17 4 0 3
17 5 0 3
17 6 0 3
17 7 0 3
17 8 0 3
17 9 0 3
17 10 0 3
17 11 0 3
17 12 0 3
17 13 0 3
17 14 0 3
17 15 0 3
17 16 0 3
17 17 0 3
17 18 0 3
17 19 0 3
17 20 0 3
17 21 0 3
17 22 0 3
17 23 0 3
17 24 0 3
17 25 0 3
17 26 0 3
17 27 0 3
17 28 0 3
17 29 0 3
17 30 0 3
17 31 0 3
17 32 0 3
17 33 0 3
17 34 0 3
17 35 0 3
17 36 0 3
17 37 0 3
17 38 0 3
17 39 0 3
17 40 0 3
17 41 0 3
17 42 0 3
17 43 0 3
17 44 0 3
17 45 0 3
17 46 0 3
17 47 0 3
17 48 0 3
17 49 0 3
17 50 0 3
17 51 0 3
17 52 0 3
17 53 0 3
17 54 0 3
17 55 0 3
17 56 0 3
17 57 0 3
17 58 0 3
17 59 0 3
17 60 0 3
17 61 0 3
17 62 0 3
17 63 0 3
17 64 0 3
17 65 2 7
17 66 4 9
17 67 1 5
17 68 2 10
17 69 3 9
17 70 4 9
17 71 2 3
17 72 8 11
17 73 3 5
17 74 3 4
17 75 4 10
17 76 7 13
17 77 1 3
17 78 1 3
17 79 2 4
17 80 0 3
17 81 0 3
17 82 0 3
17 83 0 3
17 84 1 2
17 85 0 3
17 86 1 2
17 87 0 3
17 88 2 7
17 89 4 9
17 90 3 10
17 91 3 8
17 92 3 7
17 93 0 4
17 94 0 3
17 95 0 3
17 96 1 5
17 97 4 12
17 98 3 10
17 99 1 2
17 100 3 10
18 1 1 3
18 2 3 4
18 3 1 2
18 4 3 9
18 5 0 4
18 6 1 9
18 7 0 3
18 8 0 3
18 9 0 3
18 10 0 3
18 11 0 3
18 12 0 3
18 13 0 3
18 14 0 3
18 15 0 3
18 16 0 3
18 17 3 4
18 18 3 4
18 19 0 3
18 20 3 6
18 21 3 13
18 22 0 3
18 23 0 3
18 24 0 3
18 25 0 3
18 26 0 3
18 27 0 3
18 28 0 3
18 29 0 3
18 30 0 3
18 31 0 3
18 32 0 3
18 33 0 3
18 34 0 3
18 35 0 3
18 36 0 3
18 37 0 3
18 38 0 3
18 39 0 3
18 40 0 3
18 41 0 3
18 42 0 3
18 43 0 3
18 44 0 3
18 45 0 3
18 46 0 3
18 47 0 3
18 48 0 3
18 49 0 3
18 50 0 3
18 51 4 9
18 52 0 3
18 53 0 3
18 54 0 3
18 55 0 3
18 56 0 3
18 57 0 3
18 58 0 3
18 59 0 3
18 60 0 3
18 61 0 3
18 62 0 3
18 63 0 3
18 64 0 3
18 65 0 3
18 66 0 3
18 67 0 3
18 68 0 3
18 69 0 3
18 70 0 3
18 71 0 3
18 72 0 3
18 73 0 3
18 74 0 3
18 75 0 3
18 76 3 10
18 77 3 5
18 78 1 12
18 79 6 12
18 80 2 4
18 81 8 13
18 82 1 6
18 83 2 3
18 84 1 3
18 85 1 3
18 86 1 3
18 87 2 5
18 88 0 3
18 89 0 3
18 90 1 5
18 91 0 3
18 92 0 7
18 93 0 3
18 94 8 11
18 95 5 10
18 96 0 4
18 97 4 11
18 98 0 3
18 99 0 3
18 100 4 11
19 1 2 3
19 2 4 5
19 3 0 3
19 4 0 3
19 5 0 3
19 6 0 3
19 7 0 3
19 8 0 3
19 9 0 3
19 10 0 3
19 11 0 3
19 12 0 3
19 13 0 3
19 14 0 3
19 15 0 3
19 16 0 3
19 17 0 3
19 18 0 3
19 19 0 3
19 20 0 3
19 21 0 3
19 22 0 3
19 23 0 3
19 24 0 3
19 25 0 3
19 26 0 3
19 27 0 3
19 28 0 3
19 29 0 3
19 30 0 3
19 31 0 3
19 32 0 3
19 33 0 3
19 34 0 3
19 35 0 3
19 36 0 3
19 37 0 3
19 38 0 3
19 39 0 3
19 40 0 3
19 41 0 3
19 42 0 3
19 43 2 6
19 44 3 4
19 45 0 3
19 46 0 3
19 47 0 3
19 48 0 3
19 49 0 3
19 50 0 3
19 51 0 3
19 52 0 3
19 53 0 3
19 54 0 3
19 55 3 6
19 56 0 3
19 57 0 3
19 58 0 3
19 59 0 3
19 60 3 9
19 61 3 8
19 62 3 13
19 63 1 3
19 64 1 3
19 65 1 3
19 66 1 3
19 67 0 4
19 68 1 9
19 69 2 8
19 70 5 10
19 71 8 13
19 72 3 13
19 73 3 4
19 74 3 4
19 75 3 4
19 76 2 7
19 77 1 2
19 78 4 6
19 79 0 3
19 80 0 3
19 81 0 3
19 82 0 2
19 83 0 3
19 84 0 3
19 85 0 3
19 86 1 4
19 87 0 3
19 88 0 2
19 89 3 6
19 90 0 3
19 91 0 2
19 92 3 10
19 93 1 11
19 94 3 12
19 95 3 9
19 96 1 5
19 97 3 13
19 98 5 11
19 99 1 2
19 100 0 2
20 1 4 5
20 2 0 3
20 3 0 3
20 4 0 3
20 5 0 3
20 6 0 3
20 7 0 3
20 8 0 3
20 9 0 3
20 10 0 3
20 11 0 3
20 12 0 3
20 13 0 3
20 14 0 3
20 15 0 3
20 16 0 3
20 17 0 3
20 18 0 3
20 19 0 3
20 20 0 3
20 21 0 3
20 22 0 3
20 23 0 3
20 24 0 3
20 25 0 3
20 26 0 3
20 27 0 3
20 28 0 3
20 29 0 3
20 30 0 3
20 31 0 3
20 32 0 3
20 33 0 3
20 34 0 3
20 35 0 3
20 36 0 3
20 37 0 3
20 38 0 3
20 39 0 3
20 40 0 3
20 41 0 3
20 42 0 3
20 43 0 3
20 44 0 3
20 45 0 3
20 46 0 3
20 47 0 3
20 48 0 3
20 49 5 9
20 50 1 3
20 51 0 3
20 52 0 3
20 53 0 3
20 54 0 3
20 55 0 3
20 56 0 3
20 57 0 3
20 58 0 3
20 59 0 3
20 60 0 3
20 61 0 3
20 62 2 3
20 63 5 8
20 64 3 13
20 65 2 5
20 66 2 4
20 67 10 13
20 68 1 2
20 69 2 4
20 70 4 6
20 71 3 6
20 72 1 3
20 73 2 4
20 74 3 4
20 75 0 2
20 76 0 2
20 77 8 14
20 78 1 4
20 79 0 3
20 80 0 3
20 81 0 4
20 82 0 4
20 83 2 12
20 84 0 3
20 85 0 2
20 86 0 2
20 87 3 6
20 88 3 5
20 89 1 9
20 90 0 3
20 91 0 3
20 92 1 3
20 93 3 4
20 94 2 9
20 95 9 13
20 96 3 9
20 97 4 10
20 98 1 7
20 99 0 4
20 100 1 6
21 1 3 14
21 2 2 8
21 3 0 4
21 4 2 5
21 5 0 3
21 6 0 3
21 7 0 3
21 8 0 3
21 9 0 3
21 10 0 3
21 11 0 3
21 12 0 3
21 13 0 3
21 14 0 3
21 15 0 3
21 16 0 3
21 17 0 3
21 18 0 3
21 19 0 3
21 20 0 3
21 21 0 3
21 22 0 3
21 23 0 3
21 24 0 3
21 25 0 3
21 26 0 3
21 27 0 3
21 28 0 3
21 29 0 3
21 30 0 3
21 31 0 3
21 32 0 3
21 33 0 3
21 34 0 3
21 35 0 3
21 36 0 3
21 37 0 3
21 38 0 3
21 39 0 3
21 40 0 3
21 41 0 3
21 42 2 7
21 43 0 3
21 44 0 3
21 45 0 3
21 46 0 3
21 47 0 3
21 48 0 3
21 49 0 3
21 50 0 3
21 51 0 3
21 52 0 3
21 53 0 3
21 54 0 3
21 55 0 3
21 56 0 3
21 57 0 3
21 58 2 8
21 59 0 3
21 60 0 3
21 61 0 3
21 62 0 3
21 63 0 3
21 64 0 3
21 65 0 3
21 66 0 3
21 67 4 5
21 68 5 11
21 69 3 4
21 70 1 5
21 71 2 3
21 72 2 3
21 73 2 3
21 74 5 12
21 75 2 4
21 76 4 9
21 77 19 13
21 78 2 4
21 79 4 10
21 80 1 3
21 81 0 3
21 82 7 10
21 83 0 3
21 84 3 9
21 85 0 4
21 86 2 12
21 87 0 3
21 88 0 2
21 89 0 3
21 90 0 3
21 91 0 5
21 92 3 14
21 93 3 9
21 94 3 11
21 95 4 8
21 96 2 5
21 97 0 3
21 98 6 13
21 99 0 3
21 100 7 11
22 1 1 5
22 2 0 5
22 3 3 14
22 4 0 3
22 5 0 3
22 6 0 3
22 7 0 3
22 8 0 3
22 9 0 3
22 10 0 3
22 11 0 3
22 12 0 3
22 13 0 3
22 14 0 3
22 15 0 3
22 16 0 3
22 17 0 3
22 18 0 3
22 19 0 3
22 20 0 3
22 21 0 3
22 22 0 3
22 23 0 3
22 24 0 3
22 25 0 3
22 26 0 3
22 27 0 3
22 28 0 3
22 29 0 3
22 30 0 3
22 31 0 3
22 32 0 3
22 33 0 3
22 34 0 3
22 35 0 3
22 36 0 3
22 37 0 3
22 38 0 3
22 39 0 3
22 40 0 3
22 41 0 3
22 42 0 3
22 43 0 3
22 44 0 3
22 45 0 3
22 46 0 3
22 47 0 3
22 48 0 3
22 49 0 3
22 50 0 3
22 51 0 3
22 52 0 3
22 53 0 3
22 54 0 3
22 55 0 3
22 56 0 3
22 57 0 3
22 58 0 3
22 59 3 8
22 60 2 5
22 61 2 5
22 62 2 4
22 63 4 9
22 64 2 8
22 65 0 3
22 66 0 3
22 67 0 3
22 68 0 3
22 69 0 3
22 70 2 6
22 71 3 7
22 72 2 8
22 73 1 3
22 74 2 5
22 75 4 12
22 76 2 4
22 77 0 4
22 78 3 6
22 79 0 4
22 80 0 3
22 81 0 3
22 82 0 3
22 83 0 2
22 84 0 2
22 85 0 2
22 86 0 2
22 87 1 3
22 88 0 3
22 89 3 11
22 90 1 7
22 91 5 11
22 92 3 10
22 93 0 3
22 94 0 3
22 95 5 12
22 96 2 3
22 97 3 11
22 98 3 10
22 99 0 3
22 100 0 3
23 1 1 5
23 2 2 3
23 3 0 3
23 4 0 3
23 5 0 3
23 6 3 7
23 7 4 9
23 8 0 5
23 9 0 3
23 10 0 3
23 11 0 3
23 12 0 3
23 13 0 3
23 14 0 3
23 15 0 3
23 16 0 3
23 17 0 3
23 18 0 3
23 19 0 3
23 20 0 3
23 21 0 3
23 22 0 3
23 23 0 3
23 24 0 3
23 25 0 3
23 26 0 3
23 27 0 3
23 28 0 3
23 29 0 3
23 30 0 3
23 31 0 3
23 32 0 3
23 33 0 3
23 34 0 3
23 35 0 3
23 36 0 3
23 37 0 3
23 38 0 3
23 39 0 3
23 40 0 3
23 41 0 3
23 42 0 3
23 43 0 3
23 44 0 3
23 45 0 3
23 46 0 3
23 47 0 3
23 48 0 3
23 49 0 3
23 50 0 3
23 51 0 3
23 52 0 3
23 53 0 3
23 54 0 3
23 55 0 3
23 56 0 3
23 57 0 3
23 58 0 3
23 59 0 3
23 60 0 3
23 61 0 3
23 62 4 11
23 63 1 3
23 64 1 3
23 65 2 8
23 66 6 13
23 67 3 7
23 68 4 12
23 69 3 14
23 70 3 12
23 71 4 11
23 72 5 15
23 73 1 3
23 74 1 3
23 75 1 3
23 76 3 5
23 77 8 14
23 78 3 9
23 79 4 12
23 80 4 7
23 81 0 3
23 82 0 3
23 83 0 3
23 84 0 3
23 85 0 3
23 86 0 4
23 87 0 2
23 88 2 7
23 89 0 3
23 90 1 4
23 91 4 9
23 92 0 3
23 93 0 3
23 94 2 8
23 95 5 11
23 96 1 3
23 97 3 15
23 98 2 9
23 99 2 3
23 100 0 2
24 1 1 5
24 2 0 5
24 3 0 3
24 4 0 3
24 5 0 3
24 6 0 3
24 7 0 3
24 8 0 3
24 9 0 3
24 10 0 3
24 11 0 3
24 12 0 3
24 13 0 3
24 14 0 3
24 15 0 3
24 16 0 3
24 17 0 3
24 18 0 3
24 19 0 3
24 20 0 3
24 21 0 3
24 22 0 3
24 23 0 3
24 24 0 3
24 25 0 3
24 26 0 3
24 27 0 3
24 28 0 3
24 29 0 3
24 30 0 3
24 31 0 3
24 32 0 3
24 33 0 3
24 34 0 3
24 35 0 3
24 36 0 3
24 37 0 3
24 38 0 3
24 39 0 3
24 40 0 3
24 41 0 3
24 42 0 3
24 43 0 3
24 44 0 3
24 45 0 3
24 46 0 3
24 47 0 3
24 48 0 3
24 49 0 3
24 50 0 3
24 51 0 3
24 52 0 3
24 53 0 3
24 54 0 10
24 55 0 3
24 56 0 3
24 57 0 3
24 58 0 3
24 59 0 3
24 60 0 3
24 61 0 3
24 62 0 3
24 63 0 3
24 64 0 3
24 65 0 3
24 66 0 3
24 67 4 9
24 68 2 12
24 69 7 11
24 70 5 8
24 71 3 7
24 72 2 3
24 73 6 9
24 74 3 10
24 75 2 3
24 76 2 3
24 77 4 9
24 78 5 10
24 79 5 11
24 80 1 3
24 81 1 3
24 82 1 3
24 83 0 3
24 84 4 7
24 85 7 13
24 86 5 10
24 87 3 12
24 88 3 12
24 89 2 4
24 90 0 3
24 91 0 3
24 92 0 3
24 93 0 3
24 94 0 3
24 95 5 13
24 96 0 3
24 97 0 3
24 98 0 3
24 99 3 4
24 100 4 12
25 1 0 5
25 2 1 5
25 3 1 3
25 4 1 3
25 5 0 5
25 6 0 5
25 7 0 3
25 8 0 3
25 9 0 3
25 10 0 3
25 11 0 3
25 12 0 3
25 13 0 3
25 14 0 3
25 15 0 3
25 16 0 3
25 17 0 3
25 18 0 3
25 19 0 3
25 20 0 3
25 21 0 3
25 22 0 3
25 23 0 3
25 24 0 3
25 25 0 3
25 26 0 3
25 27 0 3
25 28 0 3
25 29 0 3
25 30 0 3
25 31 0 3
25 32 0 3
25 33 0 3
25 34 0 3
25 35 0 3
25 36 0 3
25 37 0 3
25 38 0 3
25 39 0 3
25 40 0 3
25 41 0 3
25 42 0 3
25 43 0 3
25 44 0 3
25 45 0 3
25 46 0 3
25 47 0 3
25 48 0 3
25 49 0 3
25 50 0 3
25 51 0 3
25 52 0 3
25 53 0 3
25 54 0 3
25 55 0 3
25 56 0 3
25 57 0 3
25 58 0 3
25 59 0 3
25 60 3 4
25 61 2 11
25 62 2 4
25 63 1 8
25 64 1 3
25 65 5 9
25 66 4 5
25 67 5 11
25 68 2 3
25 69 2 3
25 70 2 3
25 71 2 6
25 72 3 11
25 73 4 7
25 74 4 13
25 75 1 3
25 76 1 3
25 77 5 15
25 78 10 11
25 79 1 4
25 80 4 13
25 81 0 3
25 82 0 3
25 83 0 3
25 84 0 3
25 85 3 11
25 86 2 6
25 87 4 13
25 88 0 3
25 89 0 3
25 90 4 14
25 91 2 7
25 92 4 9
25 93 6 13
25 94 2 11
25 95 4 11
25 96 6 12
25 97 2 4
25 98 1 12
25 99 0 3
25 100 3 10
26 1 1 5
26 2 1 3
26 3 1 3
26 4 1 4
26 5 1 3
26 6 1 3
26 7 0 5
26 8 0 5
26 9 0 3
26 10 0 3
26 11 0 3
26 12 0 3
26 13 0 3
26 14 0 3
26 15 0 3
26 16 0 3
26 17 0 3
26 18 0 3
26 19 0 3
26 20 0 3
26 21 0 3
26 22 0 3
26 23 0 3
26 24 0 3
26 25 0 3
26 26 0 3
26 27 0 3
26 28 0 3
26 29 0 3
26 30 0 3
26 31 0 3
26 32 0 3
26 33 0 3
26 34 0 3
26 35 0 3
26 36 0 3
26 37 0 3
26 38 0 3
26 39 0 3
26 40 0 3
26 41 0 3
26 42 0 3
26 43 0 3
26 44 0 3
26 45 0 3
26 46 0 3
26 47 0 3
26 48 0 3
26 49 0 3
26 50 0 3
26 51 0 3
26 52 0 3
26 53 0 3
26 54 0 3
26 55 0 3
26 56 0 5
26 57 1 7
26 58 0 4
26 59 1 7
26 60 5 13
26 61 3 7
26 62 4 12
26 63 3 11
26 64 3 10
26 65 4 15
26 66 2 3
26 67 2 3
26 68 2 3
26 69 2 3
26 70 3 11
26 71 6 14
26 72 2 5
26 73 1 4
26 74 1 3
26 75 1 3
26 76 1 3
26 77 2 8
26 78 1 3
26 79 3 10
26 80 3 10
26 81 0 5
26 82 2 4
26 83 0 3
26 84 2 9
26 85 2 3
26 86 0 3
26 87 0 3
26 88 0 3
26 89 0 2
26 90 4 10
26 91 5 8
26 92 2 13
26 93 1 6
26 94 3 9
26 95 7 11
26 96 3 15
26 97 0 3
26 98 5 7
26 99 3 4
26 100 0 3
27 1 0 4
27 2 0 5
27 3 0 3
27 4 0 3
27 5 0 3
27 6 0 3
27 7 0 3
27 8 0 3
27 9 0 3
27 10 0 3
27 11 0 3
27 12 0 3
27 13 0 3
27 14 0 3
27 15 0 3
27 16 0 3
27 17 0 3
27 18 0 3
27 19 0 3
27 20 0 3
27 21 0 3
27 22 0 3
27 23 0 3
27 24 0 3
27 25 0 3
27 26 0 3
27 27 0 3
27 28 0 3
27 29 0 3
27 30 0 3
27 31 0 3
27 32 0 3
27 33 0 3
27 34 0 3
27 35 0 3
27 36 0 3
27 37 0 3
27 38 0 3
27 39 0 3
27 40 0 3
27 41 0 3
27 42 0 3
27 43 0 3
27 44 0 3
27 45 0 3
27 46 0 3
27 47 0 3
27 48 0 3
27 49 0 3
27 50 1 6
27 51 0 5
27 52 3 8
27 53 1 4
27 54 1 3
27 55 1 3
27 56 1 3
27 57 2 6
27 58 1 3
27 59 2 3
27 60 2 7
27 61 1 5
27 62 1 3
27 63 1 3
27 64 1 3
27 65 3 6
27 66 6 15
27 67 3 11
27 68 4 15
27 69 6 10
27 70 2 7
27 71 1 3
27 72 1 3
27 73 1 3
27 74 1 3
27 75 1 3
27 76 1 4
27 77 0 3
27 78 2 3
27 79 2 3
27 80 1 3
27 81 0 3
27 82 5 12
27 83 1 11
27 84 4 9
27 85 0 3
27 86 4 10
27 87 0 3
27 88 0 3
27 89 10 13
27 90 1 13
27 91 4 11
27 92 6 10
27 93 5 10
27 94 4 7
27 95 1 3
27 96 2 9
27 97 4 10
27 98 0 3
27 99 5 12
27 100 3 12
28 1 1 3
28 2 1 3
28 3 1 3
28 4 1 3
28 5 1 6
28 6 0 5
28 7 0 5
28 8 0 3
28 9 0 3
28 10 0 3
28 11 0 3
28 12 0 3
28 13 0 3
28 14 0 3
28 15 0 3
28 16 0 3
28 17 0 3
28 18 0 3
28 19 0 3
28 20 0 3
28 21 0 3
28 22 0 3
28 23 0 3
28 24 0 3
28 25 0 3
28 26 0 3
28 27 0 3
28 28 0 3
28 29 0 3
28 30 0 3
28 31 0 3
28 32 0 3
28 33 0 3
28 34 0 3
28 35 0 3
28 36 0 3
28 37 0 3
28 38 0 3
28 39 0 3
28 40 0 3
28 41 0 3
28 42 0 3
28 43 0 3
28 44 0 3
28 45 0 3
28 46 0 3
28 47 0 3
28 48 0 3
28 49 0 3
28 50 0 3
28 51 0 3
28 52 0 3
28 53 0 3
28 54 0 3
28 55 0 3
28 56 0 3
28 57 0 3
28 58 0 3
28 59 0 3
28 60 0 3
28 61 0 3
28 62 4 11
28 63 0 4
28 64 0 4
28 65 4 10
28 66 3 10
28 67 3 5
28 68 5 10
28 69 4 11
28 70 4 9
28 71 1 7
28 72 3 5
28 73 2 3
28 74 5 9
28 75 4 6
28 76 1 3
28 77 1 3
28 78 1 3
28 79 1 4
28 80 1 3
28 81 1 3
28 82 0 3
28 83 4 9
28 84 3 8
28 85 2 5
28 86 0 3
28 87 1 3
28 88 0 3
28 89 1 11
28 90 2 5
28 91 4 12
28 92 3 12
28 93 0 3
28 94 0 3
28 95 5 13
28 96 9 10
28 97 3 10
28 98 1 7
28 99 2 3
28 100 5 11
29 1 1 3
29 2 1 3
29 3 1 3
29 4 1 3
29 5 1 3
29 6 1 3
29 7 1 3
29 8 3 7
29 9 2 10
29 10 2 7
29 11 1 7
29 12 1 6
29 13 1 3
29 14 4 12
29 15 1 4
29 16 1 4
29 17 1 4
29 18 2 10
29 19 4 13
29 20 5 12
29 21 0 5
29 22 0 3
29 23 0 3
29 24 0 3
29 25 0 3
29 26 0 3
29 27 0 3
29 28 0 3
29 29 0 3
29 30 0 3
29 31 0 3
29 32 0 3
29 33 0 3
29 34 0 3
29 35 0 3
29 36 0 3
29 37 0 3
29 38 0 3
29 39 0 3
29 40 0 3
29 41 0 3
29 42 0 3
29 43 0 3
29 44 0 3
29 45 0 3
29 46 0 3
29 47 0 3
29 48 0 3
29 49 0 3
29 50 0 3
29 51 0 3
29 52 0 3
29 53 0 3
29 54 0 3
29 55 0 3
29 56 0 3
29 57 0 3
29 58 0 3
29 59 0 3
29 60 0 3
29 61 0 3
29 62 0 3
29 63 0 3
29 64 0 3
29 65 0 3
29 66 0 3
29 67 3 10
29 68 1 4
29 69 2 11
29 70 4 8
29 71 1 3
29 72 0 5
29 73 4 13
29 74 3 7
29 75 2 3
29 76 2 3
29 77 5 14
29 78 5 11
29 79 4 8
29 80 3 9
29 81 4 9
29 82 3 7
29 83 0 3
29 84 1 3
29 85 0 2
29 86 0 3
29 87 0 3
29 88 1 9
29 89 1 4
29 90 4 11
29 91 1 6
29 92 6 9
29 93 4 12
29 94 0 5
29 95 0 3
29 96 0 3
29 97 0 3
29 98 1 4
29 99 2 11
29 100 5 12
30 1 2 10
30 2 1 7
30 3 1 3
30 4 1 3
30 5 1 3
30 6 1 3
30 7 1 3
30 8 1 3
30 9 1 3
30 10 1 3
30 11 1 3
30 12 1 3
30 13 1 3
30 14 1 3
30 15 1 3
30 16 3 7
30 17 2 7
30 18 1 4
30 19 1 6
30 20 2 6
30 21 1 3
30 22 1 5
30 23 0 3
30 24 0 3
30 25 0 3
30 26 0 3
30 27 0 3
30 28 0 3
30 29 0 3
30 30 0 3
30 31 0 3
30 32 0 3
30 33 0 3
30 34 0 3
30 35 0 3
30 36 0 3
30 37 0 3
30 38 0 3
30 39 0 3
30 40 0 3
30 41 0 3
30 42 0 3
30 43 0 3
30 44 0 3
30 45 0 3
30 46 0 3
30 47 0 3
30 48 0 3
30 49 0 3
30 50 0 3
30 51 0 3
30 52 4 7
30 53 0 3
30 54 0 3
30 55 0 3
30 56 0 3
30 57 0 3
30 58 0 3
30 59 0 3
30 60 0 3
30 61 0 3
30 62 0 3
30 63 0 5
30 64 2 5
30 65 2 10
30 66 0 3
30 67 2 4
30 68 1 7
30 69 4 12
30 70 1 3
30 71 7 14
30 72 4 10
30 73 2 3
30 74 4 13
30 75 1 4
30 76 1 4
30 77 1 4
30 78 5 12
30 79 3 6
30 80 1 4
30 81 0 3
30 82 0 3
30 83 0 3
30 84 3 13
30 85 6 8
30 86 3 7
30 87 4 7
30 88 0 3
30 89 1 3
30 90 0 3
30 91 5 14
30 92 5 9
30 93 3 9
30 94 2 14
30 95 0 3
30 96 0 3
30 97 0 3
30 98 1 3
30 99 1 4
30 100 4 11
31 1 1 4
31 2 2 7
31 3 8 10
31 4 1 3
31 5 1 3
31 6 1 3
31 7 1 3
31 8 1 3
31 9 1 3
31 10 1 3
31 11 1 3
31 12 1 3
31 13 1 3
31 14 1 3
31 15 1 3
31 16 1 3
31 17 1 3
31 18 1 3
31 19 1 3
31 20 1 3
31 21 1 3
31 22 1 3
31 23 1 3
31 24 1 3
31 25 2 10
31 26 1 7
31 27 3 7
31 28 4 11
31 29 1 6
31 30 1 6
31 31 1 3
31 32 1 3
31 33 1 5
31 34 2 9
31 35 3 11
31 36 4 11
31 37 1 5
31 38 0 3
31 39 0 3
31 40 0 3
31 41 0 3
31 42 0 3
31 43 0 3
31 44 0 3
31 45 0 3
31 46 0 3
31 47 0 3
31 48 0 3
31 49 0 3
31 50 0 3
31 51 0 3
31 52 0 3
31 53 0 3
31 54 0 3
31 55 0 3
31 56 0 3
31 57 0 3
31 58 0 3
31 59 0 3
31 60 0 3
31 61 0 3
31 62 0 3
31 63 0 3
31 64 0 3
31 65 0 3
31 66 0 3
31 67 0 4
31 68 2 6
31 69 2 4
31 70 0 3
31 71 6 11
31 72 3 4
31 73 2 5
31 74 2 3
31 75 1 3
31 76 2 7
31 77 1 3
31 78 2 3
31 79 1 4
31 80 0 3
31 81 0 3
31 82 0 3
31 83 0 3
31 84 1 5
31 85 0 3
31 86 0 3
31 87 0 3
31 88 0 2
31 89 0 3
31 90 1 3
31 91 2 8
31 92 1 9
31 93 3 10
31 94 0 3
31 95 1 3
31 96 2 12
31 97 3 10
31 98 4 6
31 99 3 13
31 100 1 4
32 1 2 10
32 2 1 7
32 3 1 3
32 4 3 7
32 5 1 3
32 6 1 3
32 7 1 3
32 8 1 3
32 9 1 3
32 10 1 3
32 11 1 3
32 12 1 3
32 13 1 3
32 14 1 3
32 15 1 3
32 16 1 3
32 17 1 3
32 18 1 3
32 19 1 3
32 20 1 3
32 21 1 3
32 22 1 3
32 23 1 3
32 24 1 3
32 25 1 3
32 26 1 3
32 27 1 3
32 28 1 3
32 29 1 3
32 30 1 3
32 31 1 3
32 32 1 3
32 33 1 3
32 34 1 3
32 35 1 3
32 36 1 3
32 37 1 6
32 38 2 7
32 39 8 10
32 40 1 3
32 41 4 11
32 42 1 6
32 43 0 3
32 44 1 4
32 45 1 4
32 46 1 5
32 47 1 3
32 48 0 3
32 49 0 3
32 50 0 3
32 51 0 3
32 52 0 3
32 53 0 3
32 54 0 3
32 55 0 3
32 56 0 3
32 57 0 3
32 58 0 3
32 59 0 3
32 60 0 3
32 61 0 3
32 62 0 3
32 63 0 3
32 64 0 3
32 65 0 3
32 66 0 3
32 67 4 11
32 68 2 10
32 69 5 14
32 70 3 10
32 71 2 3
32 72 2 3
32 73 2 3
32 74 2 3
32 75 1 7
32 76 5 14
32 77 2 8
32 78 2 5
32 79 5 10
32 80 1 4
32 81 1 3
32 82 0 3
32 83 0 3
32 84 0 8
32 85 0 3
32 86 1 3
32 87 1 2
32 88 0 3
32 89 3 4
32 90 1 11
32 91 1 3
32 92 1 7
32 93 0 7
32 94 2 9
32 95 4 11
32 96 3 4
32 97 2 3
32 98 6 13
32 99 0 3
32 100 0 2
33 1 1 7
33 2 2 10
33 3 3 7
33 4 1 3
33 5 1 3
33 6 7 11
33 7 1 3
33 8 1 3
33 9 1 3
33 10 1 3
33 11 1 3
33 12 1 3
33 13 1 3
33 14 1 3
33 15 1 3
33 16 1 3
33 17 1 3
33 18 1 3
33 19 1 3
33 20 1 3
33 21 1 3
33 22 1 3
33 23 1 3
33 24 1 3
33 25 1 3
33 26 1 3
33 27 1 3
33 28 1 3
33 29 1 3
33 30 1 3
33 31 1 3
33 32 1 3
33 33 1 3
33 34 1 3
33 35 1 3
33 36 1 3
33 37 1 3
33 38 1 3
33 39 1 3
33 40 1 3
33 41 1 3
33 42 1 3
33 43 1 3
33 44 1 3
33 45 1 3
33 46 1 3
33 47 1 3
33 48 1 3
33 49 1 3
33 50 1 3
33 51 1 3
33 52 4 9
33 53 1 4
33 54 4 11
33 55 1 3
33 56 3 6
33 57 3 5
33 58 6 8
33 59 0 11
33 60 1 3
33 61 1 2
33 62 0 3
33 63 0 3
33 64 0 3
33 65 0 3
33 66 0 3
33 67 0 3
33 68 0 3
33 69 0 3
33 70 0 3
33 71 0 3
33 72 0 5
33 73 1 3
33 74 9 14
33 75 3 7
33 76 2 6
33 77 2 3
33 78 4 8
33 79 5 9
33 80 0 3
33 81 4 14
33 82 1 3
33 83 1 4
33 84 2 3
33 85 1 3
33 86 1 6
33 87 4 12
33 88 1 4
33 89 4 10
33 90 1 5
33 91 5 13
33 92 1 3
33 93 3 5
33 94 2 12
33 95 2 5
33 96 3 4
33 97 2 3
33 98 2 3
33 99 5 11
33 100 0 3
34 1 1 3
34 2 1 3
34 3 1 3
34 4 1 3
34 5 1 3
34 6 1 3
34 7 1 3
34 8 1 3
34 9 1 3
34 10 1 3
34 11 1 3
34 12 1 3
34 13 1 3
34 14 1 3
34 15 1 3
34 16 1 3
34 17 1 3
34 18 1 3
34 19 1 3
34 20 1 3
34 21 1 3
34 22 1 3
34 23 1 3
34 24 1 3
34 25 1 3
34 26 1 3
34 27 1 3
34 28 1 3
34 29 1 3
34 30 1 3
34 31 1 3
34 32 1 3
34 33 1 3
34 34 1 3
34 35 1 3
34 36 1 3
34 37 1 3
34 38 1 3
34 39 1 3
34 40 1 3
34 41 1 3
34 42 1 3
34 43 1 3
34 44 1 3
34 45 1 3
34 46 1 3
34 47 1 3
34 48 1 3
34 49 1 3
34 50 1 7
34 51 2 10
34 52 3 7
34 53 6 8
34 54 5 9
34 55 1 3
34 56 1 3
34 57 7 11
34 58 1 3
34 59 1 4
34 60 1 3
34 61 7 11
34 62 8 10
34 63 1 3
34 64 1 3
34 65 1 3
34 66 4 9
34 67 1 4
34 68 0 3
34 69 0 3
34 70 0 3
34 71 0 3
34 72 0 3
34 73 0 3
34 74 4 9
34 75 5 10
34 76 2 3
34 77 1 4
34 78 1 4
34 79 5 10
34 80 2 5
34 81 0 3
34 82 0 3
34 83 2 10
34 84 1 5
34 85 1 4
34 86 1 3
34 87 1 3
34 88 1 3
34 89 0 3
34 90 2 7
34 91 4 9
34 92 3 10
34 93 7 11
34 94 4 13
34 95 5 10
34 96 2 11
34 97 1 3
34 98 5 13
34 99 3 10
34 100 2 3
35 1 0 3
35 2 0 3
35 3 1 3
35 4 1 3
35 5 1 3
35 6 1 3
35 7 1 3
35 8 1 3
35 9 1 3
35 10 1 3
35 11 1 3
35 12 1 3
35 13 1 3
35 14 1 3
35 15 1 3
35 16 1 3
35 17 1 3
35 18 1 3
35 19 1 3
35 20 1 3
35 21 1 3
35 22 1 3
35 23 1 3
35 24 1 3
35 25 1 3
35 26 1 3
35 27 1 3
35 28 1 3
35 29 1 3
35 30 1 3
35 31 1 3
35 32 1 3
35 33 1 3
35 34 1 3
35 35 1 3
35 36 1 3
35 37 1 3
35 38 1 3
35 39 1 3
35 40 1 3
35 41 1 3
35 42 1 3
35 43 1 3
35 44 1 3
35 45 1 3
35 46 1 3
35 47 1 3
35 48 1 3
35 49 1 3
35 50 1 3
35 51 1 3
35 52 1 3
35 53 1 3
35 54 1 3
35 55 1 3
35 56 1 3
35 57 1 3
35 58 1 3
35 59 1 3
35 60 1 3
35 61 1 3
35 62 1 3
35 63 1 5
35 64 4 6
35 65 1 3
35 66 1 3
35 67 1 3
35 68 1 4
35 69 1 4
35 70 3 11
35 71 0 3
35 72 9 11
35 73 5 10
35 74 4 8
35 75 8 13
35 76 5 11
35 77 4 13
35 78 1 3
35 79 1 12
35 80 5 12
35 81 1 3
35 82 1 3
35 83 0 3
35 84 8 10
35 85 3 8
35 86 0 3
35 87 1 3
35 88 1 3
35 89 1 3
35 90 1 3
35 91 1 9
35 92 7 9
35 93 5 10
35 94 1 4
35 95 5 13
35 96 5 11
35 97 5 10
35 98 1 3
35 99 2 11
35 100 3 11
36 1 1 3
36 2 1 3
36 3 1 3
36 4 1 3
36 5 1 3
36 6 1 3
36 7 1 3
36 8 1 3
36 9 1 3
36 10 1 3
36 11 1 3
36 12 1 3
36 13 1 3
36 14 1 3
36 15 1 3
36 16 1 3
36 17 1 3
36 18 1 3
36 19 1 3
36 20 1 3
36 21 1 3
36 22 1 3
36 23 1 3
36 24 1 3
36 25 1 3
36 26 1 3
36 27 1 3
36 28 1 3
36 29 1 3
36 30 1 3
36 31 1 3
36 32 1 3
36 33 1 3
36 34 1 3
36 35 1 3
36 36 1 3
36 37 1 3
36 38 1 3
36 39 1 3
36 40 1 3
36 41 1 3
36 42 1 3
36 43 1 3
36 44 1 3
36 45 1 3
36 46 1 3
36 47 1 3
36 48 1 3
36 49 1 3
36 50 1 3
36 51 1 3
36 52 1 3
36 53 1 3
36 54 1 3
36 55 1 3
36 56 1 3
36 57 1 3
36 58 1 3
36 59 1 3
36 60 1 3
36 61 1 3
36 62 3 8
36 63 4 10
36 64 1 4
36 65 1 3
36 66 1 3
36 67 1 5
36 68 0 3
36 69 0 3
36 70 0 3
36 71 0 3
36 72 6 8
36 73 4 8
36 74 4 9
36 75 4 14
36 76 4 7
36 77 0 3
36 78 0 3
36 79 3 12
36 80 1 3
36 81 1 3
36 82 0 3
36 83 1 3
36 84 1 3
36 85 1 3
36 86 3 5
36 87 1 5
36 88 3 6
36 89 1 3
36 90 1 3
36 91 1 3
36 92 0 3
36 93 1 3
36 94 0 3
36 95 4 12
36 96 0 3
36 97 5 14
36 98 4 10
36 99 4 13
36 100 4 10
37 1 1 4
37 2 1 3
37 3 1 3
37 4 1 3
37 5 1 3
37 6 1 3
37 7 1 3
37 8 1 3
37 9 1 3
37 10 1 3
37 11 1 3
37 12 1 3
37 13 1 3
37 14 1 3
37 15 1 3
37 16 1 3
37 17 1 3
37 18 1 3
37 19 1 3
37 20 1 3
37 21 1 3
37 22 1 3
37 23 1 3
37 24 1 3
37 25 1 3
37 26 1 3
37 27 1 3
37 28 1 3
37 29 1 3
37 30 1 3
37 31 1 3
37 32 1 3
37 33 1 3
37 34 1 3
37 35 1 3
37 36 1 3
37 37 1 3
37 38 1 3
37 39 1 3
37 40 1 3
37 41 1 3
37 42 1 3
37 43 1 3
37 44 1 3
37 45 1 3
37 46 1 3
37 47 1 3
37 48 1 3
37 49 1 3
37 50 1 3
37 51 1 3
37 52 1 3
37 53 1 3
37 54 1 3
37 55 1 3
37 56 1 3
37 57 1 3
37 58 1 3
37 59 1 3
37 60 1 3
37 61 1 3
37 62 1 3
37 63 1 3
37 64 1 3
37 65 1 3
37 66 2 13
37 67 6 11
37 68 4 9
37 69 5 8
37 70 5 11
37 71 0 3
37 72 2 5
37 73 0 3
37 74 0 3
37 75 0 3
37 76 4 9
37 77 0 6
37 78 1 3
37 79 1 3
37 80 0 3
37 81 2 5
37 82 1 3
37 83 7 10
37 84 3 12
37 85 0 3
37 86 2 5
37 87 3 6
37 88 1 5
37 89 1 8
37 90 3 4
37 91 1 3
37 92 5 13
37 93 0 3
37 94 2 6
37 95 2 6
37 96 0 4
37 97 1 7
37 98 5 12
37 99 3 11
37 100 3 4
38 1 2 6
38 2 1 3
38 3 1 3
38 4 1 3
38 5 1 3
38 6 1 3
38 7 1 3
38 8 1 3
38 9 1 3
38 10 1 3
38 11 1 3
38 12 1 3
38 13 1 3
38 14 1 3
38 15 1 3
38 16 1 3
38 17 1 3
38 18 1 3
38 19 1 3
38 20 1 3
38 21 1 3
38 22 1 3
38 23 1 3
38 24 1 3
38 25 1 3
38 26 1 3
38 27 1 3
38 28 1 3
38 29 1 3
38 30 1 3
38 31 1 3
38 32 1 3
38 33 1 3
38 34 1 3
38 35 1 3
38 36 1 3
38 37 1 3
38 38 1 3
38 39 1 3
38 40 1 3
38 41 1 3
38 42 1 3
38 43 1 3
38 44 1 3
38 45 1 3
38 46 1 3
38 47 1 3
38 48 1 3
38 49 1 3
38 50 1 3
38 51 1 3
38 52 1 3
38 53 1 3
38 54 1 3
38 55 1 3
38 56 1 3
38 57 1 3
38 58 1 3
38 59 1 3
38 60 1 3
38 61 1 3
38 62 1 3
38 63 1 3
38 64 1 3
38 65 1 3
38 66 1 3
38 67 4 6
38 68 1 6
38 69 1 3
38 70 1 4
38 71 5 7
38 72 4 10
38 73 2 5
38 74 2 13
38 75 0 3
38 76 1 2
38 77 2 3
38 78 0 3
38 79 0 3
38 80 1 3
38 81 1 3
38 82 1 4
38 83 6 10
38 84 0 6
38 85 5 10
38 86 7 12
38 87 0 4
38 88 0 3
38 89 2 9
38 90 1 3
38 91 1 3
38 92 1 3
38 93 3 6
38 94 5 15
38 95 4 11
38 96 0 3
38 97 4 13
38 98 5 11
38 99 3 15
38 100 5 11
39 1 0 3
39 2 1 3
39 3 1 3
39 4 1 3
39 5 1 3
39 6 1 3
39 7 1 3
39 8 1 3
39 9 1 3
39 10 1 3
39 11 1 3
39 12 1 3
39 13 1 3
39 14 1 3
39 15 1 3
39 16 1 3
39 17 1 3
39 18 1 3
39 19 1 3
39 20 1 3
39 21 1 3
39 22 1 3
39 23 1 3
39 24 1 3
39 25 1 3
39 26 1 3
39 27 1 3
39 28 1 3
39 29 1 3
39 30 1 3
39 31 1 3
39 32 1 3
39 33 1 4
39 34 3 7
39 35 1 3
39 36 1 3
39 37 1 3
39 38 1 3
39 39 1 3
39 40 1 3
39 41 1 3
39 42 1 4
39 43 1 3
39 44 1 3
39 45 1 3
39 46 1 3
39 47 1 3
39 48 1 3
39 49 1 3
39 50 1 3
39 51 1 3
39 52 1 3
39 53 1 3
39 54 1 3
39 55 1 3
39 56 1 3
39 57 1 3
39 58 1 3
39 59 1 3
39 60 3 8
39 61 1 3
39 62 1 3
39 63 1 3
39 64 1 7
39 65 1 3
39 66 1 3
39 67 1 3
39 68 1 3
39 69 1 3
39 70 1 3
39 71 1 3
39 72 1 3
39 73 1 3
39 74 1 3
39 75 5 8
39 76 1 3
39 77 7 13
39 78 4 12
39 79 5 9
39 80 2 7
39 81 6 10
39 82 6 12
39 83 1 3
39 84 1 3
39 85 1 3
39 86 5 11
39 87 2 6
39 88 2 4
39 89 3 11
39 90 1 2
39 91 0 3
39 92 0 3
39 93 1 5
39 94 0 4
39 95 6 9
39 96 2 10
39 97 3 4
39 98 1 2
39 99 1 8
39 100 0 5
40 1 5 12
40 2 1 3
40 3 1 3
40 4 1 3
40 5 1 3
40 6 1 3
40 7 1 3
40 8 1 3
40 9 1 3
40 10 1 3
40 11 1 3
40 12 1 3
40 13 1 3
40 14 1 3
40 15 1 3
40 16 1 3
40 17 1 3
40 18 1 3
40 19 1 3
40 20 1 3
40 21 1 3
40 22 1 3
40 23 1 3
40 24 1 3
40 25 1 3
40 26 1 3
40 27 1 3
40 28 1 3
40 29 1 3
40 30 1 3
40 31 1 3
40 32 1 3
40 33 1 3
40 34 1 3
40 35 1 3
40 36 1 3
40 37 1 3
40 38 1 3
40 39 1 3
40 40 1 3
40 41 1 3
40 42 1 3
40 43 1 3
40 44 1 3
40 45 1 3
40 46 1 3
40 47 1 3
40 48 1 3
40 49 1 3
40 50 1 3
40 51 1 3
40 52 1 3
40 53 1 3
40 54 1 3
40 55 1 3
40 56 1 3
40 57 1 3
40 58 1 3
40 59 1 3
40 60 1 3
40 61 1 3
40 62 1 3
40 63 1 3
40 64 1 3
40 65 1 3
40 66 1 3
40 67 1 3
40 68 2 5
40 69 6 9
40 70 1 4
40 71 1 4
40 72 1 4
40 73 8 9
40 74 5 11
40 75 2 3
40 76 1 3
40 77 1 3
40 78 1 3
40 79 2 4
40 80 0 3
40 81 4 7
40 82 0 3
40 83 1 4
40 84 0 3
40 85 5 11
40 86 1 5
40 87 7 11
40 88 4 11
40 89 2 10
40 90 1 3
40 91 1 3
40 92 1 3
40 93 4 12
40 94 1 4
40 95 7 8
40 96 1 5
40 97 0 4
40 98 1 3
40 99 2 11
40 100 3 12
41 1 1 3
41 2 1 3
41 3 1 3
41 4 1 3
41 5 1 3
41 6 1 3
41 7 1 3
41 8 1 3
41 9 1 3
41 10 1 3
41 11 1 3
41 12 1 3
41 13 1 3
41 14 1 3
41 15 1 3
41 16 1 3
41 17 1 3
41 18 1 3
41 19 1 3
41 20 1 3
41 21 1 3
41 22 1 3
41 23 1 3
41 24 1 3
41 25 1 3
41 26 1 3
41 27 1 3
41 28 1 3
41 29 1 3
41 30 1 3
41 31 1 3
41 32 1 3
41 33 1 3
41 34 1 3
41 35 1 3
41 36 1 3
41 37 1 3
41 38 1 3
41 39 1 3
41 40 1 3
41 41 1 3
41 42 1 3
41 43 1 3
41 44 1 3
41 45 1 3
41 46 1 3
41 47 1 3
41 48 1 3
41 49 1 3
41 50 1 3
41 51 1 3
41 52 1 3
41 53 1 3
41 54 1 3
41 55 1 3
41 56 1 3
41 57 1 3
41 58 1 3
41 59 1 3
41 60 1 3
41 61 1 3
41 62 1 3
41 63 2 5
41 64 1 5
41 65 5 12
41 66 0 4
41 67 6 10
41 68 2 3
41 69 1 4
41 70 1 2
41 71 1 2
41 72 6 11
41 73 3 6
41 74 2 8
41 75 1 5
41 76 1 11
41 77 2 6
41 78 5 14
41 79 6 12
41 80 1 3
41 81 1 3
41 82 1 3
41 83 1 3
41 84 2 4
41 85 0 3
41 86 0 3
41 87 3 7
41 88 4 9
41 89 2 5
41 90 1 5
41 91 1 4
41 92 1 3
41 93 1 3
41 94 1 3
41 95 3 9
41 96 3 9
41 97 3 10
41 98 5 12
41 99 1 3
41 100 2 7
42 1 1 5
42 2 1 3
42 3 1 3
42 4 1 3
42 5 1 3
42 6 1 3
42 7 1 3
42 8 1 3
42 9 1 3
42 10 1 3
42 11 1 3
42 12 1 3
42 13 1 3
42 14 1 3
42 15 1 3
42 16 1 3
42 17 1 3
42 18 1 3
42 19 1 3
42 20 1 3
42 21 1 3
42 22 1 3
42 23 1 3
42 24 1 3
42 25 1 3
42 26 1 3
42 27 1 3
42 28 1 3
42 29 1 3
42 30 1 3
42 31 1 3
42 32 1 3
42 33 1 3
42 34 1 3
42 35 1 3
42 36 1 3
42 37 1 3
42 38 1 3
42 39 1 3
42 40 1 3
42 41 1 3
42 42 1 3
42 43 1 3
42 44 1 3
42 45 1 3
42 46 1 3
42 47 1 3
42 48 1 3
42 49 1 3
42 50 1 3
42 51 1 3
42 52 1 3
42 53 1 3
42 54 1 3
42 55 1 3
42 56 1 3
42 57 1 3
42 58 1 3
42 59 1 3
42 60 1 3
42 61 1 3
42 62 1 3
42 63 1 3
42 64 3 8
42 65 4 11
42 66 5 12
42 67 1 4
42 68 1 3
42 69 2 7
42 70 2 5
42 71 2 8
42 72 4 9
42 73 3 4
42 74 7 12
42 75 3 7
42 76 1 4
42 77 1 7
42 78 9 9
42 79 2 8
42 80 6 12
42 81 2 4
42 82 4 7
42 83 3 8
42 84 1 4
42 85 6 12
42 86 1 3
42 87 0 3
42 88 7 12
42 89 0 3
42 90 1 3
42 91 3 5
42 92 1 3
42 93 1 3
42 94 1 3
42 95 1 3
42 96 1 3
42 97 1 3
42 98 4 9
42 99 3 12
42 100 11 13
43 1 6 11
43 2 1 3
43 3 1 3
43 4 1 3
43 5 1 3
43 6 1 3
43 7 1 3
43 8 1 3
43 9 1 3
43 10 1 3
43 11 1 3
43 12 1 3
43 13 1 3
43 14 1 3
43 15 1 3
43 16 1 3
43 17 1 3
43 18 1 3
43 19 1 3
43 20 1 3
43 21 1 3
43 22 1 3
43 23 1 3
43 24 1 3
43 25 1 3
43 26 1 3
43 27 1 3
43 28 1 3
43 29 1 3
43 30 1 3
43 31 1 3
43 32 1 3
43 33 1 3
43 34 1 3
43 35 1 3
43 36 1 3
43 37 1 3
43 38 1 3
43 39 1 3
43 40 1 3
43 41 1 3
43 42 1 3
43 43 1 3
43 44 1 3
43 45 1 3
43 46 1 3
43 47 1 3
43 48 1 3
43 49 1 3
43 50 1 3
43 51 1 3
43 52 1 3
43 53 1 3
43 54 1 3
43 55 1 3
43 56 4 12
43 57 1 3
43 58 1 3
43 59 2 5
43 60 1 5
43 61 2 6
43 62 1 3
43 63 1 3
43 64 4 13
43 65 4 7
43 66 1 3
43 67 4 7
43 68 3 6
43 69 1 2
43 70 3 5
43 71 1 4
43 72 1 3
43 73 6 8
43 74 2 12
43 75 2 7
43 76 2 4
43 77 0 3
43 78 1 3
43 79 1 3
43 80 4 7
43 81 1 6
43 82 4 7
43 83 1 4
43 84 9 12
43 85 2 8
43 86 0 3
43 87 1 3
43 88 1 3
43 89 2 10
43 90 1 3
43 91 1 3
43 92 1 3
43 93 1 3
43 94 6 13
43 95 1 7
43 96 1 3
43 97 3 12
43 98 4 9
43 99 0 7
43 100 6 13
44 1 1 3
44 2 3 7
44 3 1 3
44 4 1 3
44 5 1 3
44 6 1 3
44 7 1 3
44 8 1 3
44 9 1 3
44 10 1 3
44 11 1 3
44 12 1 3
44 13 1 3
44 14 1 3
44 15 1 3
44 16 1 3
44 17 1 3
44 18 1 3
44 19 1 3
44 20 1 3
44 21 1 3
44 22 1 3
44 23 1 3
44 24 1 3
44 25 1 3
44 26 1 3
44 27 1 3
44 28 1 3
44 29 1 3
44 30 1 3
44 31 1 3
44 32 1 3
44 33 1 3
44 34 1 3
44 35 1 3
44 36 1 3
44 37 1 3
44 38 1 3
44 39 1 3
44 40 1 3
44 41 1 3
44 42 1 3
44 43 1 3
44 44 1 3
44 45 1 3
44 46 1 3
44 47 1 3
44 48 1 3
44 49 1 3
44 50 1 3
44 51 1 3
44 52 1 3
44 53 1 3
44 54 1 3
44 55 1 3
44 56 1 3
44 57 1 3
44 58 7 10
44 59 6 10
44 60 6 11
44 61 1 3
44 62 1 3
44 63 2 7
44 64 4 9
44 65 6 8
44 66 3 9
44 67 2 4
44 68 5 12
44 69 1 3
44 70 1 3
44 71 1 3
44 72 1 3
44 73 1 3
44 74 1 3
44 75 1 3
44 76 1 3
44 77 2 8
44 78 5 11
44 79 3 6
44 80 5 13
44 81 0 3
44 82 1 4
44 83 1 3
44 84 1 3
44 85 2 3
44 86 1 3
44 87 4 7
44 88 6 13
44 89 3 7
44 90 5 12
44 91 2 10
44 92 4 13
44 93 1 3
44 94 1 3
44 95 5 12
44 96 1 3
44 97 7 13
44 98 3 6
44 99 4 10
44 100 5 8
45 1 1 3
45 2 1 3
45 3 1 3
45 4 1 3
45 5 1 3
45 6 1 3
45 7 1 3
45 8 1 3
45 9 1 3
45 10 1 3
45 11 1 3
45 12 1 3
45 13 1 3
45 14 1 3
45 15 1 3
45 16 1 3
45 17 1 3
45 18 1 3
45 19 1 3
45 20 1 3
45 21 1 3
45 22 1 3
45 23 1 3
45 24 1 3
45 25 1 3
45 26 1 3
45 27 1 3
45 28 1 3
45 29 1 3
45 30 1 3
45 31 1 3
45 32 1 3
45 33 1 3
45 34 1 3
45 35 1 3
45 36 1 3
45 37 1 3
45 38 1 3
45 39 1 3
45 40 1 3
45 41 1 3
45 42 1 3
45 43 1 3
45 44 1 3
45 45 1 3
45 46 1 3
45 47 1 3
45 48 1 3
45 49 1 3
45 50 1 3
45 51 1 3
45 52 1 3
45 53 1 3
45 54 1 3
45 55 1 3
45 56 1 3
45 57 1 3
45 58 1 3
45 59 1 3
45 60 1 3
45 61 1 3
45 62 1 3
45 63 1 3
45 64 1 3
45 65 4 12
45 66 2 7
45 67 1 3
45 68 1 3
45 69 3 11
45 70 2 5
45 71 2 9
45 72 3 7
45 73 3 9
45 74 4 6
45 75 3 10
45 76 5 9
45 77 7 10
45 78 2 8
45 79 1 3
45 80 1 3
45 81 1 3
45 82 1 3
45 83 1 3
45 84 1 3
45 85 0 3
45 86 1 5
45 87 1 3
45 88 9 14
45 89 3 12
45 90 1 3
45 91 1 3
45 92 2 8
45 93 1 5
45 94 1 3
45 95 2 7
45 96 0 3
45 97 5 10
45 98 3 8
45 99 3 9
45 100 1 7
46 1 1 3
46 2 1 3
46 3 1 3
46 4 1 3
46 5 1 3
46 6 1 3
46 7 1 3
46 8 1 3
46 9 1 3
46 10 1 3
46 11 1 3
46 12 1 3
46 13 1 3
46 14 1 3
46 15 1 3
46 16 1 3
46 17 1 3
46 18 1 3
46 19 1 3
46 20 1 3
46 21 1 3
46 22 1 3
46 23 1 3
46 24 1 3
46 25 1 3
46 26 1 3
46 27 1 3
46 28 1 3
46 29 1 3
46 30 1 3
46 31 1 3
46 32 1 3
46 33 1 3
46 34 1 3
46 35 1 3
46 36 1 3
46 37 1 3
46 38 1 3
46 39 1 3
46 40 1 3
46 41 1 3
46 42 1 3
46 43 1 3
46 44 1 3
46 45 1 3
46 46 1 3
46 47 1 3
46 48 1 3
46 49 1 3
46 50 1 3
46 51 1 3
46 52 1 3
46 53 1 3
46 54 1 3
46 55 1 3
46 56 1 3
46 57 1 3
46 58 1 3
46 59 1 3
46 60 1 3
46 61 1 3
46 62 1 3
46 63 1 3
46 64 4 8
46 65 5 9
46 66 2 8
46 67 1 3
46 68 4 9
46 69 1 3
46 70 1 3
46 71 1 3
46 72 6 8
46 73 9 13
46 74 4 10
46 75 2 8
46 76 1 3
46 77 6 7
46 78 1 9
46 79 2 4
46 80 4 7
46 81 5 9
46 82 1 11
46 83 6 8
46 84 1 3
46 85 0 3
46 86 1 9
46 87 1 7
46 88 0 3
46 89 3 8
46 90 3 11
46 91 5 11
46 92 0 6
46 93 1 3
46 94 1 3
46 95 1 3
46 96 1 3
46 97 2 7
46 98 3 8
46 99 3 6
46 100 2 11
47 1 1 3
47 2 1 3
47 3 1 3
47 4 1 3
47 5 1 3
47 6 1 3
47 7 1 3
47 8 1 3
47 9 1 3
47 10 1 3
47 11 1 3
47 12 1 3
47 13 1 3
47 14 1 3
47 15 1 3
47 16 1 3
47 17 1 3
47 18 1 3
47 19 1 3
47 20 1 3
47 21 1 3
47 22 1 3
47 23 1 3
47 24 1 3
47 25 1 3
47 26 1 3
47 27 1 3
47 28 1 3
47 29 1 3
47 30 1 3
47 31 1 3
47 32 1 3
47 33 1 3
47 34 1 3
47 35 1 3
47 36 1 3
47 37 1 3
47 38 1 3
47 39 1 3
47 40 1 3
47 41 1 3
47 42 1 3
47 43 1 3
47 44 1 3
47 45 1 3
47 46 1 3
47 47 1 3
47 48 1 3
47 49 1 3
47 50 1 3
47 51 1 3
47 52 1 3
47 53 1 3
47 54 1 3
47 55 1 3
47 56 1 3
47 57 1 3
47 58 1 3
47 59 1 3
47 60 1 3
47 61 1 3
47 62 1 3
47 63 7 12
47 64 3 9
47 65 3 5
47 66 0 3
47 67 4 10
47 68 10 13
47 69 1 7
47 70 1 7
47 71 1 3
47 72 1 3
47 73 1 3
47 74 1 3
47 75 1 3
47 76 4 10
47 77 4 11
47 78 3 4
47 79 6 14
47 80 1 2
47 81 1 3
47 82 1 3
47 83 1 3
47 84 4 8
47 85 1 3
47 86 1 3
47 87 3 9
47 88 1 7
47 89 0 3
47 90 4 8
47 91 1 5
47 92 1 3
47 93 1 3
47 94 1 3
47 95 1 5
47 96 3 10
47 97 5 10
47 98 3 10
47 99 4 13
47 100 3 5
48 1 0 3
48 2 1 3
48 3 1 3
48 4 3 5
48 5 1 3
48 6 1 3
48 7 1 3
48 8 1 3
48 9 1 3
48 10 1 3
48 11 1 3
48 12 1 3
48 13 1 3
48 14 1 3
48 15 1 3
48 16 1 3
48 17 1 3
48 18 1 3
48 19 1 3
48 20 1 3
48 21 1 3
48 22 1 3
48 23 1 3
48 24 1 3
48 25 1 3
48 26 1 3
48 27 1 3
48 28 1 3
48 29 1 3
48 30 1 3
48 31 1 3
48 32 1 3
48 33 1 3
48 34 1 3
48 35 1 3
48 36 1 3
48 37 1 3
48 38 1 3
48 39 1 3
48 40 1 3
48 41 1 3
48 42 1 3
48 43 1 3
48 44 1 3
48 45 1 3
48 46 1 3
48 47 1 3
48 48 1 3
48 49 1 3
48 50 2 6
48 51 1 3
48 52 1 3
48 53 1 3
48 54 1 3
48 55 1 3
48 56 1 3
48 57 1 3
48 58 1 3
48 59 1 3
48 60 1 3
48 61 1 3
48 62 1 3
48 63 1 3
48 64 1 3
48 65 1 3
48 66 1 3
48 67 1 3
48 68 1 3
48 69 1 3
48 70 1 4
48 71 3 9
48 72 3 10
48 73 4 12
48 74 1 3
48 75 6 9
48 76 6 11
48 77 8 10
48 78 4 5
48 79 1 3
48 80 6 6
48 81 6 11
48 82 2 3
48 83 1 3
48 84 1 3
48 85 4 8
48 86 0 5
48 87 1 5
48 88 2 9
48 89 1 3
48 90 1 7
48 91 5 11
48 92 2 6
48 93 4 7
48 94 1 4
48 95 1 3
48 96 6 9
48 97 5 13
48 98 2 8
48 99 1 3
48 100 3 14
49 1 2 6
49 2 1 3
49 3 1 3
49 4 1 3
49 5 1 3
49 6 1 3
49 7 1 3
49 8 1 3
49 9 1 3
49 10 1 3
49 11 1 3
49 12 1 3
49 13 1 3
49 14 1 3
49 15 1 3
49 16 1 3
49 17 1 3
49 18 1 3
49 19 1 3
49 20 1 3
49 21 1 3
49 22 1 3
49 23 1 3
49 24 1 3
49 25 1 3
49 26 1 3
49 27 1 3
49 28 1 3
49 29 1 3
49 30 1 3
49 31 1 3
49 32 4 13
49 33 1 3
49 34 1 3
49 35 1 3
49 36 1 3
49 37 1 3
49 38 1 3
49 39 1 3
49 40 1 3
49 41 1 3
49 42 1 3
49 43 1 3
49 44 1 3
49 45 1 4
49 46 1 3
49 47 1 3
49 48 1 3
49 49 1 3
49 50 1 3
49 51 1 3
49 52 1 3
49 53 1 3
49 54 1 3
49 55 1 3
49 56 1 3
49 57 1 3
49 58 1 3
49 59 1 3
49 60 1 3
49 61 1 3
49 62 1 3
49 63 1 3
49 64 3 5
49 65 1 3
49 66 3 12
49 67 4 11
49 68 2 5
49 69 2 5
49 70 1 5
49 71 0 3
49 72 0 3
49 73 0 3
49 74 2 3
49 75 3 8
49 76 1 4
49 77 2 11
49 78 2 11
49 79 2 4
49 80 3 10
49 81 4 9
49 82 1 3
49 83 1 3
49 84 1 3
49 85 1 3
49 86 1 3
49 87 5 12
49 88 1 3
49 89 2 8
49 90 0 4
49 91 1 3
49 92 4 14
49 93 1 5
49 94 9 13
49 95 1 3
49 96 2 9
49 97 7 9
49 98 2 6
49 99 2 7
49 100 1 3
50 1 1 3
50 2 1 3
50 3 1 3
50 4 1 3
50 5 1 3
50 6 1 3
50 7 1 3
50 8 1 3
50 9 1 3
50 10 1 3
50 11 1 3
50 12 1 3
50 13 1 3
50 14 1 3
50 15 1 3
50 16 1 3
50 17 1 3
50 18 1 3
50 19 1 3
50 20 1 3
50 21 1 3
50 22 1 3
50 23 1 3
50 24 1 3
50 25 1 3
50 26 1 3
50 27 1 3
50 28 1 3
50 29 1 3
50 30 1 3
50 31 1 3
50 32 1 3
50 33 1 3
50 34 1 3
50 35 1 3
50 36 1 3
50 37 1 3
50 38 1 3
50 39 1 3
50 40 1 3
50 41 1 3
50 42 1 3
50 43 1 3
50 44 1 3
50 45 1 3
50 46 1 3
50 47 1 3
50 48 1 3
50 49 1 3
50 50 1 3
50 51 1 3
50 52 1 3
50 53 1 3
50 54 1 3
50 55 1 3
50 56 1 3
50 57 1 3
50 58 1 3
50 59 1 3
50 60 1 3
50 61 0 4
50 62 2 8
50 63 2 6
50 64 5 12
50 65 0 3
50 66 0 3
50 67 4 10
50 68 1 3
50 69 1 4
50 70 0 3
50 71 3 9
50 72 3 9
50 73 8 12
50 74 7 11
50 75 4 6
50 76 5 12
50 77 1 6
50 78 1 2
50 79 4 11
50 80 1 3
50 81 1 3
50 82 1 3
50 83 3 10
50 84 3 7
50 85 0 3
50 86 1 3
50 87 2 5
50 88 3 7
50 89 1 3
50 90 1 3
50 91 1 3
50 92 4 12
50 93 4 12
50 94 1 3
50 95 4 10
50 96 6 11
50 97 2 6
50 98 4 9
50 99 4 12
50 100 1 3
51 1 6 11
51 2 1 3
51 3 1 3
51 4 1 3
51 5 1 3
51 6 1 3
51 7 1 3
51 8 1 3
51 9 1 3
51 10 1 3
51 11 1 3
51 12 1 3
51 13 1 3
51 14 1 3
51 15 1 3
51 16 1 3
51 17 1 3
51 18 1 3
51 19 1 3
51 20 1 3
51 21 1 3
51 22 1 3
51 23 1 3
51 24 1 3
51 25 1 3
51 26 1 3
51 27 1 3
51 28 1 3
51 29 1 3
51 30 1 3
51 31 1 3
51 32 1 3
51 33 1 3
51 34 1 3
51 35 1 3
51 36 1 3
51 37 1 3
51 38 1 3
51 39 1 3
51 40 1 3
51 41 1 3
51 42 1 3
51 43 1 3
51 44 1 3
51 45 1 3
51 46 1 3
51 47 1 3
51 48 1 3
51 49 1 3
51 50 1 3
51 51 1 3
51 52 1 3
51 53 1 3
51 54 1 3
51 55 1 3
51 56 1 3
51 57 1 3
51 58 1 3
51 59 1 3
51 60 1 3
51 61 1 3
51 62 1 3
51 63 1 4
51 64 1 4
51 65 1 3
51 66 5 12
51 67 0 3
51 68 4 8
51 69 3 9
51 70 1 3
51 71 1 3
51 72 4 11
51 73 1 4
51 74 1 2
51 75 1 3
51 76 1 3
51 77 5 9
51 78 1 3
51 79 3 11
51 80 2 7
51 81 3 8
51 82 4 6
51 83 1 3
51 84 1 3
51 85 1 3
51 86 1 3
51 87 4 11
51 88 3 9
51 89 1 11
51 90 4 7
51 91 3 12
51 92 1 3
51 93 2 5
51 94 2 8
51 95 4 12
51 96 1 5
51 97 0 8
51 98 6 11
51 99 6 13
51 100 6 12
52 1 6 11
52 2 1 3
52 3 1 3
52 4 1 3
52 5 1 3
52 6 1 3
52 7 1 3
52 8 1 3
52 9 1 3
52 10 1 3
52 11 1 3
52 12 1 3
52 13 1 3
52 14 1 3
52 15 1 3
52 16 1 3
52 17 1 3
52 18 1 3
52 19 1 3
52 20 1 3
52 21 1 3
52 22 1 3
52 23 1 3
52 24 1 3
52 25 1 3
52 26 1 3
52 27 1 3
52 28 1 3
52 29 1 3
52 30 1 3
52 31 1 3
52 32 1 3
52 33 1 3
52 34 1 3
52 35 1 3
52 36 1 3
52 37 1 3
52 38 1 3
52 39 1 3
52 40 1 3
52 41 1 3
52 42 1 3
52 43 1 3
52 44 1 3
52 45 1 3
52 46 1 3
52 47 1 3
52 48 1 3
52 49 1 3
52 50 1 3
52 51 1 3
52 52 1 3
52 53 1 3
52 54 1 3
52 55 1 3
52 56 1 3
52 57 1 3
52 58 1 3
52 59 1 3
52 60 1 3
52 61 1 3
52 62 1 3
52 63 1 3
52 64 1 3
52 65 1 4
52 66 1 3
52 67 1 4
52 68 3 7
52 69 5 8
52 70 3 10
52 71 2 3
52 72 2 3
52 73 4 9
52 74 5 9
52 75 3 9
52 76 4 10
52 77 1 4
52 78 1 2
52 79 2 7
52 80 8 12
52 81 2 3
52 82 6 10
52 83 4 9
52 84 3 9
52 85 1 3
52 86 1 3
52 87 1 3
52 88 5 13
52 89 2 7
52 90 1 3
52 91 1 3
52 92 2 4
52 93 1 3
52 94 2 7
52 95 4 12
52 96 4 13
52 97 7 12
52 98 5 14
52 99 5 10
52 100 1 6
53 1 3 7
53 2 1 3
53 3 1 3
53 4 1 3
53 5 1 3
53 6 1 3
53 7 1 3
53 8 1 3
53 9 1 3
53 10 1 3
53 11 1 3
53 12 1 3
53 13 1 3
53 14 1 3
53 15 1 3
53 16 1 3
53 17 1 3
53 18 1 3
53 19 1 3
53 20 1 3
53 21 1 3
53 22 1 3
53 23 1 3
53 24 1 3
53 25 1 3
53 26 1 3
53 27 1 3
53 28 1 3
53 29 1 3
53 30 1 3
53 31 1 3
53 32 1 3
53 33 1 3
53 34 1 3
53 35 1 3
53 36 1 3
53 37 1 3
53 38 1 3
53 39 1 3
53 40 1 3
53 41 1 3
53 42 1 4
53 43 1 3
53 44 1 3
53 45 1 3
53 46 1 3
53 47 1 3
53 48 1 3
53 49 1 3
53 50 1 3
53 51 1 3
53 52 1 3
53 53 1 3
53 54 1 3
53 55 1 3
53 56 1 3
53 57 1 3
53 58 1 3
53 59 1 3
53 60 1 3
53 61 1 3
53 62 1 3
53 63 1 3
53 64 1 3
53 65 1 3
53 66 1 3
53 67 1 3
53 68 1 3
53 69 1 3
53 70 6 11
53 71 1 4
53 72 1 4
53 73 1 3
53 74 2 3
53 75 4 10
53 76 2 7
53 77 0 3
53 78 0 6
53 79 1 2
53 80 1 2
53 81 4 13
53 82 2 3
53 83 1 3
53 84 1 3
53 85 2 8
53 86 3 9
53 87 6 10
53 88 2 6
53 89 4 8
53 90 1 3
53 91 4 11
53 92 7 12
53 93 2 5
53 94 2 7
53 95 1 3
53 96 4 13
53 97 5 7
53 98 5 11
53 99 4 10
53 100 0 4
54 1 1 3
54 2 1 3
54 3 1 3
54 4 1 3
54 5 1 3
54 6 1 3
54 7 1 3
54 8 1 3
54 9 1 3
54 10 1 3
54 11 1 3
54 12 1 3
54 13 1 3
54 14 1 3
54 15 1 3
54 16 1 3
54 17 1 3
54 18 1 3
54 19 1 3
54 20 1 3
54 21 1 3
54 22 1 3
54 23 1 3
54 24 1 3
54 25 1 3
54 26 1 3
54 27 1 3
54 28 1 3
54 29 1 3
54 30 1 3
54 31 1 3
54 32 1 3
54 33 1 3
54 34 1 3
54 35 1 3
54 36 1 3
54 37 1 3
54 38 1 3
54 39 1 3
54 40 1 3
54 41 1 3
54 42 1 3
54 43 1 3
54 44 1 3
54 45 1 3
54 46 1 3
54 47 1 3
54 48 1 3
54 49 1 3
54 50 1 3
54 51 1 3
54 52 1 3
54 53 1 3
54 54 1 3
54 55 1 3
54 56 1 3
54 57 1 3
54 58 1 3
54 59 1 3
54 60 1 3
54 61 1 3
54 62 1 3
54 63 1 3
54 64 1 3
54 65 1 3
54 66 1 3
54 67 1 3
54 68 1 3
54 69 1 3
54 70 1 3
54 71 1 3
54 72 2 4
54 73 1 4
54 74 4 11
54 75 1 9
54 76 3 10
54 77 1 7
54 78 3 7
54 79 2 3
54 80 2 7
54 81 1 3
54 82 1 2
54 83 4 10
54 84 5 13
54 85 2 4
54 86 1 2
54 87 2 3
54 88 1 7
54 89 1 3
54 90 2 12
54 91 2 6
54 92 1 3
54 93 4 10
54 94 1 3
54 95 1 6
54 96 7 12
54 97 4 7
54 98 2 7
54 99 3 13
54 100 7 11
55 1 1 3
55 2 1 3
55 3 1 3
55 4 1 3
55 5 1 3
55 6 1 3
55 7 1 3
55 8 1 3
55 9 1 3
55 10 1 3
55 11 1 3
55 12 1 3
55 13 1 3
55 14 1 3
55 15 1 3
55 16 1 3
55 17 1 3
55 18 1 3
55 19 1 3
55 20 1 3
55 21 1 3
55 22 1 3
55 23 1 3
55 24 1 3
55 25 1 3
55 26 1 3
55 27 1 3
55 28 1 3
55 29 1 3
55 30 1 3
55 31 1 3
55 32 1 3
55 33 1 3
55 34 1 3
55 35 1 3
55 36 1 3
55 37 1 3
55 38 1 3
55 39 1 3
55 40 1 3
55 41 1 3
55 42 1 3
55 43 1 3
55 44 1 3
55 45 1 3
55 46 1 3
55 47 1 3
55 48 1 3
55 49 1 3
55 50 1 3
55 51 1 3
55 52 1 3
55 53 1 3
55 54 1 3
55 55 1 3
55 56 1 3
55 57 1 3
55 58 1 3
55 59 1 3
55 60 1 3
55 61 1 3
55 62 1 3
55 63 1 3
55 64 1 4
55 65 3 12
55 66 1 4
55 67 1 5
55 68 4 9
55 69 14 14
55 70 8 14
55 71 4 8
55 72 6 13
55 73 6 7
55 74 2 3
55 75 2 4
55 76 4 7
55 77 1 2
55 78 1 2
55 79 1 2
55 80 4 6
55 81 1 3
55 82 3 11
55 83 2 3
55 84 0 3
55 85 2 9
55 86 2 3
55 87 1 3
55 88 1 3
55 89 4 13
55 90 1 3
55 91 1 3
55 92 1 3
55 93 1 3
55 94 8 14
55 95 4 5
55 96 1 3
55 97 1 3
55 98 6 10
55 99 3 13
55 100 3 6
56 1 5 13
56 2 1 3
56 3 1 3
56 4 1 3
56 5 1 3
56 6 1 3
56 7 1 3
56 8 1 3
56 9 1 3
56 10 1 3
56 11 1 3
56 12 1 3
56 13 1 3
56 14 1 3
56 15 1 3
56 16 1 3
56 17 1 3
56 18 1 3
56 19 1 3
56 20 1 3
56 21 1 3
56 22 1 3
56 23 1 3
56 24 1 3
56 25 1 3
56 26 1 3
56 27 1 3
56 28 1 3
56 29 1 3
56 30 1 3
56 31 1 3
56 32 1 3
56 33 1 3
56 34 1 3
56 35 1 3
56 36 1 3
56 37 1 3
56 38 1 3
56 39 1 3
56 40 1 3
56 41 1 3
56 42 1 3
56 43 1 3
56 44 1 3
56 45 1 3
56 46 1 3
56 47 1 3
56 48 1 3
56 49 1 3
56 50 1 3
56 51 1 3
56 52 1 3
56 53 1 3
56 54 1 3
56 55 1 3
56 56 1 3
56 57 1 3
56 58 1 3
56 59 1 3
56 60 1 3
56 61 1 3
56 62 1 3
56 63 1 4
56 64 1 3
56 65 1 3
56 66 1 4
56 67 1 4
56 68 2 3
56 69 2 3
56 70 6 12
56 71 6 12
56 72 1 2
56 73 5 14
56 74 1 2
56 75 1 2
56 76 5 9
56 77 2 3
56 78 2 8
56 79 2 13
56 80 4 9
56 81 6 13
56 82 2 7
56 83 1 3
56 84 3 7
56 85 1 3
56 86 1 3
56 87 1 3
56 88 1 3
56 89 1 3
56 90 0 3
56 91 8 14
56 92 1 2
56 93 1 3
56 94 6 12
56 95 6 11
56 96 3 10
56 97 4 15
56 98 5 9
56 99 4 10
56 100 2 10
57 1 1 3
57 2 1 3
57 3 1 4
57 4 5 13
57 5 5 9
57 6 4 5
57 7 1 3
57 8 1 3
57 9 1 3
57 10 1 3
57 11 1 3
57 12 1 3
57 13 1 3
57 14 1 3
57 15 1 3
57 16 1 3
57 17 1 3
57 18 1 3
57 19 1 3
57 20 1 3
57 21 1 3
57 22 1 3
57 23 1 3
57 24 1 3
57 25 1 3
57 26 1 3
57 27 1 3
57 28 1 3
57 29 1 3
57 30 1 3
57 31 1 3
57 32 1 3
57 33 1 3
57 34 1 3
57 35 1 3
57 36 1 3
57 37 1 3
57 38 1 3
57 39 1 3
57 40 1 3
57 41 1 3
57 42 1 3
57 43 1 3
57 44 1 3
57 45 1 3
57 46 1 3
57 47 1 3
57 48 1 3
57 49 1 3
57 50 1 3
57 51 1 3
57 52 1 3
57 53 1 3
57 54 1 3
57 55 1 3
57 56 1 3
57 57 1 3
57 58 1 3
57 59 1 3
57 60 1 3
57 61 1 3
57 62 1 3
57 63 1 3
57 64 1 3
57 65 1 3
57 66 1 3
57 67 1 3
57 68 1 3
57 69 1 3
57 70 3 10
57 71 1 4
57 72 7 13
57 73 4 12
57 74 1 3
57 75 4 15
57 76 9 12
57 77 4 12
57 78 6 12
57 79 2 3
57 80 2 3
57 81 1 7
57 82 3 11
57 83 1 3
57 84 5 12
57 85 0 6
57 86 3 11
57 87 7 15
57 88 4 15
57 89 2 3
57 90 2 8
57 91 8 10
57 92 5 11
57 93 1 3
57 94 1 3
57 95 4 7
57 96 6 13
57 97 6 8
57 98 1 3
57 99 4 8
57 100 2 3
58 1 9 11
58 2 5 9
58 3 5 13
58 4 2 7
58 5 1 4
58 6 1 4
58 7 1 4
58 8 1 3
58 9 1 3
58 10 5 13
58 11 1 3
58 12 1 3
58 13 1 3
58 14 1 3
58 15 1 3
58 16 1 3
58 17 1 3
58 18 1 3
58 19 1 3
58 20 1 3
58 21 1 3
58 22 1 3
58 23 1 3
58 24 1 3
58 25 1 3
58 26 1 3
58 27 1 3
58 28 1 3
58 29 1 3
58 30 1 3
58 31 1 3
58 32 1 3
58 33 1 3
58 34 1 3
58 35 1 3
58 36 1 3
58 37 1 3
58 38 1 3
58 39 1 3
58 40 1 3
58 41 1 3
58 42 1 3
58 43 1 3
58 44 1 3
58 45 1 3
58 46 1 3
58 47 1 3
58 48 1 3
58 49 1 3
58 50 1 3
58 51 1 3
58 52 1 3
58 53 1 3
58 54 1 3
58 55 1 3
58 56 1 3
58 57 1 3
58 58 1 3
58 59 1 3
58 60 1 3
58 61 1 3
58 62 1 3
58 63 1 3
58 64 1 3
58 65 1 3
58 66 1 3
58 67 1 3
58 68 1 3
58 69 1 3
58 70 1 3
58 71 1 4
58 72 2 6
58 73 6 13
58 74 4 5
58 75 5 9
58 76 5 11
58 77 1 2
58 78 3 10
58 79 4 12
58 80 4 6
58 81 1 2
58 82 2 3
58 83 1 3
58 84 1 3
58 85 1 3
58 86 1 3
58 87 1 3
58 88 1 3
58 89 1 2
58 90 2 6
58 91 1 3
58 92 1 6
58 93 1 3
58 94 1 3
58 95 1 3
58 96 2 3
58 97 1 3
58 98 8 13
58 99 5 15
58 100 4 13
59 1 1 5
59 2 2 5
59 3 2 7
59 4 1 4
59 5 5 13
59 6 1 3
59 7 1 3
59 8 1 3
59 9 1 3
59 10 9 11
59 11 2 6
59 12 1 3
59 13 1 3
59 14 1 3
59 15 1 3
59 16 1 3
59 17 1 3
59 18 1 3
59 19 1 3
59 20 1 3
59 21 1 3
59 22 1 3
59 23 1 3
59 24 1 3
59 25 1 3
59 26 1 3
59 27 1 3
59 28 1 3
59 29 1 3
59 30 1 3
59 31 1 3
59 32 1 3
59 33 1 3
59 34 1 3
59 35 1 3
59 36 1 3
59 37 1 3
59 38 1 3
59 39 1 3
59 40 1 3
59 41 1 3
59 42 1 3
59 43 1 3
59 44 1 3
59 45 1 3
59 46 1 3
59 47 1 3
59 48 1 3
59 49 1 3
59 50 1 3
59 51 1 3
59 52 1 3
59 53 1 3
59 54 1 3
59 55 1 3
59 56 1 3
59 57 1 3
59 58 1 3
59 59 1 3
59 60 1 3
59 61 1 3
59 62 1 3
59 63 1 4
59 64 1 4
59 65 1 4
59 66 5 9
59 67 5 13
59 68 5 9
59 69 3 6
59 70 6 13
59 71 6 10
59 72 3 5
59 73 1 2
59 74 2 3
59 75 6 12
59 76 5 12
59 77 6 13
59 78 1 3
59 79 1 2
59 80 1 4
59 81 7 12
59 82 2 4
59 83 1 3
59 84 1 7
59 85 1 3
59 86 1 3
59 87 1 7
59 88 1 4
59 89 1 6
59 90 2 4
59 91 0 4
59 92 4 9
59 93 1 3
59 94 1 3
59 95 2 3
59 96 1 3
59 97 2 7
59 98 7 11
59 99 5 10
59 100 6 13
60 1 2 5
60 2 1 4
60 3 2 6
60 4 1 3
60 5 1 3
60 6 1 3
60 7 1 3
60 8 1 3
60 9 1 3
60 10 1 3
60 11 1 3
60 12 1 3
60 13 1 3
60 14 1 3
60 15 1 3
60 16 1 3
60 17 1 3
60 18 1 3
60 19 1 3
60 20 1 3
60 21 1 3
60 22 1 3
60 23 1 3
60 24 2 6
60 25 1 3
60 26 1 3
60 27 1 3
60 28 1 3
60 29 1 3
60 30 1 3
60 31 1 3
60 32 1 3
60 33 1 3
60 34 1 3
60 35 1 3
60 36 1 3
60 37 1 3
60 38 1 3
60 39 1 3
60 40 1 3
60 41 1 3
60 42 1 3
60 43 1 3
60 44 1 3
60 45 1 3
60 46 1 3
60 47 1 3
60 48 1 3
60 49 1 3
60 50 3 10
60 51 5 10
60 52 5 13
60 53 1 3
60 54 1 3
60 55 1 3
60 56 1 3
60 57 1 3
60 58 1 3
60 59 2 6
60 60 1 5
60 61 2 7
60 62 9 11
60 63 2 5
60 64 3 9
60 65 1 4
60 66 2 11
60 67 7 14
60 68 10 14
60 69 1 2
60 70 3 8
60 71 2 3
60 72 2 3
60 73 2 3
60 74 1 3
60 75 1 3
60 76 4 8
60 77 3 9
60 78 3 10
60 79 1 4
60 80 1 3
60 81 1 3
60 82 1 3
60 83 1 3
60 84 1 3
60 85 1 3
60 86 1 3
60 87 2 3
60 88 0 3
60 89 0 4
60 90 3 11
60 91 1 12
60 92 1 4
60 93 1 3
60 94 1 3
60 95 1 3
60 96 1 3
60 97 1 3
60 98 1 3
60 99 3 10
60 100 4 12
61 1 3 14
61 2 2 5
61 3 1 3
61 4 1 3
61 5 1 3
61 6 1 3
61 7 1 3
61 8 1 3
61 9 1 3
61 10 1 3
61 11 1 3
61 12 1 3
61 13 1 3
61 14 1 3
61 15 1 3
61 16 1 3
61 17 1 3
61 18 1 3
61 19 1 3
61 20 1 3
61 21 1 3
61 22 1 3
61 23 2 6
61 24 1 3
61 25 1 3
61 26 1 3
61 27 1 3
61 28 1 3
61 29 1 3
61 30 1 3
61 31 1 3
61 32 1 3
61 33 1 3
61 34 2 5
61 35 1 3
61 36 1 3
61 37 1 3
61 38 1 3
61 39 1 3
61 40 1 3
61 41 1 3
61 42 1 3
61 43 1 3
61 44 1 3
61 45 1 3
61 46 1 3
61 47 1 3
61 48 1 3
61 49 1 3
61 50 1 3
61 51 1 3
61 52 1 3
61 53 1 3
61 54 1 3
61 55 1 3
61 56 1 3
61 57 1 4
61 58 4 11
61 59 3 11
61 60 1 3
61 61 1 3
61 62 1 3
61 63 1 3
61 64 1 3
61 65 9 12
61 66 2 4
61 67 2 6
61 68 2 9
61 69 6 13
61 70 3 9
61 71 2 3
61 72 2 3
61 73 2 3
61 74 2 3
61 75 2 3
61 76 2 3
61 77 1 3
61 78 4 10
61 79 1 4
61 80 3 5
61 81 2 8
61 82 1 3
61 83 1 3
61 84 0 3
61 85 1 3
61 86 1 3
61 87 1 3
61 88 1 3
61 89 1 3
61 90 4 12
61 91 1 8
61 92 1 2
61 93 1 3
61 94 3 6
61 95 6 10
61 96 3 10
61 97 5 10
61 98 5 10
61 99 4 10
61 100 5 14
62 1 2 5
62 2 1 4
62 3 2 3
62 4 1 3
62 5 1 3
62 6 1 3
62 7 1 3
62 8 1 3
62 9 1 3
62 10 1 3
62 11 1 3
62 12 1 3
62 13 1 3
62 14 1 3
62 15 1 3
62 16 1 3
62 17 1 3
62 18 1 3
62 19 1 3
62 20 1 3
62 21 1 3
62 22 1 3
62 23 1 3
62 24 2 6
62 25 1 3
62 26 1 3
62 27 1 3
62 28 1 3
62 29 1 3
62 30 1 3
62 31 1 3
62 32 1 3
62 33 1 3
62 34 1 3
62 35 1 3
62 36 1 3
62 37 1 3
62 38 1 3
62 39 1 3
62 40 1 3
62 41 1 3
62 42 1 3
62 43 1 3
62 44 1 3
62 45 1 3
62 46 1 3
62 47 1 3
62 48 1 3
62 49 1 3
62 50 1 3
62 51 1 3
62 52 1 3
62 53 1 3
62 54 1 3
62 55 1 3
62 56 1 3
62 57 1 3
62 58 1 3
62 59 1 3
62 60 7 14
62 61 1 3
62 62 3 10
62 63 1 3
62 64 1 3
62 65 1 3
62 66 1 3
62 67 1 3
62 68 5 13
62 69 3 13
62 70 4 9
62 71 3 14
62 72 1 2
62 73 2 8
62 74 0 4
62 75 1 4
62 76 2 8
62 77 7 11
62 78 4 10
62 79 2 3
62 80 3 5
62 81 1 3
62 82 1 3
62 83 1 3
62 84 1 3
62 85 5 10
62 86 0 8
62 87 1 3
62 88 1 3
62 89 7 12
62 90 1 7
62 91 7 11
62 92 5 10
62 93 2 4
62 94 5 10
62 95 2 3
62 96 5 11
62 97 6 14
62 98 1 2
62 99 1 2
62 100 7 11
63 1 5 12
63 2 2 5
63 3 3 5
63 4 5 10
63 5 3 11
63 6 1 3
63 7 1 3
63 8 1 3
63 9 1 3
63 10 1 3
63 11 1 3
63 12 1 3
63 13 1 3
63 14 1 3
63 15 1 3
63 16 1 3
63 17 1 3
63 18 1 3
63 19 1 3
63 20 1 3
63 21 1 3
63 22 1 3
63 23 1 3
63 24 1 3
63 25 1 3
63 26 2 6
63 27 1 3
63 28 1 3
63 29 1 3
63 30 1 3
63 31 1 3
63 32 1 3
63 33 1 3
63 34 1 3
63 35 1 3
63 36 1 3
63 37 1 3
63 38 1 3
63 39 1 3
63 40 1 3
63 41 1 3
63 42 1 3
63 43 1 3
63 44 1 3
63 45 1 3
63 46 1 3
63 47 1 3
63 48 1 3
63 49 1 3
63 50 1 3
63 51 1 3
63 52 1 3
63 53 1 3
63 54 1 3
63 55 1 3
63 56 1 3
63 57 1 3
63 58 1 3
63 59 1 3
63 60 1 4
63 61 6 8
63 62 6 11
63 63 1 4
63 64 5 10
63 65 1 6
63 66 2 10
63 67 2 5
63 68 3 12
63 69 5 9
63 70 5 13
63 71 2 3
63 72 2 3
63 73 2 3
63 74 3 14
63 75 5 7
63 76 5 10
63 77 5 13
63 78 4 9
63 79 2 3
63 80 1 2
63 81 1 5
63 82 3 7
63 83 0 3
63 84 3 9
63 85 1 3
63 86 2 7
63 87 1 3
63 88 1 3
63 89 1 2
63 90 1 3
63 91 1 3
63 92 4 9
63 93 4 11
63 94 4 6
63 95 2 11
63 96 1 2
63 97 3 10
63 98 2 3
63 99 3 10
63 100 4 8
64 1 1 4
64 2 1 3
64 3 1 3
64 4 1 3
64 5 1 3
64 6 1 3
64 7 1 3
64 8 1 3
64 9 1 3
64 10 1 3
64 11 1 3
64 12 1 3
64 13 1 3
64 14 1 3
64 15 1 3
64 16 1 3
64 17 1 3
64 18 1 3
64 19 1 3
64 20 1 3
64 21 1 3
64 22 1 3
64 23 2 6
64 24 1 3
64 25 1 3
64 26 1 3
64 27 1 3
64 28 1 3
64 29 1 3
64 30 1 3
64 31 1 3
64 32 1 3
64 33 1 3
64 34 1 3
64 35 1 3
64 36 1 3
64 37 1 3
64 38 1 3
64 39 1 3
64 40 1 3
64 41 1 3
64 42 1 3
64 43 1 3
64 44 1 3
64 45 1 3
64 46 1 3
64 47 1 3
64 48 1 3
64 49 1 3
64 50 1 3
64 51 1 3
64 52 1 3
64 53 1 3
64 54 1 3
64 55 1 3
64 56 1 3
64 57 1 3
64 58 1 3
64 59 3 10
64 60 5 12
64 61 3 5
64 62 2 7
64 63 5 13
64 64 3 9
64 65 4 9
64 66 2 6
64 67 7 10
64 68 2 5
64 69 2 3
64 70 2 3
64 71 3 7
64 72 1 3
64 73 5 8
64 74 3 9
64 75 3 11
64 76 2 10
64 77 1 2
64 78 2 3
64 79 0 4
64 80 6 8
64 81 5 10
64 82 4 10
64 83 4 10
64 84 4 12
64 85 3 8
64 86 2 4
64 87 1 3
64 88 1 3
64 89 1 3
64 90 2 7
64 91 1 3
64 92 5 9
64 93 3 7
64 94 2 10
64 95 7 12
64 96 4 7
64 97 2 3
64 98 1 2
64 99 2 6
64 100 4 10
65 1 3 12
65 2 1 3
65 3 1 3
65 4 1 3
65 5 1 3
65 6 1 3
65 7 1 3
65 8 1 3
65 9 1 3
65 10 1 3
65 11 1 3
65 12 1 3
65 13 1 3
65 14 1 3
65 15 1 3
65 16 1 3
65 17 1 3
65 18 1 3
65 19 1 3
65 20 1 3
65 21 1 3
65 22 2 6
65 23 1 3
65 24 1 3
65 25 1 3
65 26 1 3
65 27 1 3
65 28 1 3
65 29 1 3
65 30 1 3
65 31 1 3
65 32 1 3
65 33 1 3
65 34 1 3
65 35 1 3
65 36 1 3
65 37 1 3
65 38 1 3
65 39 1 3
65 40 1 3
65 41 1 3
65 42 1 3
65 43 1 3
65 44 1 3
65 45 1 3
65 46 1 3
65 47 1 3
65 48 1 3
65 49 1 3
65 50 1 3
65 51 1 3
65 52 1 3
65 53 1 3
65 54 1 3
65 55 1 3
65 56 1 3
65 57 1 3
65 58 4 7
65 59 1 3
65 60 3 14
65 61 1 4
65 62 4 10
65 63 1 4
65 64 1 3
65 65 1 4
65 66 3 11
65 67 3 4
65 68 1 3
65 69 1 3
65 70 1 3
65 71 4 5
65 72 1 3
65 73 2 3
65 74 1 2
65 75 2 3
65 76 5 7
65 77 3 10
65 78 13 14
65 79 2 5
65 80 5 12
65 81 4 6
65 82 1 3
65 83 0 3
65 84 1 4
65 85 1 3
65 86 1 3
65 87 1 3
65 88 1 4
65 89 4 7
65 90 5 12
65 91 2 10
65 92 4 11
65 93 2 3
65 94 1 2
65 95 1 2
65 96 1 6
65 97 2 12
65 98 4 11
65 99 3 10
65 100 7 12
66 1 6 10
66 2 6 10
66 3 5 13
66 4 3 12
66 5 5 14
66 6 1 3
66 7 1 3
66 8 1 3
66 9 1 3
66 10 1 3
66 11 1 3
66 12 1 3
66 13 1 3
66 14 1 3
66 15 1 3
66 16 1 3
66 17 1 3
66 18 1 3
66 19 1 3
66 20 1 3
66 21 1 3
66 22 1 3
66 23 1 3
66 24 1 3
66 25 1 3
66 26 2 6
66 27 1 3
66 28 1 3
66 29 1 3
66 30 1 3
66 31 1 3
66 32 1 3
66 33 1 3
66 34 1 3
66 35 1 3
66 36 1 3
66 37 1 3
66 38 1 3
66 39 1 3
66 40 1 3
66 41 1 3
66 42 1 3
66 43 1 3
66 44 1 3
66 45 1 3
66 46 1 3
66 47 1 3
66 48 1 3
66 49 1 3
66 50 1 3
66 51 1 3
66 52 1 3
66 53 1 3
66 54 1 3
66 55 1 3
66 56 1 3
66 57 1 3
66 58 1 3
66 59 1 3
66 60 1 3
66 61 3 12
66 62 1 4
66 63 1 4
66 64 2 7
66 65 2 3
66 66 2 3
66 67 4 8
66 68 1 3
66 69 1 3
66 70 1 3
66 71 4 6
66 72 1 7
66 73 1 2
66 74 1 2
66 75 2 3
66 76 2 3
66 77 1 3
66 78 1 3
66 79 1 3
66 80 5 13
66 81 6 12
66 82 5 14
66 83 1 3
66 84 0 3
66 85 1 3
66 86 1 3
66 87 1 3
66 88 1 3
66 89 1 3
66 90 1 3
66 91 1 4
66 92 3 14
66 93 1 3
66 94 1 3
66 95 5 11
66 96 3 11
66 97 5 11
66 98 6 10
66 99 4 14
66 100 1 3
67 1 6 10
67 2 2 6
67 3 1 3
67 4 1 3
67 5 1 3
67 6 1 3
67 7 1 3
67 8 1 3
67 9 1 3
67 10 1 3
67 11 1 3
67 12 1 3
67 13 1 3
67 14 1 3
67 15 1 3
67 16 1 3
67 17 1 3
67 18 1 3
67 19 1 3
67 20 1 3
67 21 1 3
67 22 1 3
67 23 2 6
67 24 1 3
67 25 1 3
67 26 1 3
67 27 1 3
67 28 1 3
67 29 1 3
67 30 1 3
67 31 1 3
67 32 1 3
67 33 1 3
67 34 1 3
67 35 1 3
67 36 1 3
67 37 1 3
67 38 1 3
67 39 1 3
67 40 1 3
67 41 1 3
67 42 1 3
67 43 1 3
67 44 1 3
67 45 1 3
67 46 1 3
67 47 1 3
67 48 1 3
67 49 1 3
67 50 1 3
67 51 1 3
67 52 1 3
67 53 1 3
67 54 1 3
67 55 1 3
67 56 4 13
67 57 4 12
67 58 5 13
67 59 2 12
67 60 3 12
67 61 7 12
67 62 6 10
67 63 1 3
67 64 1 4
67 65 6 12
67 66 5 14
67 67 1 2
67 68 1 2
67 69 4 6
67 70 3 7
67 71 2 5
67 72 2 3
67 73 2 5
67 74 6 12
67 75 4 9
67 76 1 3
67 77 1 3
67 78 1 3
67 79 1 3
67 80 1 3
67 81 1 3
67 82 1 3
67 83 1 3
67 84 2 12
67 85 1 10
67 86 0 3
67 87 0 5
67 88 2 12
67 89 3 11
67 90 2 5
67 91 1 9
67 92 1 3
67 93 2 4
67 94 5 12
67 95 2 6
67 96 3 7
67 97 5 11
67 98 12 11
67 99 3 5
67 100 4 13
68 1 1 3
68 2 1 3
68 3 1 3
68 4 1 3
68 5 1 3
68 6 1 3
68 7 1 3
68 8 1 3
68 9 1 3
68 10 1 3
68 11 1 3
68 12 1 3
68 13 1 3
68 14 1 3
68 15 1 3
68 16 1 3
68 17 1 3
68 18 1 3
68 19 1 3
68 20 1 3
68 21 2 6
68 22 1 3
68 23 1 3
68 24 1 3
68 25 1 3
68 26 1 3
68 27 1 3
68 28 1 3
68 29 1 3
68 30 1 3
68 31 1 3
68 32 1 3
68 33 1 3
68 34 1 3
68 35 1 3
68 36 1 3
68 37 1 3
68 38 1 3
68 39 1 3
68 40 1 3
68 41 1 3
68 42 1 3
68 43 1 3
68 44 1 3
68 45 1 3
68 46 1 3
68 47 1 3
68 48 1 3
68 49 1 3
68 50 1 3
68 51 1 3
68 52 1 3
68 53 1 3
68 54 1 3
68 55 1 3
68 56 1 3
68 57 1 3
68 58 1 3
68 59 1 3
68 60 1 3
68 61 1 3
68 62 1 3
68 63 1 3
68 64 1 3
68 65 1 3
68 66 1 3
68 67 1 6
68 68 6 10
68 69 2 5
68 70 4 12
68 71 5 11
68 72 11 12
68 73 1 8
68 74 7 10
68 75 6 11
68 76 1 3
68 77 2 6
68 78 8 11
68 79 2 5
68 80 6 8
68 81 3 9
68 82 3 13
68 83 4 11
68 84 2 5
68 85 3 6
68 86 4 13
68 87 1 5
68 88 1 3
68 89 0 3
68 90 1 3
68 91 1 3
68 92 3 6
68 93 1 3
68 94 3 7
68 95 1 2
68 96 5 12
68 97 7 9
68 98 6 13
68 99 1 3
68 100 6 11
69 1 6 11
69 2 1 5
69 3 1 3
69 4 1 3
69 5 1 3
69 6 1 3
69 7 1 3
69 8 1 3
69 9 1 3
69 10 1 3
69 11 1 3
69 12 1 3
69 13 1 3
69 14 1 3
69 15 1 3
69 16 1 3
69 17 1 3
69 18 1 3
69 19 1 3
69 20 1 3
69 21 1 3
69 22 1 3
69 23 2 6
69 24 1 3
69 25 1 3
69 26 1 3
69 27 1 3
69 28 1 3
69 29 1 3
69 30 1 3
69 31 1 3
69 32 1 3
69 33 1 3
69 34 1 3
69 35 1 3
69 36 1 3
69 37 1 3
69 38 2 5
69 39 1 3
69 40 1 3
69 41 1 3
69 42 1 3
69 43 1 3
69 44 1 3
69 45 1 3
69 46 1 3
69 47 1 3
69 48 1 3
69 49 1 3
69 50 1 3
69 51 1 3
69 52 1 3
69 53 1 3
69 54 1 3
69 55 1 3
69 56 1 3
69 57 1 3
69 58 1 3
69 59 1 3
69 60 1 3
69 61 1 3
69 62 1 3
69 63 1 3
69 64 1 3
69 65 1 3
69 66 1 3
69 67 6 10
69 68 2 4
69 69 5 9
69 70 2 5
69 71 4 14
69 72 8 12
69 73 1 3
69 74 1 3
69 75 1 3
69 76 1 5
69 77 2 10
69 78 3 13
69 79 0 3
69 80 4 11
69 81 2 10
69 82 4 12
69 83 1 3
69 84 1 3
69 85 1 3
69 86 4 6
69 87 6 12
69 88 6 9
69 89 4 9
69 90 4 11
69 91 1 5
69 92 0 3
69 93 0 3
69 94 1 3
69 95 1 3
69 96 11 14
69 97 2 11
69 98 3 5
69 99 6 13
69 100 5 11
70 1 1 5
70 2 1 5
70 3 6 11
70 4 1 3
70 5 1 3
70 6 7 12
70 7 4 10
70 8 5 12
70 9 1 3
70 10 1 3
70 11 1 3
70 12 1 3
70 13 1 3
70 14 1 3
70 15 1 3
70 16 1 3
70 17 1 3
70 18 1 3
70 19 1 3
70 20 1 3
70 21 1 3
70 22 1 3
70 23 1 3
70 24 1 3
70 25 1 3
70 26 1 3
70 27 1 3
70 28 1 3
70 29 2 6
70 30 1 3
70 31 1 3
70 32 1 3
70 33 1 3
70 34 1 3
70 35 1 3
70 36 1 3
70 37 1 3
70 38 1 3
70 39 1 3
70 40 1 3
70 41 1 3
70 42 1 3
70 43 1 3
70 44 1 3
70 45 1 3
70 46 1 3
70 47 1 3
70 48 1 3
70 49 1 3
70 50 1 3
70 51 1 3
70 52 1 3
70 53 1 3
70 54 1 3
70 55 1 3
70 56 1 3
70 57 1 3
70 58 1 3
70 59 1 3
70 60 1 3
70 61 1 3
70 62 1 3
70 63 1 3
70 64 1 3
70 65 1 3
70 66 1 4
70 67 5 8
70 68 5 12
70 69 11 12
70 70 2 4
70 71 4 10
70 72 4 11
70 73 6 15
70 74 5 9
70 75 2 9
70 76 1 2
70 77 3 12
70 78 3 12
70 79 1 3
70 80 1 3
70 81 2 11
70 82 0 4
70 83 0 3
70 84 0 3
70 85 1 4
70 86 3 8
70 87 1 6
70 88 2 7
70 89 5 14
70 90 2 11
70 91 0 3
70 92 4 14
70 93 4 12
70 94 2 8
70 95 9 13
70 96 3 10
70 97 3 10
70 98 10 14
70 99 1 3
70 100 1 3
71 1 6 8
71 2 1 3
71 3 1 3
71 4 1 3
71 5 1 3
71 6 1 3
71 7 1 3
71 8 1 3
71 9 1 3
71 10 1 3
71 11 1 3
71 12 1 3
71 13 1 3
71 14 1 3
71 15 1 3
71 16 1 3
71 17 1 3
71 18 1 3
71 19 1 3
71 20 1 3
71 21 1 3
71 22 2 6
71 23 1 3
71 24 1 3
71 25 1 3
71 26 1 3
71 27 1 3
71 28 1 3
71 29 1 3
71 30 1 3
71 31 1 3
71 32 1 3
71 33 1 3
71 34 1 3
71 35 1 3
71 36 1 3
71 37 1 3
71 38 1 3
71 39 1 3
71 40 1 3
71 41 1 3
71 42 1 3
71 43 1 3
71 44 1 3
71 45 1 3
71 46 1 3
71 47 1 3
71 48 1 3
71 49 1 3
71 50 1 3
71 51 1 3
71 52 1 3
71 53 1 3
71 54 1 3
71 55 1 3
71 56 1 3
71 57 1 3
71 58 6 11
71 59 3 10
71 60 5 10
71 61 1 5
71 62 6 11
71 63 4 13
71 64 2 5
71 65 4 10
71 66 7 13
71 67 8 13
71 68 1 4
71 69 2 4
71 70 2 4
71 71 1 5
71 72 1 3
71 73 1 3
71 74 1 3
71 75 7 12
71 76 5 12
71 77 2 5
71 78 6 10
71 79 3 4
71 80 7 9
71 81 3 5
71 82 1 3
71 83 1 3
71 84 8 11
71 85 1 3
71 86 0 3
71 87 0 3
71 88 0 3
71 89 0 3
71 90 0 4
71 91 1 3
71 92 2 3
71 93 2 6
71 94 3 11
71 95 3 11
71 96 4 9
71 97 7 12
71 98 4 9
71 99 7 13
71 100 3 12
72 1 1 3
72 2 1 3
72 3 1 3
72 4 1 3
72 5 1 3
72 6 1 3
72 7 1 3
72 8 1 3
72 9 1 3
72 10 1 3
72 11 1 3
72 12 1 3
72 13 1 3
72 14 1 3
72 15 1 3
72 16 1 3
72 17 1 3
72 18 1 3
72 19 1 3
72 20 1 3
72 21 2 6
72 22 1 3
72 23 1 3
72 24 1 3
72 25 1 3
72 26 1 3
72 27 1 3
72 28 1 3
72 29 1 3
72 30 1 3
72 31 1 3
72 32 1 3
72 33 1 3
72 34 1 3
72 35 1 3
72 36 1 3
72 37 1 3
72 38 1 3
72 39 1 3
72 40 1 3
72 41 1 3
72 42 1 3
72 43 1 3
72 44 1 3
72 45 2 6
72 46 1 3
72 47 1 3
72 48 1 3
72 49 1 3
72 50 1 3
72 51 1 3
72 52 1 3
72 53 1 3
72 54 1 3
72 55 1 3
72 56 1 3
72 57 1 3
72 58 1 3
72 59 1 3
72 60 1 3
72 61 1 3
72 62 1 3
72 63 2 4
72 64 6 11
72 65 3 13
72 66 5 8
72 67 2 5
72 68 4 6
72 69 5 10
72 70 3 5
72 71 6 8
72 72 2 5
72 73 3 8
72 74 4 10
72 75 1 2
72 76 4 10
72 77 3 10
72 78 1 3
72 79 1 3
72 80 1 2
72 81 0 3
72 82 6 13
72 83 7 11
72 84 3 11
72 85 2 4
72 86 1 3
72 87 1 3
72 88 6 13
72 89 4 11
72 90 2 8
72 91 0 6
72 92 1 3
72 93 0 3
72 94 7 9
72 95 1 6
72 96 4 12
72 97 4 11
72 98 13 13
72 99 6 15
72 100 1 3
73 1 3 6
73 2 2 5
73 3 4 8
73 4 1 6
73 5 6 13
73 6 1 3
73 7 1 3
73 8 1 3
73 9 1 3
73 10 1 3
73 11 1 3
73 12 1 3
73 13 1 3
73 14 1 3
73 15 1 3
73 16 1 3
73 17 1 3
73 18 1 3
73 19 1 3
73 20 1 3
73 21 1 3
73 22 1 3
73 23 1 3
73 24 1 3
73 25 1 3
73 26 2 6
73 27 1 3
73 28 1 3
73 29 1 3
73 30 1 3
73 31 1 3
73 32 1 3
73 33 1 3
73 34 1 3
73 35 1 3
73 36 1 3
73 37 1 3
73 38 1 3
73 39 1 3
73 40 1 3
73 41 1 3
73 42 2 6
73 43 1 3
73 44 1 3
73 45 1 3
73 46 1 3
73 47 1 3
73 48 1 3
73 49 1 3
73 50 1 3
73 51 1 3
73 52 1 3
73 53 1 3
73 54 1 3
73 55 1 3
73 56 1 3
73 57 1 3
73 58 1 3
73 59 1 3
73 60 1 3
73 61 1 3
73 62 1 3
73 63 1 3
73 64 1 3
73 65 1 3
73 66 1 3
73 67 1 3
73 68 1 3
73 69 1 3
73 70 1 3
73 71 1 3
73 72 1 3
73 73 1 3
73 74 1 3
73 75 2 3
73 76 1 3
73 77 1 3
73 78 1 3
73 79 1 3
73 80 1 3
73 81 6 12
73 82 5 10
73 83 4 6
73 84 4 10
73 85 3 9
73 86 0 3
73 87 0 3
73 88 0 3
73 89 1 3
73 90 3 6
73 91 4 11
73 92 1 3
73 93 1 3
73 94 1 3
73 95 5 13
73 96 4 14
73 97 1 8
73 98 4 8
73 99 1 4
73 100 0 3
74 1 3 6
74 2 1 6
74 3 5 9
74 4 2 5
74 5 1 3
74 6 1 3
74 7 1 3
74 8 1 3
74 9 1 3
74 10 1 3
74 11 1 3
74 12 1 3
74 13 1 3
74 14 1 3
74 15 1 3
74 16 1 3
74 17 1 3
74 18 1 3
74 19 1 3
74 20 1 3
74 21 1 3
74 22 1 3
74 23 1 3
74 24 1 3
74 25 2 6
74 26 1 3
74 27 1 3
74 28 1 3
74 29 1 3
74 30 1 3
74 31 1 3
74 32 1 3
74 33 1 3
74 34 1 3
74 35 1 3
74 36 1 3
74 37 1 3
74 38 1 3
74 39 1 3
74 40 1 3
74 41 1 3
74 42 1 3
74 43 1 3
74 44 1 3
74 45 1 3
74 46 1 3
74 47 1 3
74 48 1 3
74 49 1 3
74 50 1 3
74 51 1 3
74 52 8 8
74 53 1 3
74 54 1 3
74 55 1 3
74 56 1 3
74 57 1 3
74 58 1 3
74 59 1 3
74 60 1 3
74 61 1 3
74 62 1 3
74 63 1 4
74 64 2 4
74 65 6 10
74 66 6 11
74 67 2 4
74 68 6 8
74 69 4 8
74 70 3 5
74 71 6 13
74 72 1 3
74 73 1 3
74 74 4 15
74 75 6 15
74 76 0 3
74 77 0 3
74 78 0 3
74 79 0 3
74 80 4 6
74 81 5 12
74 82 1 6
74 83 4 7
74 84 0 3
74 85 1 3
74 86 1 3
74 87 1 3
74 88 1 3
74 89 1 5
74 90 1 3
74 91 6 12
74 92 2 3
74 93 1 3
74 94 5 7
74 95 3 8
74 96 7 14
74 97 6 13
74 98 4 14
74 99 2 9
74 100 6 12
75 1 1 3
75 2 1 3
75 3 1 3
75 4 1 3
75 5 1 3
75 6 1 3
75 7 1 3
75 8 1 3
75 9 1 3
75 10 1 3
75 11 1 3
75 12 1 3
75 13 1 3
75 14 1 3
75 15 1 3
75 16 1 3
75 17 1 3
75 18 1 3
75 19 1 3
75 20 1 3
75 21 2 6
75 22 1 3
75 23 1 3
75 24 1 3
75 25 1 3
75 26 1 3
75 27 1 3
75 28 1 3
75 29 1 3
75 30 1 3
75 31 1 3
75 32 1 3
75 33 1 3
75 34 1 3
75 35 1 3
75 36 1 3
75 37 1 3
75 38 1 3
75 39 1 3
75 40 1 3
75 41 1 3
75 42 1 3
75 43 1 3
75 44 1 3
75 45 1 3
75 46 1 3
75 47 1 3
75 48 1 3
75 49 1 3
75 50 1 3
75 51 1 3
75 52 1 3
75 53 1 3
75 54 8 13
75 55 1 3
75 56 2 4
75 57 4 7
75 58 2 5
75 59 3 6
75 60 2 7
75 61 6 13
75 62 5 9
75 63 1 6
75 64 5 11
75 65 4 12
75 66 1 3
75 67 3 6
75 68 3 9
75 69 4 9
75 70 7 14
75 71 3 7
75 72 0 10
75 73 5 9
75 74 1 2
75 75 1 3
75 76 1 3
75 77 1 3
75 78 2 7
75 79 0 3
75 80 3 10
75 81 0 3
75 82 1 3
75 83 1 6
75 84 1 3
75 85 1 3
75 86 1 3
75 87 1 3
75 88 1 5
75 89 0 8
75 90 1 3
75 91 1 6
75 92 4 11
75 93 6 11
75 94 4 11
75 95 4 12
75 96 1 3
75 97 5 11
75 98 2 10
75 99 6 10
75 100 5 11
76 1 1 3
76 2 1 3
76 3 1 3
76 4 1 3
76 5 1 3
76 6 1 3
76 7 1 3
76 8 1 3
76 9 1 3
76 10 1 3
76 11 1 3
76 12 1 3
76 13 1 3
76 14 1 3
76 15 1 3
76 16 1 3
76 17 1 3
76 18 1 3
76 19 1 3
76 20 1 3
76 21 2 6
76 22 1 3
76 23 1 3
76 24 1 3
76 25 1 3
76 26 1 3
76 27 1 3
76 28 1 3
76 29 1 3
76 30 1 3
76 31 1 3
76 32 1 3
76 33 1 3
76 34 1 3
76 35 1 3
76 36 1 3
76 37 1 3
76 38 1 3
76 39 1 3
76 40 1 3
76 41 1 3
76 42 1 3
76 43 1 3
76 44 1 3
76 45 1 3
76 46 1 3
76 47 1 4
76 48 1 3
76 49 1 3
76 50 1 3
76 51 1 3
76 52 1 3
76 53 1 3
76 54 1 3
76 55 1 3
76 56 1 3
76 57 1 3
76 58 1 3
76 59 1 3
76 60 1 3
76 61 1 3
76 62 1 3
76 63 1 3
76 64 1 3
76 65 5 8
76 66 1 3
76 67 1 6
76 68 1 4
76 69 3 8
76 70 5 12
76 71 4 13
76 72 7 14
76 73 1 3
76 74 1 3
76 75 1 3
76 76 1 3
76 77 10 14
76 78 11 13
76 79 2 5
76 80 2 3
76 81 0 3
76 82 0 3
76 83 1 3
76 84 1 3
76 85 1 3
76 86 1 3
76 87 1 3
76 88 1 3
76 89 3 9
76 90 0 4
76 91 1 3
76 92 5 11
76 93 2 7
76 94 7 9
76 95 1 3
76 96 5 10
76 97 4 12
76 98 5 9
76 99 3 13
76 100 1 4
77 1 1 3
77 2 1 3
77 3 1 3
77 4 1 3
77 5 1 3
77 6 1 3
77 7 1 3
77 8 1 3
77 9 1 3
77 10 1 3
77 11 1 3
77 12 1 3
77 13 1 3
77 14 1 3
77 15 1 3
77 16 1 3
77 17 1 3
77 18 1 3
77 19 1 3
77 20 1 3
77 21 2 6
77 22 1 3
77 23 1 3
77 24 1 3
77 25 1 3
77 26 1 3
77 27 1 3
77 28 1 3
77 29 1 3
77 30 1 3
77 31 1 3
77 32 1 3
77 33 1 3
77 34 1 3
77 35 1 3
77 36 1 3
77 37 1 3
77 38 1 3
77 39 1 3
77 40 1 3
77 41 1 3
77 42 1 3
77 43 1 3
77 44 1 3
77 45 1 3
77 46 1 3
77 47 1 3
77 48 1 3
77 49 1 3
77 50 1 3
77 51 1 3
77 52 1 3
77 53 1 3
77 54 1 3
77 55 1 3
77 56 1 3
77 57 1 3
77 58 1 3
77 59 1 3
77 60 1 3
77 61 1 3
77 62 1 3
77 63 2 5
77 64 3 6
77 65 2 5
77 66 1 5
77 67 4 8
77 68 6 10
77 69 4 8
77 70 1 6
77 71 4 6
77 72 2 3
77 73 7 15
77 74 3 10
77 75 1 2
77 76 1 3
77 77 1 3
77 78 1 3
77 79 1 3
77 80 1 3
77 81 1 2
77 82 6 12
77 83 4 12
77 84 0 3
77 85 0 3
77 86 5 11
77 87 1 3
77 88 1 9
77 89 1 3
77 90 1 7
77 91 4 6
77 92 1 3
77 93 2 6
77 94 11 12
77 95 4 5
77 96 7 12
77 97 2 7
77 98 5 8
77 99 5 10
77 100 2 11
78 1 1 3
78 2 1 3
78 3 1 3
78 4 1 3
78 5 1 3
78 6 1 3
78 7 1 3
78 8 1 3
78 9 1 3
78 10 1 3
78 11 1 3
78 12 1 3
78 13 1 3
78 14 1 3
78 15 1 3
78 16 1 3
78 17 1 3
78 18 1 3
78 19 1 3
78 20 1 3
78 21 2 6
78 22 1 3
78 23 1 3
78 24 1 3
78 25 1 3
78 26 1 3
78 27 1 3
78 28 1 3
78 29 1 3
78 30 1 3
78 31 1 3
78 32 1 3
78 33 1 3
78 34 1 3
78 35 1 3
78 36 1 7
78 37 1 3
78 38 1 3
78 39 1 3
78 40 1 3
78 41 1 3
78 42 1 3
78 43 1 3
78 44 1 3
78 45 1 3
78 46 1 3
78 47 2 5
78 48 1 3
78 49 1 3
78 50 1 3
78 51 1 3
78 52 1 3
78 53 1 3
78 54 1 3
78 55 1 3
78 56 1 3
78 57 1 3
78 58 1 3
78 59 1 3
78 60 1 3
78 61 1 3
78 62 1 3
78 63 1 3
78 64 1 3
78 65 6 12
78 66 0 4
78 67 1 6
78 68 2 9
78 69 2 7
78 70 2 7
78 71 4 7
78 72 2 8
78 73 4 9
78 74 5 8
78 75 4 8
78 76 2 8
78 77 2 3
78 78 1 4
78 79 3 6
78 80 4 9
78 81 3 8
78 82 4 7
78 83 3 7
78 84 4 12
78 85 1 3
78 86 1 3
78 87 0 3
78 88 3 9
78 89 2 5
78 90 1 3
78 91 1 3
78 92 1 5
78 93 7 14
78 94 4 8
78 95 5 9
78 96 6 12
78 97 5 9
78 98 2 7
78 99 5 10
78 100 1 3
79 1 4 9
79 2 7 9
79 3 1 3
79 4 1 3
79 5 1 3
79 6 1 3
79 7 1 3
79 8 1 3
79 9 1 3
79 10 1 3
79 11 1 3
79 12 1 3
79 13 1 3
79 14 1 3
79 15 1 3
79 16 1 3
79 17 1 3
79 18 1 3
79 19 1 3
79 20 1 3
79 21 1 3
79 22 1 3
79 23 2 6
79 24 1 3
79 25 1 3
79 26 1 3
79 27 1 3
79 28 1 3
79 29 1 3
79 30 1 3
79 31 1 3
79 32 1 3
79 33 1 3
79 34 1 3
79 35 1 3
79 36 1 3
79 37 1 3
79 38 1 3
79 39 1 3
79 40 1 3
79 41 1 3
79 42 1 3
79 43 1 3
79 44 1 3
79 45 1 3
79 46 1 3
79 47 1 3
79 48 1 3
79 49 1 3
79 50 1 3
79 51 1 3
79 52 1 3
79 53 1 3
79 54 1 3
79 55 1 3
79 56 1 3
79 57 1 3
79 58 1 3
79 59 1 3
79 60 1 3
79 61 1 3
79 62 1 3
79 63 1 3
79 64 1 3
79 65 1 3
79 66 1 3
79 67 1 3
79 68 1 3
79 69 1 3
79 70 3 6
79 71 1 3
79 72 3 6
79 73 1 3
79 74 6 13
79 75 3 10
79 76 5 11
79 77 2 3
79 78 1 2
79 79 3 9
79 80 0 3
79 81 4 8
79 82 1 3
79 83 2 5
79 84 1 3
79 85 1 3
79 86 2 8
79 87 0 3
79 88 2 10
79 89 2 6
79 90 1 3
79 91 1 3
79 92 1 3
79 93 2 5
79 94 5 13
79 95 1 4
79 96 7 10
79 97 4 11
79 98 4 13
79 99 7 9
79 100 2 11
80 1 5 9
80 2 4 9
80 3 1 3
80 4 5 10
80 5 1 3
80 6 1 3
80 7 1 3
80 8 1 3
80 9 1 3
80 10 1 3
80 11 1 3
80 12 1 3
80 13 1 3
80 14 1 3
80 15 1 3
80 16 1 3
80 17 1 3
80 18 1 3
80 19 1 3
80 20 1 3
80 21 1 3
80 22 1 3
80 23 1 3
80 24 1 3
80 25 2 6
80 26 1 3
80 27 1 3
80 28 1 3
80 29 1 3
80 30 1 3
80 31 1 3
80 32 1 3
80 33 1 3
80 34 1 3
80 35 1 3
80 36 1 3
80 37 1 3
80 38 1 3
80 39 1 3
80 40 1 3
80 41 1 3
80 42 1 3
80 43 1 3
80 44 1 3
80 45 1 3
80 46 1 3
80 47 1 3
80 48 1 3
80 49 1 3
80 50 1 3
80 51 1 3
80 52 1 3
80 53 1 3
80 54 1 3
80 55 4 5
80 56 1 3
80 57 1 3
80 58 1 3
80 59 1 3
80 60 1 3
80 61 1 3
80 62 7 9
80 63 2 5
80 64 1 4
80 65 1 4
80 66 3 7
80 67 1 2
80 68 2 8
80 69 2 3
80 70 4 7
80 71 3 6
80 72 3 5
80 73 1 3
80 74 1 2
80 75 1 3
80 76 1 2
80 77 1 3
80 78 1 5
80 79 1 4
80 80 3 7
80 81 4 11
80 82 3 7
80 83 3 9
80 84 1 5
80 85 1 3
80 86 1 3
80 87 1 3
80 88 1 3
80 89 3 7
80 90 3 7
80 91 4 11
80 92 1 3
80 93 1 3
80 94 1 3
80 95 1 3
80 96 3 7
80 97 1 3
80 98 1 3
80 99 3 9
80 100 1 3
81 1 4 13
81 2 5 9
81 3 1 3
81 4 1 3
81 5 1 3
81 6 1 3
81 7 1 3
81 8 1 3
81 9 1 3
81 10 1 3
81 11 1 3
81 12 1 3
81 13 1 3
81 14 1 3
81 15 1 3
81 16 1 3
81 17 1 3
81 18 1 3
81 19 1 3
81 20 1 3
81 21 1 3
81 22 1 3
81 23 2 6
81 24 1 3
81 25 1 3
81 26 1 3
81 27 1 3
81 28 1 3
81 29 1 3
81 30 1 3
81 31 1 3
81 32 1 3
81 33 1 3
81 34 1 3
81 35 4 10
81 36 1 3
81 37 1 3
81 38 1 3
81 39 1 3
81 40 1 3
81 41 1 3
81 42 1 3
81 43 1 3
81 44 1 3
81 45 1 3
81 46 1 3
81 47 1 3
81 48 1 3
81 49 1 3
81 50 1 3
81 51 1 3
81 52 1 3
81 53 4 9
81 54 1 3
81 55 1 3
81 56 1 3
81 57 1 3
81 58 1 3
81 59 1 3
81 60 1 3
81 61 1 3
81 62 1 3
81 63 1 3
81 64 1 3
81 65 1 6
81 66 4 9
81 67 1 3
81 68 4 10
81 69 2 5
81 70 1 3
81 71 5 10
81 72 9 12
81 73 6 8
81 74 4 11
81 75 2 3
81 76 2 3
81 77 7 15
81 78 7 13
81 79 6 7
81 80 0 4
81 81 7 12
81 82 7 11
81 83 5 11
81 84 1 6
81 85 1 3
81 86 1 3
81 87 1 3
81 88 1 3
81 89 1 3
81 90 1 3
81 91 1 3
81 92 5 11
81 93 1 2
81 94 7 12
81 95 1 3
81 96 1 3
81 97 1 3
81 98 7 14
81 99 5 12
81 100 8 13
82 1 1 3
82 2 6 13
82 3 4 13
82 4 1 3
82 5 1 3
82 6 1 3
82 7 1 3
82 8 1 3
82 9 1 3
82 10 1 3
82 11 1 3
82 12 1 3
82 13 1 3
82 14 1 3
82 15 1 3
82 16 1 3
82 17 1 3
82 18 1 3
82 19 1 3
82 20 1 3
82 21 1 3
82 22 1 3
82 23 1 3
82 24 2 6
82 25 1 3
82 26 1 3
82 27 1 3
82 28 1 3
82 29 1 3
82 30 1 3
82 31 1 3
82 32 1 3
82 33 1 3
82 34 1 3
82 35 1 3
82 36 3 9
82 37 1 3
82 38 1 3
82 39 1 3
82 40 1 3
82 41 1 3
82 42 1 3
82 43 1 3
82 44 1 3
82 45 1 3
82 46 1 3
82 47 1 3
82 48 1 3
82 49 1 3
82 50 1 3
82 51 1 3
82 52 1 3
82 53 1 3
82 54 1 3
82 55 1 3
82 56 1 3
82 57 1 3
82 58 1 3
82 59 1 3
82 60 1 3
82 61 1 3
82 62 1 3
82 63 1 3
82 64 1 3
82 65 1 3
82 66 1 3
82 67 1 3
82 68 1 6
82 69 5 9
82 70 3 8
82 71 5 12
82 72 1 5
82 73 8 13
82 74 2 3
82 75 5 10
82 76 7 9
82 77 3 5
82 78 1 3
82 79 1 3
82 80 10 13
82 81 1 3
82 82 6 11
82 83 0 4
82 84 4 14
82 85 3 12
82 86 4 9
82 87 1 3
82 88 1 3
82 89 6 11
82 90 2 6
82 91 1 3
82 92 1 3
82 93 1 3
82 94 1 3
82 95 5 7
82 96 2 5
82 97 1 3
82 98 1 3
82 99 4 10
82 100 5 13
83 1 4 13
83 2 2 4
83 3 3 6
83 4 7 11
83 5 1 3
83 6 1 3
83 7 1 3
83 8 1 3
83 9 1 3
83 10 1 3
83 11 1 3
83 12 1 3
83 13 1 3
83 14 1 3
83 15 1 3
83 16 1 3
83 17 1 3
83 18 1 3
83 19 1 3
83 20 1 3
83 21 1 3
83 22 1 3
83 23 1 3
83 24 1 3
83 25 2 6
83 26 1 3
83 27 1 3
83 28 1 3
83 29 1 3
83 30 1 3
83 31 1 3
83 32 1 3
83 33 1 3
83 34 1 3
83 35 1 3
83 36 1 3
83 37 1 3
83 38 1 3
83 39 1 3
83 40 1 3
83 41 1 3
83 42 1 3
83 43 1 3
83 44 1 3
83 45 1 3
83 46 1 3
83 47 1 3
83 48 1 3
83 49 1 3
83 50 1 3
83 51 1 3
83 52 1 3
83 53 1 3
83 54 1 3
83 55 1 3
83 56 1 3
83 57 1 3
83 58 1 3
83 59 1 3
83 60 1 3
83 61 1 3
83 62 1 3
83 63 1 3
83 64 1 3
83 65 1 3
83 66 6 13
83 67 2 3
83 68 6 13
83 69 1 3
83 70 3 6
83 71 3 12
83 72 0 3
83 73 4 12
83 74 3 9
83 75 3 7
83 76 4 12
83 77 0 5
83 78 3 8
83 79 9 14
83 80 1 3
83 81 2 12
83 82 1 3
83 83 1 3
83 84 1 3
83 85 1 3
83 86 4 12
83 87 1 4
83 88 2 5
83 89 1 5
83 90 4 9
83 91 4 12
83 92 1 3
83 93 1 3
83 94 1 3
83 95 1 3
83 96 1 4
83 97 2 6
83 98 5 12
83 99 1 6
83 100 2 11
84 1 1 3
84 2 1 3
84 3 1 3
84 4 1 3
84 5 1 3
84 6 1 3
84 7 1 3
84 8 1 3
84 9 1 3
84 10 1 3
84 11 1 3
84 12 1 3
84 13 1 3
84 14 1 3
84 15 1 3
84 16 1 3
84 17 1 3
84 18 1 3
84 19 1 3
84 20 1 3
84 21 2 6
84 22 1 3
84 23 1 3
84 24 1 3
84 25 1 3
84 26 1 3
84 27 1 3
84 28 1 3
84 29 1 3
84 30 1 3
84 31 1 3
84 32 1 3
84 33 1 3
84 34 1 3
84 35 1 3
84 36 1 3
84 37 1 3
84 38 1 3
84 39 1 3
84 40 1 3
84 41 1 3
84 42 1 3
84 43 1 3
84 44 1 3
84 45 1 3
84 46 1 3
84 47 1 3
84 48 1 3
84 49 1 3
84 50 1 3
84 51 1 3
84 52 1 3
84 53 7 11
84 54 3 6
84 55 2 4
84 56 3 7
84 57 1 3
84 58 6 10
84 59 5 8
84 60 4 13
84 61 2 6
84 62 3 4
84 63 7 10
84 64 3 7
84 65 5 10
84 66 1 3
84 67 1 11
84 68 1 6
84 69 0 3
84 70 4 13
84 71 4 10
84 72 5 14
84 73 8 13
84 74 1 3
84 75 1 3
84 76 1 3
84 77 1 3
84 78 1 3
84 79 1 3
84 80 2 3
84 81 2 3
84 82 1 2
84 83 1 3
84 84 1 3
84 85 1 3
84 86 1 3
84 87 0 3
84 88 1 3
84 89 1 3
84 90 0 3
84 91 1 5
84 92 1 12
84 93 1 3
84 94 1 3
84 95 1 5
84 96 7 14
84 97 3 10
84 98 3 5
84 99 1 3
84 100 1 3
85 1 1 3
85 2 1 3
85 3 1 3
85 4 1 3
85 5 1 3
85 6 1 3
85 7 1 3
85 8 1 3
85 9 1 3
85 10 1 3
85 11 1 3
85 12 1 3
85 13 1 3
85 14 1 3
85 15 1 3
85 16 1 3
85 17 1 3
85 18 1 3
85 19 1 3
85 20 1 3
85 21 2 6
85 22 1 3
85 23 1 3
85 24 1 3
85 25 1 3
85 26 1 3
85 27 1 3
85 28 1 3
85 29 1 3
85 30 1 3
85 31 1 3
85 32 1 3
85 33 1 3
85 34 1 3
85 35 1 3
85 36 1 3
85 37 1 3
85 38 1 3
85 39 1 3
85 40 1 3
85 41 1 3
85 42 1 3
85 43 1 3
85 44 1 3
85 45 1 3
85 46 1 3
85 47 1 3
85 48 1 3
85 49 1 3
85 50 1 3
85 51 1 3
85 52 1 3
85 53 1 3
85 54 1 3
85 55 1 3
85 56 1 3
85 57 1 3
85 58 1 3
85 59 1 3
85 60 1 3
85 61 1 3
85 62 5 9
85 63 3 6
85 64 4 10
85 65 2 5
85 66 0 3
85 67 1 3
85 68 0 3
85 69 7 13
85 70 6 14
85 71 9 14
85 72 3 4
85 73 2 3
85 74 3 14
85 75 6 10
85 76 3 14
85 77 1 3
85 78 1 3
85 79 1 3
85 80 5 11
85 81 1 3
85 82 1 2
85 83 1 2
85 84 5 11
85 85 1 3
85 86 1 3
85 87 1 3
85 88 1 2
85 89 1 3
85 90 2 4
85 91 3 9
85 92 1 3
85 93 2 6
85 94 5 12
85 95 6 12
85 96 5 13
85 97 3 4
85 98 2 4
85 99 1 3
85 100 5 11
86 1 3 11
86 2 1 3
86 3 1 3
86 4 1 3
86 5 1 3
86 6 1 3
86 7 1 3
86 8 1 3
86 9 1 3
86 10 1 3
86 11 1 3
86 12 1 3
86 13 1 3
86 14 1 3
86 15 1 3
86 16 1 3
86 17 1 3
86 18 1 3
86 19 1 3
86 20 1 3
86 21 1 3
86 22 2 6
86 23 1 3
86 24 1 3
86 25 1 3
86 26 1 3
86 27 1 3
86 28 1 3
86 29 1 3
86 30 1 3
86 31 1 3
86 32 1 3
86 33 1 3
86 34 1 3
86 35 1 3
86 36 1 3
86 37 1 3
86 38 1 3
86 39 1 3
86 40 1 3
86 41 1 3
86 42 1 3
86 43 1 3
86 44 1 3
86 45 1 3
86 46 1 3
86 47 1 3
86 48 1 3
86 49 1 3
86 50 1 3
86 51 1 3
86 52 1 3
86 53 1 3
86 54 1 3
86 55 1 3
86 56 1 3
86 57 1 3
86 58 1 3
86 59 1 3
86 60 9 13
86 61 0 3
86 62 0 3
86 63 6 12
86 64 2 8
86 65 0 3
86 66 0 3
86 67 5 8
86 68 11 13
86 69 3 10
86 70 5 9
86 71 1 3
86 72 4 14
86 73 5 8
86 74 4 5
86 75 5 12
86 76 4 11
86 77 1 3
86 78 1 3
86 79 1 3
86 80 4 10
86 81 1 2
86 82 2 3
86 83 1 3
86 84 1 3
86 85 1 3
86 86 1 3
86 87 1 5
86 88 8 13
86 89 1 7
86 90 4 11
86 91 0 4
86 92 4 12
86 93 3 11
86 94 8 13
86 95 3 5
86 96 7 14
86 97 4 11
86 98 5 11
86 99 3 9
86 100 4 12
87 1 1 9
87 2 2 3
87 3 0 3
87 4 0 3
87 5 2 5
87 6 5 10
87 7 1 4
87 8 3 10
87 9 5 14
87 10 1 3
87 11 1 3
87 12 1 3
87 13 1 3
87 14 1 3
87 15 1 3
87 16 1 3
87 17 1 3
87 18 1 3
87 19 1 3
87 20 1 3
87 21 1 3
87 22 1 3
87 23 1 3
87 24 1 3
87 25 1 3
87 26 1 3
87 27 1 3
87 28 1 3
87 29 1 3
87 30 2 6
87 31 1 3
87 32 1 3
87 33 1 3
87 34 1 3
87 35 1 3
87 36 1 3
87 37 1 3
87 38 1 3
87 39 1 3
87 40 1 3
87 41 1 3
87 42 1 3
87 43 1 3
87 44 1 3
87 45 1 3
87 46 1 3
87 47 1 3
87 48 1 3
87 49 1 3
87 50 1 3
87 51 1 3
87 52 1 3
87 53 1 3
87 54 1 3
87 55 1 3
87 56 1 3
87 57 1 3
87 58 1 3
87 59 1 3
87 60 1 3
87 61 1 3
87 62 1 3
87 63 1 3
87 64 1 3
87 65 1 3
87 66 1 3
87 67 5 11
87 68 3 11
87 69 3 8
87 70 7 10
87 71 5 11
87 72 5 11
87 73 2 5
87 74 7 12
87 75 2 3
87 76 2 3
87 77 1 2
87 78 5 12
87 79 4 9
87 80 0 4
87 81 1 3
87 82 0 3
87 83 1 3
87 84 1 3
87 85 1 3
87 86 2 3
87 87 1 3
87 88 3 10
87 89 5 11
87 90 2 9
87 91 4 9
87 92 3 10
87 93 3 12
87 94 5 13
87 95 4 10
87 96 6 12
87 97 3 11
87 98 6 14
87 99 7 10
87 100 6 13
88 1 7 9
88 2 1 5
88 3 2 5
88 4 1 3
88 5 1 3
88 6 1 3
88 7 1 3
88 8 1 3
88 9 1 3
88 10 1 3
88 11 1 3
88 12 1 3
88 13 1 3
88 14 1 3
88 15 1 3
88 16 1 3
88 17 1 3
88 18 1 3
88 19 1 3
88 20 1 3
88 21 1 3
88 22 1 3
88 23 1 3
88 24 2 6
88 25 1 3
88 26 1 3
88 27 1 3
88 28 1 3
88 29 1 3
88 30 1 3
88 31 1 3
88 32 1 3
88 33 1 3
88 34 1 3
88 35 1 3
88 36 1 3
88 37 1 3
88 38 1 3
88 39 1 3
88 40 1 3
88 41 1 3
88 42 1 3
88 43 1 3
88 44 1 3
88 45 1 3
88 46 1 3
88 47 1 3
88 48 1 3
88 49 1 3
88 50 1 3
88 51 1 3
88 52 1 3
88 53 1 3
88 54 1 3
88 55 1 3
88 56 2 5
88 57 3 5
88 58 3 7
88 59 3 9
88 60 3 7
88 61 5 10
88 62 1 4
88 63 2 5
88 64 12 13
88 65 1 9
88 66 3 8
88 67 3 11
88 68 0 3
88 69 0 3
88 70 7 14
88 71 3 7
88 72 3 10
88 73 4 11
88 74 5 14
88 75 2 3
88 76 3 10
88 77 1 5
88 78 2 3
88 79 2 3
88 80 1 3
88 81 1 3
88 82 1 4
88 83 2 4
88 84 1 3
88 85 1 3
88 86 1 3
88 87 2 5
88 88 7 13
88 89 1 5
88 90 4 10
88 91 4 8
88 92 1 4
88 93 1 3
88 94 2 8
88 95 2 7
88 96 3 12
88 97 2 6
88 98 4 9
88 99 4 6
88 100 1 3
89 1 2 5
89 2 1 3
89 3 1 3
89 4 1 3
89 5 1 3
89 6 1 3
89 7 1 3
89 8 1 3
89 9 1 3
89 10 1 3
89 11 1 3
89 12 1 3
89 13 1 3
89 14 1 3
89 15 1 3
89 16 1 3
89 17 1 3
89 18 1 3
89 19 1 3
89 20 1 3
89 21 1 3
89 22 2 6
89 23 1 3
89 24 1 3
89 25 1 3
89 26 1 3
89 27 1 3
89 28 1 3
89 29 5 10
89 30 1 3
89 31 1 3
89 32 1 3
89 33 1 3
89 34 1 3
89 35 1 3
89 36 1 3
89 37 1 3
89 38 1 3
89 39 1 3
89 40 1 3
89 41 1 3
89 42 1 3
89 43 1 3
89 44 1 3
89 45 1 3
89 46 1 3
89 47 1 3
89 48 1 3
89 49 1 3
89 50 1 3
89 51 1 3
89 52 1 3
89 53 1 3
89 54 1 3
89 55 1 3
89 56 1 5
89 57 1 3
89 58 1 3
89 59 1 3
89 60 1 3
89 61 1 3
89 62 1 3
89 63 1 3
89 64 2 8
89 65 3 9
89 66 1 4
89 67 2 5
89 68 1 2
89 69 1 5
89 70 7 9
89 71 1 5
89 72 8 10
89 73 4 10
89 74 2 12
89 75 1 3
89 76 0 4
89 77 2 7
89 78 1 5
89 79 4 10
89 80 2 9
89 81 4 11
89 82 2 3
89 83 3 6
89 84 1 3
89 85 1 3
89 86 1 3
89 87 1 3
89 88 1 5
89 89 2 8
89 90 2 9
89 91 0 4
89 92 0 3
89 93 4 10
89 94 4 8
89 95 1 4
89 96 1 3
89 97 1 3
89 98 6 14
89 99 4 11
89 100 3 11
90 1 5 10
90 2 2 5
90 3 4 8
90 4 1 3
90 5 1 3
90 6 1 3
90 7 1 3
90 8 1 3
90 9 1 3
90 10 1 3
90 11 1 3
90 12 1 3
90 13 1 3
90 14 1 3
90 15 1 3
90 16 1 3
90 17 1 3
90 18 1 3
90 19 1 3
90 20 1 3
90 21 1 3
90 22 1 3
90 23 1 3
90 24 2 6
90 25 1 3
90 26 1 3
90 27 1 3
90 28 1 3
90 29 1 3
90 30 1 3
90 31 1 3
90 32 1 3
90 33 1 3
90 34 1 3
90 35 1 3
90 36 1 3
90 37 1 3
90 38 1 3
90 39 1 3
90 40 1 3
90 41 1 3
90 42 1 3
90 43 1 3
90 44 1 3
90 45 1 3
90 46 1 3
90 47 1 3
90 48 1 3
90 49 1 3
90 50 1 3
90 51 1 3
90 52 1 3
90 53 1 3
90 54 1 3
90 55 1 3
90 56 1 3
90 57 1 3
90 58 1 3
90 59 1 3
90 60 1 3
90 61 1 3
90 62 1 3
90 63 1 3
90 64 2 5
90 65 1 3
90 66 1 3
90 67 1 5
90 68 5 10
90 69 5 15
90 70 4 13
90 71 2 5
90 72 2 3
90 73 1 2
90 74 4 11
90 75 1 6
90 76 3 13
90 77 1 3
90 78 1 3
90 79 5 12
90 80 4 12
90 81 6 11
90 82 1 6
90 83 2 7
90 84 1 3
90 85 1 3
90 86 1 3
90 87 1 3
90 88 1 3
90 89 1 3
90 90 1 3
90 91 1 3
90 92 1 3
90 93 2 5
90 94 3 11
90 95 1 4
90 96 6 11
90 97 1 2
90 98 1 2
90 99 3 7
90 100 1 3
91 1 4 8
91 2 1 3
91 3 1 3
91 4 1 3
91 5 1 3
91 6 1 3
91 7 1 3
91 8 1 3
91 9 1 3
91 10 1 3
91 11 1 3
91 12 1 3
91 13 1 3
91 14 1 3
91 15 1 3
91 16 1 3
91 17 1 3
91 18 1 3
91 19 1 3
91 20 1 3
91 21 1 3
91 22 2 6
91 23 1 3
91 24 1 3
91 25 1 3
91 26 1 3
91 27 1 3
91 28 1 3
91 29 1 3
91 30 1 3
91 31 1 3
91 32 1 3
91 33 1 3
91 34 1 3
91 35 1 3
91 36 1 3
91 37 1 3
91 38 1 3
91 39 1 3
91 40 3 5
91 41 1 3
91 42 1 3
91 43 1 3
91 44 1 3
91 45 1 3
91 46 1 3
91 47 1 3
91 48 1 3
91 49 1 3
91 50 1 3
91 51 1 3
91 52 1 3
91 53 1 3
91 54 1 3
91 55 1 3
91 56 1 3
91 57 1 3
91 58 1 3
91 59 1 3
91 60 1 3
91 61 1 3
91 62 1 3
91 63 1 3
91 64 1 3
91 65 1 3
91 66 6 8
91 67 2 5
91 68 15 11
91 69 2 5
91 70 2 5
91 71 2 5
91 72 5 10
91 73 3 7
91 74 2 5
91 75 5 13
91 76 8 10
91 77 3 11
91 78 1 2
91 79 3 14
91 80 1 8
91 81 1 6
91 82 1 3
91 83 1 3
91 84 1 3
91 85 0 3
91 86 1 3
91 87 1 3
91 88 3 10
91 89 1 3
91 90 1 3
91 91 0 3
91 92 4 11
91 93 1 7
91 94 1 3
91 95 2 4
91 96 1 2
91 97 6 11
91 98 4 9
91 99 9 13
91 100 6 11
92 1 4 11
92 2 1 2
92 3 5 10
92 4 1 5
92 5 1 3
92 6 1 3
92 7 1 3
92 8 1 3
92 9 1 3
92 10 1 3
92 11 1 3
92 12 1 3
92 13 1 3
92 14 1 3
92 15 1 3
92 16 1 3
92 17 1 3
92 18 1 3
92 19 1 3
92 20 1 3
92 21 1 3
92 22 1 3
92 23 1 3
92 24 1 3
92 25 2 6
92 26 1 3
92 27 1 3
92 28 1 3
92 29 1 3
92 30 1 3
92 31 1 3
92 32 1 3
92 33 1 3
92 34 1 3
92 35 1 3
92 36 1 3
92 37 1 3
92 38 1 3
92 39 1 3
92 40 1 3
92 41 1 3
92 42 1 3
92 43 1 3
92 44 1 3
92 45 1 3
92 46 1 3
92 47 1 3
92 48 1 3
92 49 1 3
92 50 1 3
92 51 1 3
92 52 1 3
92 53 1 3
92 54 1 3
92 55 1 3
92 56 1 3
92 57 1 3
92 58 1 3
92 59 1 3
92 60 1 3
92 61 1 3
92 62 1 3
92 63 1 3
92 64 1 3
92 65 1 3
92 66 1 3
92 67 1 3
92 68 4 8
92 69 4 9
92 70 2 5
92 71 2 5
92 72 2 3
92 73 1 3
92 74 1 3
92 75 1 3
92 76 4 12
92 77 4 11
92 78 11 14
92 79 5 10
92 80 0 3
92 81 3 12
92 82 7 12
92 83 0 3
92 84 4 10
92 85 5 10
92 86 1 3
92 87 1 3
92 88 1 3
92 89 2 7
92 90 1 3
92 91 9 14
92 92 1 3
92 93 2 8
92 94 1 4
92 95 2 8
92 96 1 3
92 97 1 3
92 98 6 9
92 99 6 14
92 100 7 10
93 1 1 3
93 2 1 3
93 3 1 3
93 4 1 3
93 5 1 3
93 6 1 3
93 7 1 3
93 8 1 3
93 9 1 3
93 10 1 3
93 11 1 3
93 12 1 3
93 13 1 3
93 14 1 3
93 15 1 3
93 16 1 3
93 17 1 3
93 18 1 3
93 19 1 3
93 20 1 3
93 21 2 6
93 22 1 3
93 23 1 3
93 24 1 3
93 25 1 3
93 26 1 3
93 27 1 3
93 28 1 3
93 29 1 3
93 30 1 3
93 31 1 3
93 32 1 3
93 33 1 3
93 34 1 3
93 35 1 3
93 36 1 3
93 37 1 3
93 38 1 3
93 39 1 3
93 40 1 3
93 41 1 3
93 42 1 3
93 43 1 3
93 44 1 3
93 45 1 3
93 46 1 3
93 47 1 3
93 48 1 3
93 49 1 3
93 50 1 3
93 51 1 3
93 52 1 3
93 53 1 3
93 54 1 3
93 55 1 3
93 56 1 3
93 57 1 3
93 58 1 3
93 59 1 3
93 60 1 3
93 61 1 3
93 62 3 10
93 63 5 8
93 64 4 8
93 65 4 11
93 66 3 7
93 67 5 10
93 68 3 6
93 69 1 10
93 70 1 5
93 71 3 7
93 72 2 3
93 73 3 10
93 74 1 4
93 75 4 10
93 76 1 4
93 77 2 3
93 78 2 3
93 79 1 2
93 80 1 2
93 81 1 2
93 82 1 2
93 83 7 10
93 84 4 13
93 85 4 8
93 86 1 3
93 87 1 3
93 88 1 3
93 89 1 3
93 90 0 3
93 91 1 3
93 92 1 3
93 93 1 3
93 94 1 3
93 95 1 3
93 96 2 3
93 97 1 3
93 98 1 3
93 99 5 12
93 100 3 5
94 1 1 3
94 2 1 3
94 3 1 3
94 4 1 3
94 5 1 3
94 6 1 3
94 7 1 3
94 8 1 3
94 9 1 3
94 10 1 3
94 11 1 3
94 12 1 3
94 13 1 3
94 14 1 3
94 15 1 3
94 16 1 3
94 17 1 3
94 18 1 3
94 19 1 3
94 20 1 3
94 21 2 6
94 22 1 3
94 23 1 3
94 24 1 3
94 25 1 3
94 26 1 3
94 27 1 3
94 28 1 3
94 29 1 3
94 30 1 3
94 31 1 3
94 32 4 7
94 33 1 3
94 34 1 3
94 35 1 3
94 36 1 3
94 37 1 3
94 38 1 3
94 39 1 3
94 40 1 3
94 41 1 3
94 42 1 3
94 43 1 3
94 44 1 3
94 45 1 3
94 46 1 3
94 47 1 3
94 48 1 3
94 49 1 3
94 50 1 3
94 51 1 3
94 52 1 3
94 53 1 3
94 54 1 3
94 55 1 3
94 56 1 3
94 57 1 3
94 58 1 3
94 59 1 3
94 60 1 3
94 61 1 3
94 62 1 3
94 63 1 3
94 64 1 3
94 65 1 3
94 66 1 3
94 67 1 3
94 68 1 3
94 69 4 12
94 70 5 11
94 71 3 10
94 72 7 11
94 73 1 2
94 74 1 2
94 75 1 2
94 76 1 2
94 77 1 3
94 78 1 3
94 79 1 3
94 80 1 3
94 81 3 8
94 82 4 8
94 83 3 13
94 84 0 5
94 85 3 5
94 86 6 8
94 87 1 4
94 88 1 3
94 89 1 3
94 90 12 10
94 91 1 3
94 92 1 3
94 93 8 15
94 94 1 3
94 95 2 3
94 96 2 8
94 97 3 10
94 98 1 2
94 99 2 6
94 100 2 5
95 1 2 5
95 2 2 8
95 3 2 12
95 4 1 3
95 5 1 3
95 6 1 3
95 7 1 3
95 8 1 3
95 9 1 3
95 10 1 3
95 11 1 3
95 12 1 3
95 13 1 3
95 14 1 3
95 15 1 3
95 16 1 3
95 17 1 3
95 18 1 3
95 19 1 3
95 20 1 3
95 21 1 3
95 22 1 3
95 23 1 3
95 24 1 3
95 25 2 6
95 26 1 3
95 27 1 3
95 28 1 3
95 29 1 3
95 30 1 3
95 31 1 3
95 32 1 3
95 33 1 3
95 34 1 3
95 35 1 3
95 36 1 3
95 37 1 3
95 38 1 3
95 39 1 3
95 40 1 3
95 41 1 3
95 42 1 3
95 43 1 3
95 44 1 3
95 45 1 3
95 46 1 3
95 47 1 3
95 48 1 3
95 49 1 3
95 50 1 3
95 51 1 3
95 52 1 3
95 53 1 3
95 54 1 3
95 55 1 3
95 56 1 3
95 57 1 3
95 58 1 3
95 59 1 3
95 60 1 3
95 61 1 3
95 62 1 3
95 63 1 3
95 64 1 3
95 65 1 3
95 66 1 3
95 67 1 3
95 68 1 3
95 69 1 3
95 70 1 3
95 71 5 13
95 72 3 11
95 73 2 13
95 74 2 3
95 75 2 8
95 76 1 2
95 77 1 2
95 78 1 6
95 79 1 3
95 80 1 3
95 81 1 3
95 82 1 3
95 83 1 3
95 84 1 3
95 85 1 3
95 86 2 9
95 87 6 12
95 88 1 4
95 89 5 12
95 90 4 12
95 91 4 9
95 92 4 12
95 93 7 15
95 94 5 13
95 95 2 4
95 96 4 8
95 97 1 3
95 98 3 5
95 99 6 12
95 100 1 3
96 1 1 3
96 2 1 3
96 3 1 3
96 4 1 3
96 5 1 3
96 6 1 3
96 7 1 3
96 8 1 3
96 9 1 3
96 10 1 3
96 11 1 3
96 12 1 3
96 13 1 3
96 14 1 3
96 15 1 3
96 16 1 3
96 17 1 3
96 18 1 3
96 19 1 3
96 20 1 3
96 21 2 6
96 22 1 3
96 23 1 3
96 24 1 3
96 25 1 3
96 26 1 3
96 27 1 3
96 28 1 3
96 29 1 3
96 30 1 3
96 31 1 3
96 32 1 3
96 33 1 3
96 34 1 3
96 35 1 3
96 36 1 3
96 37 3 6
96 38 1 3
96 39 1 3
96 40 1 3
96 41 1 3
96 42 1 3
96 43 1 3
96 44 1 3
96 45 1 3
96 46 1 3
96 47 2 6
96 48 1 3
96 49 1 3
96 50 1 3
96 51 1 3
96 52 1 3
96 53 1 3
96 54 1 3
96 55 1 3
96 56 1 3
96 57 1 3
96 58 1 3
96 59 1 3
96 60 1 3
96 61 1 4
96 62 0 3
96 63 6 15
96 64 3 4
96 65 3 10
96 66 2 8
96 67 2 5
96 68 1 3
96 69 3 11
96 70 2 6
96 71 1 9
96 72 6 14
96 73 2 8
96 74 4 10
96 75 2 10
96 76 3 9
96 77 2 12
96 78 1 2
96 79 1 2
96 80 1 4
96 81 1 3
96 82 5 9
96 83 2 8
96 84 1 3
96 85 5 11
96 86 1 5
96 87 1 5
96 88 1 3
96 89 2 3
96 90 4 7
96 91 6 13
96 92 1 2
96 93 4 12
96 94 3 8
96 95 5 10
96 96 5 13
96 97 4 9
96 98 5 9
96 99 4 11
96 100 1 3
97 1 1 3
97 2 1 3
97 3 1 3
97 4 1 3
97 5 1 3
97 6 1 3
97 7 1 3
97 8 1 3
97 9 1 3
97 10 1 3
97 11 1 3
97 12 1 3
97 13 1 3
97 14 1 3
97 15 1 3
97 16 1 3
97 17 1 3
97 18 1 3
97 19 1 3
97 20 1 3
97 21 2 6
97 22 1 3
97 23 1 3
97 24 1 3
97 25 1 3
97 26 1 3
97 27 1 3
97 28 1 3
97 29 1 3
97 30 1 3
97 31 1 3
97 32 1 3
97 33 1 3
97 34 1 3
97 35 1 3
97 36 1 3
97 37 1 3
97 38 1 3
97 39 1 3
97 40 1 3
97 41 1 3
97 42 1 3
97 43 1 3
97 44 1 3
97 45 1 3
97 46 1 3
97 47 1 3
97 48 1 3
97 49 1 3
97 50 1 3
97 51 1 3
97 52 1 3
97 53 1 3
97 54 1 3
97 55 1 3
97 56 1 3
97 57 1 3
97 58 1 3
97 59 1 3
97 60 1 3
97 61 1 3
97 62 1 3
97 63 3 13
97 64 6 9
97 65 3 4
97 66 3 4
97 67 1 4
97 68 1 5
97 69 5 10
97 70 4 15
97 71 4 8
97 72 3 12
97 73 2 4
97 74 1 4
97 75 7 10
97 76 3 8
97 77 2 8
97 78 1 2
97 79 1 2
97 80 2 5
97 81 5 11
97 82 1 3
97 83 1 3
97 84 1 3
97 85 1 3
97 86 2 4
97 87 0 3
97 88 7 12
97 89 3 6
97 90 4 13
97 91 1 3
97 92 1 3
97 93 1 3
97 94 10 11
97 95 1 3
97 96 2 8
97 97 2 5
97 98 1 2
97 99 1 3
97 100 5 10
98 1 4 11
98 2 2 5
98 3 1 3
98 4 1 3
98 5 1 3
98 6 1 3
98 7 1 3
98 8 1 3
98 9 1 3
98 10 1 3
98 11 1 3
98 12 1 3
98 13 1 3
98 14 1 3
98 15 1 3
98 16 1 3
98 17 1 3
98 18 1 3
98 19 1 3
98 20 1 3
98 21 1 3
98 22 1 3
98 23 2 6
98 24 1 3
98 25 1 3
98 26 1 3
98 27 1 3
98 28 1 3
98 29 1 3
98 30 1 3
98 31 1 3
98 32 1 3
98 33 1 3
98 34 1 3
98 35 1 3
98 36 1 3
98 37 1 3
98 38 1 3
98 39 1 3
98 40 1 3
98 41 1 3
98 42 1 3
98 43 1 3
98 44 2 6
98 45 1 3
98 46 1 3
98 47 1 3
98 48 1 3
98 49 1 3
98 50 1 3
98 51 1 3
98 52 1 3
98 53 1 3
98 54 1 3
98 55 1 3
98 56 1 3
98 57 1 3
98 58 1 4
98 59 2 11
98 60 8 8
98 61 2 4
98 62 2 4
98 63 2 4
98 64 4 6
98 65 4 5
98 66 1 3
98 67 1 3
98 68 1 3
98 69 1 3
98 70 1 3
98 71 5 9
98 72 5 10
98 73 3 9
98 74 2 3
98 75 2 3
98 76 1 2
98 77 2 5
98 78 1 2
98 79 1 2
98 80 2 11
98 81 3 12
98 82 3 7
98 83 5 14
98 84 1 9
98 85 1 3
98 86 1 3
98 87 7 11
98 88 2 8
98 89 3 9
98 90 2 5
98 91 5 13
98 92 11 11
98 93 1 3
98 94 1 3
98 95 1 3
98 96 3 5
98 97 5 10
98 98 1 3
98 99 1 3
98 100 7 11
99 1 1 3
99 2 1 3
99 3 1 3
99 4 1 3
99 5 1 3
99 6 1 3
99 7 1 3
99 8 1 3
99 9 1 3
99 10 1 3
99 11 1 3
99 12 1 3
99 13 1 3
99 14 1 3
99 15 1 3
99 16 1 3
99 17 1 3
99 18 1 3
99 19 1 3
99 20 1 3
99 21 2 6
99 22 1 3
99 23 1 3
99 24 1 3
99 25 1 3
99 26 1 3
99 27 1 3
99 28 1 3
99 29 1 3
99 30 1 3
99 31 1 3
99 32 1 3
99 33 1 3
99 34 1 3
99 35 1 3
99 36 1 3
99 37 1 3
99 38 1 3
99 39 1 3
99 40 1 3
99 41 1 3
99 42 1 3
99 43 1 3
99 44 1 3
99 45 1 3
99 46 1 3
99 47 1 3
99 48 1 3
99 49 1 3
99 50 1 3
99 51 1 3
99 52 1 3
99 53 1 3
99 54 1 3
99 55 1 3
99 56 1 3
99 57 1 4
99 58 1 3
99 59 1 3
99 60 1 3
99 61 1 4
99 62 4 11
99 63 2 4
99 64 4 9
99 65 1 4
99 66 2 5
99 67 2 5
99 68 3 12
99 69 4 7
99 70 6 9
99 71 5 10
99 72 5 10
99 73 3 5
99 74 8 8
99 75 2 4
99 76 1 2
99 77 1 2
99 78 3 6
99 79 1 3
99 80 1 3
99 81 1 3
99 82 1 3
99 83 1 3
99 84 2 7
99 85 1 6
99 86 1 3
99 87 1 3
99 88 1 3
99 89 3 13
99 90 1 4
99 91 1 3
99 92 1 3
99 93 6 13
99 94 4 9
99 95 2 3
99 96 5 11
99 97 2 4
99 98 6 12
99 99 1 3
99 100 5 13
