1 1 1 4
1 2 1 11
1 3 4 10
1 4 2 6
1 5 1 7
1 6 3 9
1 7 0 4
1 8 1 4
1 9 1 4
1 10 1 4
1 11 1 4
1 12 1 4
1 13 1 4
1 14 1 4
1 15 1 4
1 16 1 4
1 17 1 4
1 18 1 4
1 19 1 4
1 20 1 6
1 21 2 6
1 22 4 9
1 23 1 13
1 24 1 3
1 25 6 10
1 26 3 6
1 27 5 14
1 28 1 11
1 29 4 14
1 30 6 13
1 31 1 4
1 32 4 12
1 33 2 7
1 34 2 6
1 35 3 13
1 36 2 8
1 37 2 13
1 38 1 5
1 39 2 5
1 40 2 6
1 41 2 8
1 42 4 10
1 43 4 10
1 44 1 4
1 45 7 12
1 46 7 12
1 47 4 9
1 48 4 8
1 49 4 8
1 50 6 10
1 51 2 8
1 52 5 13
1 53 10 14
1 54 5 15
1 55 4 8
1 56 2 11
1 57 3 7
1 58 4 12
1 59 2 12
1 60 2 7
1 61 7 14
1 62 1 7
1 63 4 7
1 64 4 12
1 65 3 9
1 66 8 14
1 67 6 13
1 68 2 10
1 69 3 12
1 70 4 12
1 71 5 8
1 72 4 7
1 73 4 13
1 74 7 10
1 75 10 14
1 76 5 13
1 77 2 13
1 78 3 6
1 79 2 5
1 80 2 5
1 81 5 8
1 82 4 13
1 83 8 13
1 84 4 13
1 85 4 11
1 86 5 12
1 87 7 13
1 88 6 14
1 89 4 15
1 90 2 6
1 91 1 6
1 92 5 10
1 93 2 5
1 94 2 5
1 95 1 2
1 96 6 15
1 97 5 14
1 98 5 12
1 99 5 12
1 100 4 12
2 1 1 4
2 2 1 4
2 3 1 4
2 4 1 4
2 5 5 11
2 6 1 5
2 7 1 2
2 8 4 10
2 9 1 11
2 10 1 7
2 11 2 6
2 12 4 11
2 13 2 7
2 14 3 9
2 15 3 6
2 16 1 7
2 17 4 14
2 18 3 11
2 19 1 5
2 20 1 3
2 21 1 5
2 22 0 4
2 23 2 4
2 24 4 11
2 25 2 6
2 26 1 5
2 27 1 13
2 28 2 5
2 29 5 10
2 30 2 4
2 31 2 4
2 32 1 4
2 33 1 4
2 34 1 4
2 35 1 4
2 36 1 4
2 37 1 4
2 38 1 4
2 39 1 4
2 40 1 4
2 41 1 4
2 42 1 4
2 43 1 4
2 44 1 4
2 45 1 4
2 46 1 4
2 47 1 4
2 48 1 4
2 49 1 4
2 50 1 4
2 51 1 4
2 52 1 4
2 53 1 4
2 54 1 4
2 55 1 4
2 56 2 6
2 57 3 5
2 58 3 4
2 59 4 14
2 60 1 4
2 61 1 4
2 62 4 8
2 63 2 7
2 64 3 8
2 65 2 5
2 66 1 11
2 67 3 5
2 68 4 9
2 69 1 4
2 70 1 4
2 71 6 13
2 72 4 10
2 73 1 3
2 74 1 3
2 75 1 3
2 76 1 3
2 77 3 6
2 78 1 6
2 79 1 7
2 80 1 6
2 81 4 12
2 82 3 9
2 83 0 4
2 84 1 2
2 85 2 5
2 86 5 13
2 87 5 12
2 88 1 5
2 89 4 9
2 90 3 7
2 91 6 10
2 92 1 4
2 93 1 3
2 94 6 9
2 95 2 8
2 96 2 3
2 97 3 8
2 98 5 12
2 99 5 14
2 100 2 8
3 1 2 8
3 2 1 4
3 3 1 4
3 4 1 4
3 5 1 4
3 6 1 4
3 7 1 4
3 8 1 4
3 9 1 4
3 10 1 7
3 11 3 9
3 12 1 11
3 13 1 2
3 14 1 2
3 15 5 11
3 16 5 11
3 17 1 5
3 18 1 4
3 19 4 9
3 20 7 12
3 21 4 12
3 22 1 6
3 23 4 11
3 24 1 7
3 25 2 7
3 26 1 7
3 27 2 6
3 28 4 10
3 29 2 11
3 30 6 12
3 31 3 9
3 32 2 6
3 33 0 4
3 34 0 4
3 35 3 6
3 36 4 14
3 37 1 3
3 38 1 5
3 39 1 3
3 40 1 5
3 41 2 4
3 42 4 11
3 43 1 5
3 44 1 4
3 45 3 11
3 46 3 6
3 47 3 12
3 48 1 13
3 49 1 6
3 50 1 6
3 51 1 6
3 52 3 5
3 53 1 6
3 54 3 9
3 55 1 4
3 56 1 4
3 57 1 4
3 58 1 4
3 59 1 4
3 60 1 4
3 61 1 4
3 62 1 4
3 63 1 4
3 64 1 4
3 65 1 4
3 66 1 4
3 67 1 4
3 68 2 10
3 69 1 3
3 70 1 4
3 71 1 3
3 72 2 4
3 73 4 9
3 74 3 6
3 75 4 8
3 76 1 4
3 77 1 4
3 78 2 8
3 79 2 5
3 80 5 10
3 81 2 8
3 82 4 9
3 83 6 10
3 84 4 11
3 85 3 6
3 86 3 4
3 87 3 7
3 88 2 3
3 89 3 11
3 90 1 4
3 91 1 4
3 92 4 8
3 93 3 4
3 94 1 2
3 95 2 10
3 96 1 7
3 97 4 13
3 98 5 8
3 99 4 9
3 100 2 6
4 1 2 8
4 2 1 4
4 3 1 4
4 4 1 4
4 5 1 4
4 6 1 4
4 7 1 4
4 8 1 4
4 9 1 4
4 10 1 4
4 11 1 4
4 12 1 4
4 13 1 4
4 14 1 4
4 15 1 4
4 16 3 4
4 17 1 7
4 18 3 9
4 19 1 11
4 20 4 9
4 21 1 2
4 22 1 2
4 23 1 2
4 24 1 4
4 25 1 4
4 26 1 4
4 27 5 11
4 28 1 3
4 29 1 4
4 30 1 3
4 31 1 4
4 32 4 8
4 33 1 5
4 34 1 5
4 35 0 4
4 36 0 4
4 37 0 4
4 38 0 4
4 39 2 6
4 40 4 10
4 41 5 11
4 42 3 6
4 43 1 3
4 44 1 3
4 45 1 5
4 46 5 12
4 47 0 4
4 48 1 6
4 49 7 12
4 50 2 6
4 51 4 9
4 52 1 7
4 53 1 7
4 54 4 10
4 55 3 14
4 56 4 12
4 57 1 4
4 58 4 13
4 59 2 11
4 60 4 11
4 61 4 9
4 62 3 9
4 63 4 7
4 64 3 8
4 65 6 11
4 66 6 12
4 67 1 6
4 68 2 7
4 69 1 4
4 70 0 4
4 71 2 10
4 72 5 9
4 73 1 4
4 74 1 4
4 75 1 4
4 76 1 4
4 77 1 4
4 78 1 4
4 79 1 4
4 80 1 4
4 81 10 12
4 82 3 8
4 83 1 5
4 84 2 3
4 85 3 12
4 86 1 5
4 87 1 4
4 88 1 4
4 89 2 10
4 90 4 8
4 91 1 2
4 92 1 2
4 93 5 11
4 94 4 12
4 95 8 12
4 96 6 11
4 97 4 12
4 98 3 8
4 99 4 7
4 100 1 7
5 1 0 4
5 2 0 4
5 3 0 4
5 4 1 11
5 5 1 7
5 6 4 9
5 7 4 13
5 8 1 3
5 9 2 9
5 10 3 7
5 11 1 3
5 12 1 3
5 13 1 3
5 14 0 4
5 15 2 8
5 16 1 9
5 17 1 4
5 18 1 4
5 19 1 4
5 20 1 4
5 21 4 11
5 22 1 4
5 23 1 4
5 24 1 4
5 25 1 4
5 26 1 4
5 27 1 4
5 28 1 4
5 29 1 4
5 30 1 4
5 31 1 4
5 32 1 4
5 33 1 4
5 34 1 4
5 35 1 4
5 36 1 4
5 37 1 4
5 38 1 4
5 39 1 4
5 40 1 4
5 41 3 11
5 42 1 4
5 43 5 9
5 44 2 6
5 45 1 4
5 46 5 12
5 47 1 6
5 48 5 11
5 49 4 11
5 50 6 11
5 51 3 4
5 52 3 5
5 53 4 12
5 54 4 9
5 55 2 8
5 56 4 6
5 57 1 2
5 58 1 2
5 59 1 2
5 60 1 2
5 61 1 2
5 62 3 7
5 63 1 2
5 64 1 2
5 65 3 7
5 66 3 9
5 67 2 7
5 68 1 3
5 69 1 4
5 70 1 4
5 71 1 4
5 72 1 5
5 73 7 10
5 74 2 8
5 75 1 4
5 76 0 7
5 77 1 7
5 78 2 9
5 79 1 4
5 80 0 4
5 81 0 4
5 82 1 2
5 83 0 5
5 84 4 7
5 85 2 9
5 86 1 4
5 87 3 11
5 88 3 9
5 89 6 10
5 90 2 6
5 91 9 12
5 92 1 3
5 93 3 6
5 94 1 4
5 95 2 8
5 96 4 6
5 97 3 11
5 98 1 2
5 99 1 2
5 100 2 12
6 1 0 4
6 2 0 4
6 3 0 4
6 4 0 4
6 5 0 4
6 6 0 4
6 7 0 4
6 8 0 4
6 9 4 13
6 10 0 5
6 11 3 11
6 12 1 3
6 13 1 3
6 14 1 3
6 15 1 3
6 16 1 3
6 17 1 3
6 18 1 3
6 19 2 9
6 20 1 2
6 21 1 11
6 22 4 9
6 23 5 9
6 24 1 7
6 25 5 10
6 26 3 7
6 27 0 4
6 28 2 8
6 29 3 8
6 30 4 11
6 31 1 4
6 32 1 4
6 33 1 4
6 34 1 4
6 35 1 4
6 36 1 4
6 37 1 4
6 38 1 4
6 39 1 4
6 40 1 4
6 41 1 4
6 42 2 6
6 43 1 4
6 44 1 4
6 45 1 4
6 46 1 4
6 47 3 9
6 48 1 4
6 49 1 4
6 50 1 4
6 51 1 4
6 52 1 4
6 53 1 4
6 54 1 4
6 55 6 13
6 56 1 9
6 57 2 3
6 58 4 7
6 59 1 2
6 60 1 2
6 61 1 2
6 62 1 2
6 63 1 2
6 64 1 2
6 65 1 2
6 66 1 2
6 67 1 2
6 68 6 12
6 69 1 3
6 70 1 4
6 71 1 4
6 72 4 9
6 73 1 4
6 74 1 4
6 75 3 8
6 76 1 6
6 77 1 8
6 78 2 8
6 79 1 4
6 80 2 4
6 81 1 6
6 82 2 7
6 83 2 5
6 84 6 11
6 85 1 2
6 86 0 6
6 87 1 4
6 88 1 4
6 89 2 6
6 90 1 5
6 91 1 3
6 92 6 10
6 93 1 4
6 94 1 2
6 95 1 2
6 96 1 2
6 97 1 2
6 98 1 2
6 99 2 4
6 100 6 9
7 1 0 4
7 2 0 4
7 3 0 4
7 4 0 4
7 5 0 4
7 6 0 4
7 7 0 4
7 8 0 4
7 9 0 4
7 10 0 4
7 11 0 4
7 12 4 13
7 13 0 5
7 14 2 8
7 15 1 3
7 16 1 3
7 17 1 3
7 18 1 3
7 19 1 3
7 20 1 3
7 21 1 3
7 22 1 3
7 23 1 3
7 24 1 13
7 25 1 3
7 26 1 3
7 27 1 3
7 28 1 3
7 29 1 2
7 30 1 2
7 31 2 9
7 32 5 10
7 33 3 11
7 34 2 4
7 35 0 4
7 36 0 4
7 37 1 11
7 38 5 9
7 39 4 9
7 40 1 7
7 41 3 7
7 42 2 8
7 43 1 3
7 44 3 8
7 45 2 8
7 46 2 13
7 47 4 11
7 48 3 4
7 49 2 4
7 50 3 12
7 51 1 4
7 52 1 4
7 53 1 4
7 54 1 4
7 55 1 4
7 56 1 4
7 57 1 4
7 58 6 13
7 59 1 4
7 60 1 4
7 61 1 4
7 62 3 6
7 63 2 7
7 64 1 2
7 65 1 2
7 66 1 2
7 67 1 2
7 68 1 2
7 69 1 2
7 70 1 2
7 71 1 2
7 72 1 2
7 73 1 5
7 74 3 8
7 75 1 5
7 76 1 4
7 77 3 12
7 78 1 4
7 79 1 4
7 80 1 4
7 81 5 11
7 82 1 4
7 83 1 2
7 84 0 2
7 85 2 4
7 86 3 11
7 87 5 11
7 88 0 4
7 89 0 4
7 90 3 9
7 91 6 12
7 92 2 7
7 93 1 4
7 94 2 8
7 95 1 2
7 96 1 2
7 97 3 12
7 98 1 2
7 99 1 2
7 100 2 4
8 1 2 8
8 2 1 3
8 3 1 3
8 4 1 3
8 5 1 3
8 6 1 3
8 7 1 3
8 8 1 3
8 9 1 3
8 10 1 3
8 11 1 3
8 12 1 3
8 13 1 3
8 14 1 3
8 15 1 3
8 16 1 3
8 17 1 3
8 18 1 3
8 19 0 4
8 20 0 4
8 21 0 4
8 22 0 4
8 23 0 4
8 24 1 6
8 25 0 5
8 26 4 13
8 27 0 4
8 28 0 4
8 29 0 4
8 30 0 4
8 31 0 4
8 32 0 4
8 33 0 4
8 34 0 4
8 35 0 4
8 36 0 4
8 37 0 4
8 38 0 4
8 39 0 4
8 40 0 4
8 41 0 4
8 42 0 4
8 43 1 9
8 44 3 10
8 45 2 8
8 46 0 4
8 47 3 7
8 48 1 2
8 49 1 2
8 50 1 2
8 51 2 6
8 52 4 8
8 53 2 6
8 54 1 13
8 55 2 5
8 56 1 3
8 57 1 3
8 58 1 3
8 59 1 3
8 60 1 3
8 61 1 6
8 62 1 7
8 63 1 4
8 64 1 4
8 65 0 4
8 66 1 3
8 67 6 12
8 68 2 4
8 69 1 4
8 70 1 4
8 71 1 4
8 72 2 5
8 73 2 3
8 74 1 2
8 75 1 2
8 76 1 2
8 77 1 2
8 78 1 2
8 79 1 4
8 80 7 13
8 81 4 11
8 82 5 12
8 83 1 4
8 84 2 4
8 85 1 6
8 86 4 11
8 87 0 2
8 88 1 4
8 89 2 4
8 90 1 4
8 91 1 2
8 92 5 6
8 93 2 7
8 94 1 6
8 95 7 11
8 96 2 3
8 97 2 10
8 98 4 7
8 99 1 2
8 100 1 2
9 1 0 6
9 2 1 6
9 3 1 7
9 4 0 4
9 5 0 4
9 6 0 4
9 7 0 4
9 8 0 4
9 9 0 4
9 10 0 4
9 11 0 4
9 12 0 4
9 13 4 13
9 14 2 9
9 15 2 6
9 16 3 8
9 17 0 5
9 18 1 3
9 19 1 3
9 20 1 3
9 21 1 3
9 22 1 3
9 23 1 3
9 24 1 3
9 25 1 3
9 26 1 3
9 27 1 3
9 28 1 3
9 29 1 3
9 30 1 3
9 31 1 3
9 32 1 3
9 33 1 3
9 34 1 3
9 35 1 3
9 36 1 3
9 37 1 3
9 38 1 3
9 39 1 3
9 40 1 3
9 41 1 3
9 42 1 3
9 43 1 3
9 44 1 3
9 45 1 3
9 46 0 4
9 47 0 4
9 48 0 4
9 49 0 4
9 50 0 4
9 51 0 4
9 52 0 4
9 53 2 8
9 54 2 7
9 55 1 6
9 56 1 2
9 57 1 2
9 58 7 11
9 59 4 10
9 60 0 4
9 61 2 3
9 62 1 3
9 63 1 3
9 64 1 3
9 65 1 3
9 66 6 10
9 67 1 5
9 68 5 10
9 69 0 4
9 70 0 4
9 71 1 4
9 72 2 3
9 73 0 3
9 74 4 10
9 75 2 7
9 76 1 3
9 77 1 3
9 78 1 2
9 79 1 2
9 80 1 2
9 81 1 2
9 82 1 2
9 83 3 8
9 84 2 4
9 85 2 4
9 86 2 4
9 87 4 12
9 88 0 5
9 89 1 7
9 90 0 2
9 91 1 2
9 92 1 4
9 93 3 6
9 94 0 4
9 95 0 4
9 96 0 4
9 97 3 7
9 98 4 10
9 99 3 9
9 100 3 12
10 1 0 5
10 2 1 6
10 3 1 6
10 4 0 4
10 5 0 4
10 6 0 4
10 7 0 4
10 8 0 4
10 9 0 4
10 10 0 4
10 11 0 4
10 12 0 4
10 13 0 4
10 14 0 4
10 15 0 4
10 16 0 4
10 17 2 6
10 18 4 13
10 19 0 6
10 20 3 11
10 21 3 10
10 22 2 9
10 23 0 4
10 24 1 6
10 25 1 7
10 26 2 10
10 27 5 13
10 28 1 3
10 29 1 3
10 30 1 3
10 31 1 3
10 32 1 3
10 33 1 3
10 34 1 3
10 35 1 3
10 36 1 3
10 37 1 3
10 38 1 3
10 39 1 3
10 40 1 3
10 41 1 3
10 42 1 3
10 43 1 3
10 44 1 3
10 45 1 3
10 46 1 3
10 47 1 3
10 48 1 3
10 49 1 3
10 50 1 3
10 51 1 3
10 52 1 3
10 53 1 3
10 54 1 3
10 55 2 4
10 56 2 6
10 57 2 3
10 58 1 4
10 59 1 2
10 60 1 2
10 61 1 2
10 62 3 8
10 63 2 10
10 64 4 8
10 65 1 3
10 66 1 3
10 67 1 3
10 68 2 6
10 69 3 11
10 70 1 3
10 71 1 4
10 72 2 3
10 73 2 3
10 74 7 12
10 75 4 5
10 76 3 10
10 77 0 3
10 78 4 8
10 79 0 3
10 80 6 10
10 81 1 2
10 82 1 2
10 83 1 2
10 84 1 2
10 85 1 2
10 86 2 4
10 87 5 8
10 88 4 9
10 89 2 4
10 90 1 3
10 91 1 3
10 92 1 2
10 93 1 8
10 94 1 4
10 95 7 14
10 96 1 9
10 97 2 4
10 98 6 10
10 99 3 10
10 100 1 3
11 1 0 6
11 2 0 4
11 3 5 13
11 4 0 3
11 5 2 6
11 6 2 6
11 7 0 5
11 8 1 7
11 9 0 4
11 10 0 4
11 11 0 4
11 12 0 4
11 13 0 4
11 14 0 4
11 15 0 4
11 16 0 4
11 17 0 4
11 18 0 4
11 19 0 4
11 20 0 4
11 21 0 4
11 22 2 7
11 23 4 13
11 24 1 6
11 25 1 6
11 26 4 9
11 27 1 6
11 28 3 11
11 29 7 13
11 30 1 6
11 31 0 3
11 32 0 3
11 33 2 9
11 34 2 12
11 35 3 10
11 36 3 11
11 37 1 3
11 38 1 3
11 39 1 3
11 40 1 3
11 41 1 3
11 42 1 3
11 43 1 3
11 44 1 3
11 45 1 3
11 46 1 3
11 47 1 3
11 48 1 3
11 49 1 3
11 50 1 6
11 51 1 3
11 52 1 3
11 53 1 3
11 54 1 3
11 55 1 3
11 56 2 10
11 57 3 10
11 58 5 10
11 59 2 10
11 60 2 9
11 61 4 9
11 62 4 10
11 63 1 3
11 64 1 3
11 65 1 3
11 66 1 3
11 67 1 3
11 68 1 3
11 69 6 13
11 70 6 10
11 71 1 2
11 72 1 2
11 73 2 3
11 74 0 3
11 75 0 2
11 76 1 2
11 77 2 7
11 78 2 4
11 79 2 3
11 80 3 7
11 81 4 11
11 82 2 5
11 83 1 2
11 84 1 2
11 85 1 2
11 86 1 2
11 87 1 2
11 88 2 6
11 89 1 3
11 90 1 2
11 91 1 2
11 92 1 3
11 93 1 3
11 94 1 3
11 95 2 7
11 96 1 6
11 97 9 14
11 98 3 9
11 99 3 11
11 100 4 11
12 1 0 5
12 2 1 6
12 3 1 6
12 4 1 6
12 5 0 4
12 6 0 4
12 7 0 4
12 8 0 4
12 9 0 4
12 10 0 4
12 11 0 4
12 12 0 4
12 13 0 4
12 14 0 4
12 15 0 4
12 16 0 4
12 17 0 4
12 18 0 5
12 19 0 4
12 20 0 4
12 21 0 4
12 22 0 7
12 23 0 4
12 24 0 4
12 25 2 6
12 26 2 7
12 27 0 4
12 28 3 13
12 29 4 13
12 30 0 6
12 31 3 11
12 32 1 6
12 33 0 3
12 34 1 7
12 35 3 13
12 36 1 8
12 37 2 6
12 38 0 3
12 39 0 3
12 40 2 6
12 41 1 6
12 42 2 10
12 43 1 6
12 44 1 6
12 45 4 9
12 46 2 3
12 47 1 3
12 48 1 3
12 49 1 3
12 50 1 3
12 51 1 3
12 52 1 3
12 53 1 3
12 54 1 3
12 55 1 3
12 56 1 3
12 57 1 3
12 58 1 3
12 59 1 3
12 60 1 3
12 61 1 3
12 62 2 5
12 63 3 8
12 64 1 11
12 65 1 2
12 66 1 2
12 67 1 2
12 68 1 3
12 69 3 10
12 70 6 9
12 71 0 4
12 72 2 8
12 73 0 2
12 74 5 13
12 75 5 12
12 76 0 4
12 77 1 11
12 78 4 9
12 79 1 3
12 80 1 3
12 81 1 3
12 82 7 13
12 83 2 3
12 84 1 2
12 85 1 11
12 86 3 8
12 87 1 5
12 88 1 2
12 89 1 2
12 90 3 13
12 91 3 8
12 92 6 12
12 93 1 2
12 94 3 7
12 95 2 6
12 96 4 10
12 97 1 3
12 98 1 3
12 99 4 9
12 100 3 6
13 1 0 6
13 2 0 4
13 3 3 13
13 4 0 7
13 5 3 6
13 6 0 3
13 7 0 3
13 8 1 6
13 9 1 6
13 10 1 6
13 11 0 4
13 12 0 4
13 13 0 4
13 14 0 4
13 15 0 4
13 16 0 4
13 17 0 4
13 18 0 4
13 19 0 4
13 20 0 4
13 21 0 4
13 22 0 4
13 23 0 4
13 24 0 4
13 25 0 4
13 26 0 4
13 27 0 4
13 28 0 4
13 29 2 7
13 30 0 4
13 31 0 4
13 32 0 4
13 33 0 4
13 34 0 4
13 35 0 4
13 36 0 4
13 37 0 4
13 38 0 4
13 39 0 5
13 40 4 13
13 41 2 6
13 42 1 7
13 43 0 4
13 44 2 6
13 45 0 5
13 46 4 7
13 47 1 6
13 48 0 4
13 49 2 7
13 50 2 11
13 51 2 7
13 52 3 10
13 53 3 8
13 54 2 7
13 55 1 3
13 56 1 3
13 57 1 3
13 58 1 3
13 59 1 3
13 60 1 3
13 61 1 3
13 62 1 3
13 63 1 3
13 64 1 3
13 65 1 3
13 66 2 4
13 67 2 4
13 68 7 13
13 69 3 13
13 70 1 6
13 71 1 2
13 72 1 2
13 73 1 3
13 74 1 3
13 75 0 4
13 76 2 6
13 77 0 2
13 78 0 2
13 79 1 2
13 80 2 5
13 81 2 5
13 82 1 2
13 83 1 2
13 84 1 2
13 85 1 7
13 86 3 7
13 87 1 7
13 88 0 4
13 89 1 2
13 90 0 4
13 91 5 10
13 92 3 10
13 93 2 7
13 94 3 7
13 95 3 9
13 96 1 3
13 97 5 11
13 98 4 10
13 99 4 12
13 100 3 10
14 1 0 4
14 2 0 3
14 3 0 3
14 4 0 3
14 5 0 3
14 6 0 8
14 7 0 4
14 8 0 7
14 9 0 4
14 10 0 4
14 11 0 4
14 12 0 4
14 13 0 4
14 14 0 4
14 15 0 4
14 16 0 4
14 17 0 4
14 18 0 4
14 19 0 4
14 20 0 4
14 21 0 4
14 22 0 4
14 23 0 4
14 24 0 4
14 25 0 4
14 26 0 4
14 27 0 4
14 28 0 4
14 29 0 4
14 30 0 4
14 31 0 4
14 32 0 4
14 33 0 4
14 34 0 4
14 35 0 4
14 36 2 7
14 37 3 13
14 38 3 10
14 39 0 6
14 40 3 6
14 41 2 10
14 42 0 4
14 43 0 4
14 44 1 6
14 45 1 6
14 46 1 6
14 47 1 6
14 48 3 8
14 49 0 3
14 50 1 4
14 51 2 4
14 52 2 4
14 53 2 8
14 54 8 11
14 55 3 11
14 56 1 3
14 57 1 3
14 58 3 8
14 59 1 3
14 60 1 3
14 61 1 3
14 62 1 3
14 63 1 3
14 64 1 3
14 65 2 12
14 66 3 7
14 67 2 5
14 68 2 5
14 69 1 2
14 70 1 2
14 71 1 2
14 72 1 3
14 73 4 8
14 74 0 4
14 75 1 3
14 76 4 10
14 77 0 4
14 78 0 2
14 79 0 2
14 80 2 4
14 81 1 2
14 82 5 8
14 83 1 9
14 84 8 13
14 85 3 4
14 86 1 2
14 87 1 2
14 88 7 12
14 89 1 2
14 90 0 4
14 91 1 3
14 92 0 4
14 93 0 8
14 94 0 5
14 95 0 3
14 96 3 10
14 97 2 7
14 98 5 10
14 99 2 8
14 100 6 9
15 1 0 7
15 2 0 4
15 3 0 4
15 4 0 4
15 5 0 4
15 6 0 4
15 7 0 4
15 8 0 4
15 9 0 4
15 10 0 4
15 11 0 4
15 12 0 4
15 13 0 4
15 14 0 4
15 15 0 4
15 16 0 4
15 17 0 4
15 18 0 4
15 19 0 4
15 20 0 4
15 21 0 4
15 22 0 4
15 23 0 4
15 24 0 4
15 25 0 4
15 26 0 4
15 27 0 4
15 28 0 4
15 29 0 4
15 30 0 4
15 31 0 4
15 32 0 4
15 33 0 4
15 34 0 4
15 35 0 4
15 36 0 4
15 37 0 4
15 38 0 4
15 39 0 4
15 40 3 7
15 41 4 12
15 42 2 4
15 43 0 8
15 44 1 7
15 45 1 4
15 46 0 5
15 47 1 8
15 48 2 12
15 49 0 3
15 50 0 3
15 51 0 3
15 52 0 3
15 53 0 3
15 54 0 3
15 55 2 4
15 56 2 10
15 57 2 5
15 58 1 3
15 59 1 3
15 60 1 3
15 61 1 3
15 62 1 3
15 63 2 8
15 64 5 10
15 65 3 6
15 66 0 7
15 67 1 10
15 68 1 2
15 69 1 3
15 70 1 2
15 71 2 10
15 72 2 9
15 73 1 11
15 74 0 2
15 75 2 6
15 76 1 4
15 77 1 8
15 78 0 5
15 79 0 3
15 80 0 3
15 81 1 3
15 82 0 4
15 83 2 4
15 84 4 8
15 85 2 6
15 86 1 2
15 87 5 13
15 88 1 6
15 89 1 9
15 90 2 8
15 91 3 12
15 92 2 11
15 93 5 12
15 94 1 2
15 95 1 2
15 96 0 2
15 97 0 4
15 98 1 8
15 99 0 6
15 100 4 12
16 1 2 11
16 2 2 8
16 3 2 11
16 4 2 11
16 5 3 11
16 6 2 13
16 7 0 7
16 8 0 4
16 9 0 4
16 10 0 4
16 11 0 4
16 12 0 4
16 13 0 4
16 14 0 4
16 15 0 4
16 16 0 4
16 17 0 4
16 18 0 4
16 19 0 4
16 20 0 4
16 21 0 4
16 22 0 4
16 23 0 4
16 24 0 4
16 25 0 4
16 26 0 4
16 27 0 4
16 28 0 4
16 29 0 4
16 30 0 4
16 31 0 4
16 32 0 4
16 33 0 4
16 34 0 4
16 35 0 4
16 36 0 4
16 37 0 4
16 38 0 4
16 39 0 4
16 40 0 4
16 41 0 4
16 42 0 4
16 43 0 4
16 44 0 4
16 45 0 4
16 46 0 4
16 47 0 4
16 48 0 4
16 49 0 4
16 50 0 4
16 51 0 4
16 52 0 4
16 53 0 3
16 54 0 3
16 55 0 3
16 56 0 3
16 57 0 3
16 58 0 3
16 59 0 3
16 60 0 4
16 61 3 6
16 62 2 11
16 63 6 8
16 64 2 9
16 65 2 4
16 66 2 4
16 67 3 6
16 68 3 13
16 69 1 7
16 70 3 7
16 71 3 9
16 72 2 10
16 73 1 3
16 74 1 3
16 75 1 3
16 76 1 3
16 77 1 3
16 78 1 3
16 79 1 3
16 80 1 3
16 81 2 5
16 82 1 2
16 83 1 2
16 84 0 4
16 85 2 4
16 86 2 7
16 87 0 2
16 88 1 3
16 89 1 2
16 90 2 8
16 91 1 2
16 92 1 2
16 93 0 2
16 94 4 11
16 95 4 13
16 96 7 10
16 97 2 4
16 98 2 4
16 99 1 6
16 100 5 13
17 1 2 8
17 2 2 5
17 3 2 13
17 4 0 3
17 5 0 3
17 6 0 3
17 7 3 11
17 8 0 7
17 9 0 4
17 10 0 4
17 11 0 4
17 12 0 4
17 13 0 4
17 14 0 4
17 15 0 4
17 16 0 4
17 17 0 4
17 18 0 4
17 19 0 4
17 20 0 4
17 21 0 4
17 22 0 4
17 23 0 4
17 24 0 4
17 25 0 4
17 26 0 4
17 27 0 4
17 28 0 4
17 29 0 4
17 30 0 4
17 31 0 4
17 32 0 4
17 33 0 4
17 34 0 4
17 35 0 4
17 36 0 4
17 37 0 4
17 38 0 4
17 39 0 4
17 40 0 4
17 41 0 4
17 42 0 4
17 43 0 4
17 44 0 4
17 45 0 4
17 46 0 4
17 47 0 4
17 48 0 4
17 49 0 4
17 50 0 4
17 51 0 4
17 52 0 4
17 53 2 7
17 54 2 7
17 55 1 3
17 56 2 4
17 57 1 3
17 58 1 3
17 59 1 3
17 60 1 3
17 61 2 4
17 62 2 4
17 63 1 7
17 64 0 4
17 65 2 7
17 66 1 8
17 67 0 4
17 68 0 4
17 69 1 6
17 70 2 11
17 71 2 11
17 72 0 4
17 73 0 4
17 74 0 4
17 75 3 11
17 76 2 4
17 77 3 8
17 78 4 8
17 79 1 3
17 80 1 3
17 81 1 2
17 82 1 2
17 83 2 11
17 84 6 7
17 85 1 2
17 86 2 4
17 87 5 13
17 88 0 5
17 89 1 8
17 90 3 10
17 91 1 10
17 92 1 2
17 93 1 2
17 94 0 6
17 95 3 12
17 96 3 8
17 97 3 10
17 98 1 10
17 99 3 10
17 100 4 12
18 1 2 5
18 2 2 8
18 3 2 8
18 4 2 7
18 5 3 6
18 6 3 12
18 7 3 11
18 8 0 7
18 9 0 4
18 10 0 4
18 11 0 4
18 12 0 4
18 13 0 4
18 14 0 4
18 15 0 4
18 16 0 4
18 17 0 4
18 18 0 4
18 19 0 4
18 20 0 4
18 21 0 4
18 22 0 4
18 23 0 4
18 24 0 4
18 25 0 4
18 26 0 4
18 27 0 4
18 28 0 4
18 29 0 4
18 30 0 4
18 31 0 4
18 32 0 4
18 33 0 4
18 34 0 4
18 35 0 4
18 36 0 4
18 37 0 4
18 38 0 4
18 39 0 4
18 40 0 4
18 41 0 4
18 42 0 4
18 43 0 4
18 44 0 4
18 45 0 4
18 46 0 4
18 47 0 4
18 48 0 4
18 49 0 4
18 50 0 4
18 51 0 3
18 52 0 3
18 53 0 3
18 54 1 8
18 55 2 13
18 56 1 6
18 57 0 4
18 58 0 4
18 59 3 12
18 60 3 11
18 61 1 12
18 62 5 11
18 63 3 10
18 64 4 10
18 65 6 12
18 66 1 10
18 67 3 11
18 68 1 3
18 69 1 2
18 70 1 2
18 71 0 4
18 72 0 4
18 73 0 4
18 74 0 4
18 75 1 3
18 76 2 5
18 77 4 11
18 78 4 15
18 79 6 8
18 80 4 9
18 81 2 5
18 82 0 5
18 83 3 5
18 84 4 12
18 85 5 12
18 86 5 10
18 87 3 11
18 88 0 4
18 89 0 4
18 90 1 2
18 91 1 2
18 92 4 13
18 93 2 12
18 94 1 2
18 95 1 2
18 96 1 3
18 97 0 4
18 98 0 6
18 99 3 6
18 100 1 8
19 1 2 8
19 2 0 3
19 3 0 3
19 4 0 3
19 5 1 7
19 6 2 5
19 7 3 12
19 8 2 9
19 9 2 8
19 10 1 8
19 11 3 11
19 12 2 7
19 13 5 12
19 14 2 4
19 15 0 7
19 16 0 4
19 17 0 4
19 18 0 4
19 19 0 4
19 20 0 4
19 21 0 4
19 22 0 4
19 23 0 4
19 24 0 4
19 25 0 4
19 26 0 4
19 27 0 4
19 28 0 4
19 29 0 4
19 30 0 4
19 31 0 4
19 32 0 4
19 33 0 4
19 34 0 4
19 35 0 4
19 36 0 4
19 37 0 4
19 38 1 3
19 39 0 4
19 40 0 4
19 41 0 4
19 42 0 4
19 43 0 4
19 44 0 4
19 45 2 8
19 46 0 4
19 47 0 4
19 48 0 4
19 49 0 4
19 50 0 4
19 51 0 4
19 52 0 4
19 53 0 4
19 54 0 4
19 55 0 4
19 56 0 4
19 57 3 8
19 58 4 12
19 59 2 6
19 60 2 4
19 61 3 6
19 62 2 7
19 63 4 11
19 64 1 11
19 65 3 12
19 66 1 2
19 67 1 2
19 68 5 9
19 69 2 10
19 70 2 6
19 71 3 10
19 72 0 4
19 73 0 4
19 74 0 4
19 75 3 9
19 76 0 4
19 77 2 7
19 78 0 4
19 79 7 11
19 80 2 5
19 81 2 5
19 82 5 11
19 83 1 2
19 84 1 2
19 85 1 2
19 86 1 2
19 87 1 2
19 88 0 4
19 89 5 12
19 90 1 2
19 91 1 2
19 92 5 8
19 93 3 12
19 94 2 4
19 95 0 4
19 96 0 4
19 97 0 4
19 98 2 7
19 99 2 6
19 100 2 6
20 1 2 5
20 2 2 5
20 3 2 11
20 4 1 7
20 5 1 6
20 6 2 8
20 7 0 4
20 8 2 7
20 9 2 8
20 10 1 8
20 11 0 3
20 12 0 3
20 13 0 3
20 14 0 4
20 15 1 12
20 16 3 11
20 17 0 7
20 18 0 4
20 19 0 4
20 20 0 4
20 21 0 4
20 22 0 4
20 23 0 4
20 24 0 4
20 25 0 4
20 26 0 4
20 27 0 4
20 28 0 4
20 29 0 4
20 30 0 4
20 31 0 4
20 32 0 4
20 33 0 4
20 34 0 4
20 35 0 4
20 36 0 4
20 37 0 4
20 38 0 4
20 39 0 4
20 40 0 4
20 41 0 4
20 42 0 4
20 43 0 4
20 44 0 4
20 45 0 4
20 46 1 12
20 47 5 12
20 48 4 13
20 49 0 4
20 50 3 12
20 51 0 4
20 52 2 9
20 53 0 7
20 54 0 4
20 55 0 4
20 56 0 4
20 57 4 10
20 58 0 4
20 59 0 4
20 60 0 4
20 61 1 4
20 62 3 10
20 63 2 4
20 64 2 4
20 65 1 3
20 66 2 13
20 67 6 11
20 68 1 4
20 69 3 12
20 70 4 13
20 71 7 12
20 72 1 2
20 73 1 2
20 74 1 2
20 75 2 5
20 76 0 4
20 77 4 10
20 78 4 12
20 79 0 3
20 80 0 3
20 81 2 10
20 82 2 10
20 83 5 12
20 84 1 2
20 85 1 4
20 86 3 12
20 87 3 10
20 88 0 7
20 89 1 2
20 90 1 2
20 91 3 14
20 92 5 11
20 93 0 7
20 94 0 4
20 95 3 13
20 96 0 4
20 97 2 6
20 98 4 11
20 99 4 12
20 100 0 5
21 1 0 4
21 2 1 12
21 3 2 11
21 4 0 4
21 5 1 7
21 6 2 8
21 7 2 5
21 8 2 5
21 9 1 7
21 10 1 8
21 11 3 11
21 12 1 7
21 13 0 7
21 14 0 4
21 15 0 4
21 16 0 4
21 17 0 4
21 18 0 4
21 19 0 4
21 20 0 4
21 21 0 4
21 22 0 4
21 23 0 4
21 24 0 4
21 25 0 4
21 26 0 4
21 27 0 4
21 28 0 4
21 29 0 4
21 30 0 4
21 31 0 4
21 32 0 4
21 33 0 4
21 34 0 4
21 35 0 4
21 36 0 4
21 37 0 4
21 38 0 4
21 39 0 4
21 40 0 4
21 41 2 7
21 42 3 10
21 43 3 12
21 44 2 8
21 45 2 13
21 46 2 4
21 47 0 4
21 48 0 4
21 49 6 8
21 50 0 7
21 51 3 9
21 52 1 7
21 53 0 3
21 54 0 3
21 55 0 3
21 56 0 4
21 57 0 3
21 58 0 3
21 59 1 4
21 60 0 3
21 61 0 3
21 62 0 3
21 63 0 3
21 64 0 4
21 65 0 11
21 66 1 2
21 67 1 2
21 68 1 2
21 69 1 6
21 70 1 3
21 71 3 12
21 72 2 9
21 73 0 4
21 74 2 6
21 75 1 10
21 76 4 11
21 77 0 4
21 78 4 13
21 79 2 4
21 80 1 4
21 81 3 12
21 82 2 9
21 83 0 10
21 84 0 3
21 85 0 4
21 86 6 10
21 87 1 8
21 88 1 2
21 89 2 3
21 90 2 5
21 91 1 4
21 92 0 4
21 93 1 2
21 94 5 11
21 95 1 4
21 96 0 4
21 97 0 11
21 98 0 4
21 99 0 6
21 100 2 8
22 1 2 5
22 2 2 5
22 3 1 7
22 4 1 9
22 5 1 9
22 6 1 7
22 7 1 4
22 8 0 3
22 9 0 4
22 10 0 4
22 11 0 3
22 12 0 3
22 13 0 3
22 14 0 3
22 15 0 3
22 16 1 4
22 17 0 3
22 18 1 5
22 19 0 3
22 20 0 3
22 21 1 13
22 22 0 7
22 23 0 4
22 24 0 4
22 25 0 4
22 26 0 4
22 27 0 4
22 28 0 4
22 29 0 4
22 30 0 4
22 31 0 4
22 32 0 4
22 33 0 4
22 34 0 4
22 35 0 4
22 36 0 4
22 37 0 4
22 38 0 4
22 39 0 4
22 40 0 4
22 41 0 4
22 42 0 4
22 43 0 4
22 44 0 4
22 45 0 4
22 46 0 4
22 47 0 4
22 48 0 4
22 49 0 4
22 50 1 9
22 51 3 11
22 52 1 7
22 53 2 8
22 54 2 6
22 55 2 7
22 56 2 7
22 57 4 10
22 58 1 3
22 59 1 4
22 60 1 8
22 61 3 13
22 62 0 4
22 63 1 2
22 64 1 2
22 65 1 2
22 66 1 2
22 67 1 2
22 68 3 8
22 69 1 12
22 70 3 12
22 71 0 4
22 72 0 4
22 73 0 4
22 74 0 4
22 75 2 11
22 76 0 3
22 77 2 7
22 78 0 4
22 79 1 13
22 80 1 4
22 81 3 11
22 82 2 9
22 83 1 4
22 84 4 12
22 85 8 9
22 86 2 6
22 87 1 12
22 88 0 4
22 89 1 11
22 90 1 2
22 91 1 2
22 92 0 3
22 93 4 9
22 94 1 6
22 95 0 4
22 96 0 4
22 97 0 3
22 98 1 10
22 99 7 12
22 100 0 4
23 1 1 7
23 2 1 2
23 3 1 2
23 4 1 2
23 5 1 2
23 6 1 2
23 7 2 5
23 8 2 5
23 9 4 9
23 10 2 4
23 11 2 4
23 12 3 12
23 13 1 5
23 14 0 7
23 15 0 4
23 16 0 4
23 17 0 4
23 18 0 4
23 19 0 4
23 20 0 4
23 21 0 4
23 22 0 4
23 23 0 4
23 24 0 4
23 25 0 4
23 26 0 4
23 27 0 4
23 28 1 6
23 29 0 4
23 30 0 4
23 31 0 4
23 32 0 4
23 33 0 4
23 34 0 4
23 35 2 8
23 36 0 4
23 37 1 3
23 38 1 3
23 39 0 4
23 40 2 13
23 41 2 6
23 42 3 12
23 43 2 8
23 44 1 9
23 45 1 7
23 46 1 9
23 47 1 7
23 48 0 4
23 49 0 4
23 50 0 4
23 51 1 13
23 52 1 4
23 53 0 3
23 54 0 4
23 55 0 4
23 56 0 3
23 57 0 3
23 58 0 3
23 59 0 3
23 60 0 3
23 61 1 4
23 62 0 3
23 63 0 3
23 64 0 3
23 65 0 3
23 66 0 4
23 67 0 3
23 68 0 4
23 69 0 3
23 70 1 4
23 71 0 3
23 72 0 3
23 73 0 3
23 74 0 3
23 75 0 4
23 76 0 3
23 77 2 7
23 78 0 4
23 79 0 8
23 80 0 4
23 81 0 4
23 82 0 4
23 83 1 9
23 84 0 2
23 85 0 3
23 86 0 3
23 87 1 5
23 88 1 4
23 89 4 7
23 90 1 10
23 91 2 6
23 92 2 9
23 93 3 7
23 94 1 4
23 95 2 5
23 96 1 7
23 97 3 8
23 98 0 3
23 99 3 11
23 100 7 9
24 1 0 7
24 2 0 4
24 3 0 4
24 4 1 3
24 5 0 4
24 6 1 5
24 7 2 5
24 8 2 5
24 9 2 5
24 10 3 9
24 11 1 6
24 12 0 4
24 13 0 4
24 14 0 4
24 15 0 4
24 16 0 4
24 17 0 4
24 18 0 4
24 19 0 4
24 20 0 4
24 21 0 4
24 22 0 4
24 23 0 4
24 24 0 4
24 25 0 4
24 26 0 4
24 27 0 4
24 28 0 4
24 29 0 4
24 30 0 4
24 31 0 4
24 32 0 4
24 33 0 4
24 34 2 9
24 35 4 13
24 36 1 4
24 37 0 3
24 38 2 12
24 39 1 4
24 40 0 3
24 41 0 3
24 42 0 3
24 43 0 4
24 44 0 3
24 45 0 3
24 46 0 3
24 47 0 4
24 48 1 2
24 49 1 2
24 50 1 2
24 51 1 2
24 52 1 2
24 53 1 2
24 54 1 2
24 55 5 14
24 56 1 7
24 57 4 12
24 58 0 4
24 59 0 4
24 60 0 4
24 61 0 4
24 62 0 4
24 63 4 9
24 64 2 8
24 65 2 3
24 66 3 12
24 67 2 4
24 68 2 4
24 69 4 12
24 70 0 3
24 71 0 3
24 72 4 12
24 73 5 13
24 74 0 3
24 75 0 2
24 76 4 11
24 77 1 6
24 78 3 8
24 79 0 5
24 80 0 4
24 81 0 4
24 82 3 10
24 83 5 10
24 84 0 4
24 85 2 5
24 86 2 10
24 87 2 13
24 88 3 11
24 89 2 9
24 90 0 3
24 91 0 3
24 92 1 7
24 93 0 4
24 94 2 13
24 95 3 8
24 96 0 3
24 97 4 10
24 98 6 10
24 99 4 13
24 100 6 13
25 1 2 6
25 2 2 9
25 3 0 6
25 4 0 4
25 5 0 4
25 6 4 10
25 7 0 7
25 8 1 5
25 9 1 6
25 10 0 4
25 11 0 4
25 12 0 4
25 13 0 4
25 14 0 4
25 15 0 4
25 16 0 4
25 17 0 4
25 18 0 4
25 19 0 4
25 20 0 4
25 21 0 4
25 22 0 4
25 23 0 4
25 24 0 4
25 25 0 4
25 26 0 4
25 27 0 4
25 28 0 4
25 29 0 4
25 30 0 4
25 31 0 4
25 32 0 4
25 33 2 6
25 34 0 4
25 35 0 4
25 36 0 4
25 37 2 5
25 38 2 5
25 39 2 5
25 40 2 9
25 41 2 5
25 42 4 9
25 43 1 2
25 44 1 2
25 45 8 12
25 46 1 2
25 47 1 2
25 48 1 2
25 49 1 2
25 50 1 8
25 51 3 9
25 52 0 4
25 53 0 4
25 54 0 4
25 55 4 11
25 56 4 13
25 57 0 3
25 58 0 3
25 59 0 3
25 60 0 3
25 61 3 9
25 62 0 3
25 63 0 3
25 64 1 3
25 65 1 3
25 66 1 3
25 67 0 4
25 68 0 4
25 69 0 4
25 70 2 6
25 71 2 9
25 72 3 9
25 73 2 8
25 74 0 3
25 75 2 3
25 76 0 4
25 77 3 11
25 78 1 8
25 79 1 6
25 80 3 12
25 81 4 8
25 82 0 4
25 83 0 4
25 84 0 2
25 85 0 2
25 86 0 2
25 87 2 12
25 88 1 4
25 89 1 9
25 90 4 12
25 91 2 12
25 92 0 4
25 93 3 12
25 94 4 8
25 95 0 4
25 96 0 5
25 97 2 5
25 98 0 4
25 99 6 11
25 100 1 8
26 1 5 12
26 2 4 10
26 3 1 5
26 4 0 7
26 5 1 6
26 6 0 4
26 7 0 4
26 8 0 4
26 9 0 4
26 10 0 4
26 11 0 4
26 12 0 4
26 13 0 4
26 14 0 4
26 15 0 4
26 16 0 4
26 17 0 4
26 18 0 4
26 19 0 4
26 20 0 4
26 21 0 4
26 22 0 4
26 23 0 4
26 24 0 4
26 25 0 4
26 26 0 4
26 27 0 4
26 28 0 4
26 29 0 4
26 30 0 4
26 31 0 4
26 32 0 4
26 33 0 4
26 34 0 6
26 35 0 4
26 36 0 4
26 37 0 4
26 38 1 2
26 39 1 2
26 40 1 2
26 41 2 5
26 42 1 2
26 43 1 2
26 44 1 2
26 45 1 2
26 46 1 2
26 47 1 2
26 48 1 2
26 49 1 2
26 50 1 2
26 51 2 12
26 52 1 3
26 53 1 3
26 54 2 9
26 55 2 6
26 56 4 11
26 57 3 9
26 58 0 4
26 59 0 3
26 60 0 3
26 61 0 3
26 62 2 7
26 63 0 3
26 64 0 3
26 65 1 6
26 66 0 3
26 67 0 3
26 68 0 3
26 69 0 3
26 70 0 4
26 71 1 4
26 72 0 4
26 73 0 3
26 74 2 5
26 75 0 8
26 76 2 5
26 77 1 7
26 78 1 8
26 79 3 14
26 80 1 3
26 81 3 8
26 82 2 9
26 83 0 3
26 84 0 2
26 85 0 2
26 86 0 2
26 87 0 2
26 88 2 8
26 89 1 6
26 90 3 14
26 91 1 4
26 92 4 10
26 93 2 5
26 94 0 4
26 95 0 4
26 96 0 4
26 97 1 4
26 98 1 7
26 99 3 12
26 100 1 9
27 1 1 5
27 2 0 7
27 3 1 6
27 4 0 4
27 5 0 4
27 6 0 4
27 7 0 4
27 8 0 4
27 9 0 4
27 10 0 4
27 11 0 4
27 12 0 4
27 13 0 4
27 14 0 4
27 15 0 4
27 16 0 4
27 17 0 4
27 18 0 4
27 19 0 4
27 20 0 4
27 21 0 4
27 22 0 4
27 23 0 4
27 24 0 4
27 25 0 4
27 26 0 4
27 27 0 4
27 28 0 4
27 29 0 4
27 30 0 4
27 31 0 4
27 32 0 4
27 33 0 4
27 34 0 4
27 35 0 4
27 36 0 4
27 37 0 4
27 38 0 4
27 39 0 4
27 40 5 12
27 41 2 9
27 42 4 10
27 43 2 6
27 44 4 11
27 45 0 4
27 46 0 6
27 47 0 4
27 48 0 3
27 49 0 4
27 50 2 7
27 51 0 3
27 52 2 9
27 53 1 2
27 54 1 2
27 55 1 2
27 56 1 2
27 57 1 2
27 58 1 2
27 59 1 2
27 60 1 2
27 61 1 2
27 62 1 2
27 63 4 13
27 64 2 9
27 65 1 7
27 66 6 11
27 67 1 5
27 68 1 5
27 69 2 7
27 70 0 4
27 71 0 3
27 72 0 3
27 73 7 10
27 74 1 7
27 75 4 13
27 76 0 4
27 77 3 9
27 78 0 2
27 79 0 2
27 80 0 2
27 81 0 2
27 82 0 3
27 83 0 2
27 84 3 14
27 85 2 7
27 86 0 4
27 87 2 9
27 88 5 15
27 89 1 2
27 90 5 11
27 91 0 7
27 92 0 3
27 93 3 8
27 94 0 3
27 95 1 2
27 96 1 4
27 97 0 2
27 98 7 14
27 99 5 10
27 100 3 12
28 1 0 4
28 2 1 12
28 3 0 3
28 4 0 3
28 5 0 3
28 6 0 3
28 7 3 10
28 8 2 12
28 9 0 7
28 10 1 6
28 11 0 4
28 12 0 4
28 13 0 4
28 14 0 4
28 15 0 4
28 16 0 4
28 17 0 4
28 18 0 4
28 19 0 4
28 20 0 4
28 21 0 4
28 22 0 4
28 23 0 4
28 24 0 4
28 25 0 4
28 26 0 4
28 27 0 4
28 28 0 4
28 29 0 4
28 30 0 4
28 31 0 4
28 32 0 4
28 33 0 4
28 34 0 4
28 35 0 4
28 36 0 4
28 37 0 4
28 38 0 4
28 39 0 4
28 40 0 4
28 41 0 4
28 42 0 4
28 43 0 4
28 44 0 4
28 45 0 4
28 46 0 4
28 47 0 4
28 48 0 4
28 49 2 6
28 50 0 4
28 51 0 4
28 52 0 4
28 53 0 4
28 54 0 4
28 55 0 4
28 56 0 4
28 57 1 5
28 58 3 10
28 59 2 10
28 60 0 3
28 61 0 4
28 62 1 2
28 63 1 2
28 64 1 2
28 65 1 2
28 66 1 2
28 67 1 2
28 68 7 13
28 69 2 7
28 70 2 8
28 71 5 11
28 72 0 2
28 73 0 2
28 74 4 13
28 75 2 7
28 76 6 13
28 77 3 4
28 78 0 2
28 79 0 2
28 80 0 2
28 81 0 3
28 82 0 2
28 83 0 2
28 84 0 4
28 85 1 7
28 86 7 14
28 87 0 3
28 88 0 4
28 89 1 8
28 90 0 3
28 91 0 3
28 92 0 2
28 93 1 2
28 94 0 3
28 95 4 11
28 96 3 13
28 97 4 12
28 98 3 13
28 99 5 13
28 100 1 8
29 1 0 4
29 2 6 11
29 3 0 4
29 4 0 4
29 5 1 6
29 6 1 12
29 7 3 10
29 8 0 7
29 9 1 6
29 10 0 4
29 11 0 4
29 12 0 4
29 13 0 4
29 14 0 4
29 15 0 4
29 16 0 4
29 17 0 4
29 18 0 4
29 19 0 4
29 20 0 4
29 21 0 4
29 22 0 4
29 23 0 4
29 24 0 4
29 25 0 4
29 26 0 4
29 27 0 4
29 28 0 4
29 29 0 4
29 30 0 4
29 31 0 4
29 32 0 4
29 33 0 4
29 34 0 4
29 35 0 4
29 36 0 4
29 37 0 4
29 38 0 4
29 39 0 4
29 40 0 4
29 41 0 4
29 42 0 4
29 43 0 4
29 44 0 4
29 45 0 4
29 46 2 8
29 47 4 10
29 48 4 10
29 49 0 2
29 50 0 2
29 51 1 2
29 52 1 2
29 53 1 2
29 54 1 2
29 55 1 2
29 56 1 2
29 57 2 8
29 58 1 5
29 59 2 12
29 60 0 3
29 61 0 3
29 62 2 10
29 63 4 10
29 64 0 4
29 65 2 12
29 66 0 4
29 67 0 4
29 68 0 4
29 69 0 4
29 70 0 3
29 71 0 3
29 72 0 3
29 73 0 3
29 74 0 3
29 75 0 3
29 76 0 3
29 77 3 12
29 78 0 10
29 79 0 2
29 80 0 2
29 81 0 2
29 82 3 12
29 83 1 9
29 84 3 12
29 85 1 6
29 86 3 11
29 87 1 6
29 88 0 4
29 89 2 13
29 90 0 4
29 91 2 8
29 92 3 12
29 93 3 11
29 94 2 6
29 95 0 9
29 96 2 9
29 97 0 3
29 98 1 2
29 99 0 2
29 100 0 3
30 1 0 4
30 2 0 4
30 3 0 4
30 4 0 4
30 5 0 4
30 6 0 4
30 7 0 4
30 8 0 4
30 9 0 4
30 10 0 4
30 11 0 4
30 12 0 4
30 13 0 4
30 14 0 4
30 15 0 4
30 16 0 4
30 17 0 4
30 18 0 4
30 19 0 4
30 20 0 4
30 21 0 4
30 22 0 4
30 23 0 4
30 24 0 4
30 25 0 4
30 26 0 4
30 27 0 4
30 28 0 4
30 29 0 4
30 30 0 4
30 31 0 4
30 32 0 4
30 33 0 4
30 34 1 6
30 35 1 2
30 36 1 2
30 37 1 2
30 38 1 2
30 39 1 2
30 40 1 2
30 41 4 11
30 42 0 7
30 43 2 9
30 44 2 4
30 45 1 7
30 46 1 12
30 47 1 8
30 48 2 12
30 49 1 4
30 50 2 8
30 51 0 4
30 52 6 11
30 53 0 4
30 54 0 4
30 55 0 4
30 56 0 4
30 57 1 5
30 58 0 4
30 59 0 4
30 60 3 8
30 61 3 5
30 62 0 4
30 63 0 4
30 64 0 4
30 65 0 4
30 66 1 6
30 67 7 11
30 68 3 10
30 69 3 8
30 70 5 10
30 71 2 5
30 72 0 2
30 73 0 2
30 74 0 2
30 75 5 13
30 76 2 7
30 77 0 3
30 78 0 3
30 79 0 3
30 80 5 10
30 81 0 3
30 82 0 3
30 83 0 3
30 84 2 10
30 85 3 10
30 86 1 8
30 87 0 2
30 88 0 2
30 89 0 2
30 90 2 10
30 91 0 4
30 92 0 7
30 93 3 8
30 94 3 11
30 95 4 13
30 96 6 11
30 97 3 7
30 98 5 13
30 99 2 12
30 100 5 12
31 1 0 3
31 2 0 3
31 3 5 13
31 4 2 8
31 5 0 4
31 6 0 6
31 7 5 14
31 8 0 4
31 9 0 4
31 10 0 4
31 11 0 4
31 12 0 4
31 13 0 4
31 14 0 4
31 15 0 4
31 16 0 4
31 17 0 4
31 18 0 4
31 19 0 4
31 20 0 4
31 21 0 4
31 22 0 4
31 23 0 4
31 24 0 4
31 25 0 4
31 26 0 4
31 27 0 4
31 28 0 4
31 29 0 4
31 30 0 4
31 31 0 4
31 32 0 4
31 33 0 4
31 34 0 4
31 35 0 4
31 36 0 4
31 37 0 4
31 38 0 4
31 39 0 4
31 40 0 4
31 41 0 4
31 42 0 4
31 43 0 4
31 44 0 4
31 45 0 4
31 46 0 4
31 47 0 4
31 48 0 4
31 49 0 4
31 50 0 4
31 51 0 4
31 52 0 4
31 53 0 4
31 54 0 4
31 55 0 4
31 56 0 4
31 57 1 5
31 58 3 8
31 59 5 12
31 60 1 2
31 61 1 2
31 62 1 2
31 63 1 2
31 64 1 2
31 65 1 2
31 66 1 2
31 67 0 4
31 68 0 4
31 69 0 4
31 70 2 8
31 71 0 3
31 72 0 3
31 73 0 3
31 74 1 6
31 75 4 13
31 76 2 4
31 77 0 2
31 78 0 2
31 79 0 2
31 80 0 2
31 81 3 10
31 82 3 9
31 83 5 7
31 84 4 7
31 85 4 10
31 86 6 8
31 87 0 2
31 88 0 2
31 89 3 9
31 90 0 4
31 91 1 4
31 92 1 4
31 93 1 5
31 94 4 10
31 95 5 14
31 96 1 4
31 97 0 3
31 98 0 3
31 99 0 9
31 100 6 15
32 1 0 4
32 2 0 4
32 3 0 4
32 4 0 4
32 5 0 4
32 6 0 4
32 7 0 4
32 8 0 4
32 9 0 4
32 10 0 4
32 11 0 4
32 12 0 4
32 13 0 4
32 14 0 4
32 15 0 4
32 16 0 4
32 17 0 4
32 18 0 4
32 19 0 4
32 20 0 4
32 21 0 4
32 22 0 4
32 23 0 4
32 24 0 4
32 25 0 4
32 26 0 4
32 27 0 4
32 28 0 4
32 29 0 4
32 30 0 4
32 31 0 4
32 32 0 4
32 33 0 4
32 34 0 4
32 35 0 4
32 36 0 4
32 37 0 4
32 38 0 4
32 39 3 14
32 40 2 12
32 41 1 4
32 42 1 10
32 43 1 6
32 44 1 6
32 45 2 8
32 46 2 9
32 47 5 9
32 48 5 10
32 49 4 11
32 50 2 13
32 51 1 2
32 52 1 2
32 53 1 2
32 54 1 2
32 55 1 2
32 56 1 2
32 57 1 2
32 58 1 2
32 59 6 10
32 60 3 10
32 61 5 13
32 62 5 14
32 63 1 3
32 64 0 3
32 65 2 8
32 66 2 6
32 67 0 4
32 68 0 4
32 69 0 4
32 70 0 4
32 71 4 13
32 72 2 8
32 73 2 12
32 74 0 6
32 75 3 12
32 76 0 3
32 77 0 3
32 78 4 11
32 79 1 8
32 80 3 9
32 81 0 3
32 82 1 5
32 83 2 9
32 84 2 9
32 85 0 2
32 86 0 3
32 87 0 2
32 88 5 9
32 89 3 13
32 90 0 4
32 91 0 4
32 92 2 10
32 93 1 4
32 94 2 9
32 95 3 10
32 96 2 9
32 97 0 4
32 98 4 10
32 99 4 12
32 100 4 9
33 1 0 4
33 2 0 4
33 3 5 8
33 4 4 8
33 5 3 9
33 6 2 9
33 7 2 10
33 8 0 4
33 9 0 4
33 10 0 4
33 11 0 4
33 12 0 4
33 13 0 4
33 14 0 4
33 15 0 4
33 16 0 4
33 17 0 4
33 18 0 4
33 19 0 4
33 20 0 4
33 21 0 4
33 22 0 4
33 23 0 4
33 24 0 4
33 25 0 4
33 26 0 4
33 27 0 4
33 28 0 4
33 29 0 4
33 30 0 4
33 31 0 4
33 32 0 4
33 33 0 4
33 34 0 4
33 35 0 4
33 36 0 4
33 37 0 4
33 38 0 4
33 39 0 4
33 40 0 4
33 41 0 4
33 42 0 4
33 43 0 4
33 44 0 4
33 45 0 4
33 46 0 4
33 47 0 4
33 48 0 4
33 49 0 4
33 50 0 4
33 51 0 4
33 52 0 4
33 53 0 4
33 54 0 4
33 55 0 4
33 56 2 10
33 57 1 9
33 58 1 5
33 59 1 2
33 60 1 2
33 61 1 2
33 62 1 2
33 63 1 2
33 64 1 2
33 65 1 3
33 66 1 2
33 67 3 9
33 68 2 10
33 69 3 7
33 70 1 4
33 71 0 3
33 72 0 3
33 73 0 3
33 74 4 8
33 75 0 3
33 76 0 3
33 77 0 3
33 78 5 10
33 79 0 3
33 80 0 4
33 81 0 4
33 82 3 10
33 83 1 7
33 84 1 5
33 85 1 5
33 86 6 13
33 87 0 2
33 88 1 2
33 89 3 7
33 90 4 12
33 91 0 4
33 92 0 4
33 93 4 12
33 94 1 7
33 95 6 13
33 96 6 12
33 97 0 4
33 98 4 6
33 99 6 11
33 100 3 11
34 1 1 12
34 2 1 10
34 3 1 9
34 4 7 9
34 5 1 7
34 6 3 9
34 7 0 4
34 8 0 4
34 9 0 4
34 10 0 4
34 11 4 14
34 12 2 9
34 13 2 10
34 14 0 4
34 15 0 4
34 16 0 4
34 17 0 4
34 18 0 4
34 19 0 4
34 20 0 4
34 21 0 4
34 22 0 4
34 23 0 4
34 24 0 4
34 25 0 4
34 26 0 4
34 27 0 4
34 28 0 4
34 29 0 4
34 30 0 4
34 31 0 4
34 32 0 4
34 33 0 4
34 34 0 4
34 35 0 4
34 36 0 4
34 37 0 4
34 38 0 4
34 39 0 4
34 40 0 4
34 41 0 4
34 42 0 4
34 43 0 4
34 44 0 4
34 45 0 4
34 46 0 4
34 47 0 4
34 48 0 4
34 49 0 4
34 50 0 4
34 51 0 4
34 52 0 4
34 53 2 7
34 54 0 4
34 55 1 11
34 56 1 4
34 57 1 7
34 58 0 4
34 59 0 4
34 60 1 6
34 61 0 4
34 62 0 4
34 63 0 4
34 64 5 8
34 65 4 8
34 66 3 11
34 67 1 2
34 68 1 2
34 69 1 2
34 70 1 2
34 71 1 2
34 72 1 2
34 73 3 6
34 74 1 8
34 75 0 4
34 76 0 3
34 77 0 3
34 78 0 3
34 79 0 3
34 80 2 7
34 81 5 12
34 82 1 6
34 83 4 11
34 84 5 12
34 85 3 9
34 86 0 3
34 87 0 4
34 88 0 2
34 89 1 2
34 90 1 2
34 91 0 2
34 92 1 2
34 93 2 6
34 94 0 4
34 95 0 4
34 96 0 4
34 97 5 13
34 98 5 12
34 99 4 12
34 100 0 4
35 1 2 9
35 2 2 9
35 3 11 14
35 4 2 8
35 5 1 12
35 6 1 10
35 7 2 9
35 8 1 9
35 9 1 7
35 10 2 8
35 11 0 4
35 12 2 10
35 13 0 4
35 14 0 4
35 15 0 4
35 16 0 4
35 17 0 4
35 18 0 4
35 19 0 4
35 20 0 4
35 21 0 4
35 22 0 4
35 23 0 4
35 24 0 4
35 25 0 4
35 26 0 4
35 27 0 4
35 28 0 4
35 29 0 4
35 30 0 4
35 31 0 4
35 32 0 4
35 33 0 4
35 34 0 4
35 35 0 4
35 36 0 4
35 37 0 4
35 38 0 4
35 39 0 4
35 40 0 4
35 41 0 4
35 42 0 4
35 43 0 4
35 44 0 4
35 45 0 4
35 46 0 4
35 47 0 4
35 48 0 4
35 49 1 6
35 50 0 4
35 51 0 4
35 52 0 4
35 53 0 4
35 54 0 4
35 55 0 4
35 56 0 4
35 57 0 4
35 58 3 6
35 59 4 14
35 60 0 4
35 61 0 4
35 62 0 4
35 63 0 4
35 64 0 4
35 65 0 4
35 66 0 4
35 67 3 9
35 68 0 3
35 69 0 3
35 70 7 9
35 71 1 2
35 72 1 2
35 73 1 2
35 74 1 3
35 75 1 2
35 76 1 2
35 77 1 2
35 78 1 2
35 79 1 2
35 80 1 2
35 81 0 4
35 82 0 4
35 83 0 4
35 84 3 11
35 85 0 3
35 86 0 4
35 87 0 4
35 88 6 11
35 89 2 8
35 90 0 3
35 91 3 7
35 92 1 2
35 93 3 6
35 94 0 5
35 95 2 7
35 96 1 2
35 97 0 4
35 98 2 8
35 99 5 8
35 100 3 11
36 1 6 12
36 2 2 9
36 3 1 6
36 4 0 6
36 5 2 8
36 6 11 14
36 7 1 9
36 8 1 12
36 9 0 5
36 10 2 6
36 11 2 10
36 12 0 4
36 13 0 4
36 14 0 4
36 15 0 4
36 16 2 11
36 17 0 4
36 18 0 4
36 19 0 4
36 20 0 4
36 21 0 4
36 22 0 4
36 23 0 4
36 24 0 4
36 25 0 4
36 26 0 4
36 27 0 4
36 28 0 4
36 29 0 4
36 30 0 4
36 31 0 4
36 32 0 4
36 33 0 4
36 34 0 4
36 35 0 4
36 36 0 4
36 37 0 4
36 38 0 4
36 39 0 4
36 40 0 4
36 41 0 4
36 42 0 4
36 43 0 4
36 44 0 4
36 45 0 4
36 46 0 4
36 47 0 4
36 48 0 4
36 49 0 4
36 50 0 4
36 51 0 3
36 52 2 9
36 53 1 10
36 54 0 3
36 55 1 6
36 56 2 8
36 57 1 7
36 58 1 12
36 59 3 6
36 60 2 8
36 61 2 9
36 62 4 9
36 63 1 9
36 64 2 9
36 65 2 7
36 66 1 2
36 67 1 2
36 68 1 2
36 69 1 2
36 70 1 2
36 71 1 2
36 72 1 2
36 73 1 2
36 74 1 2
36 75 1 2
36 76 1 2
36 77 1 2
36 78 1 2
36 79 0 7
36 80 0 4
36 81 4 9
36 82 1 3
36 83 0 3
36 84 0 4
36 85 0 3
36 86 8 10
36 87 0 4
36 88 2 10
36 89 1 6
36 90 4 9
36 91 0 4
36 92 3 12
36 93 6 13
36 94 0 5
36 95 2 8
36 96 1 2
36 97 5 12
36 98 1 7
36 99 2 9
36 100 1 2
37 1 0 5
37 2 11 14
37 3 1 12
37 4 0 4
37 5 0 4
37 6 0 4
37 7 0 4
37 8 0 4
37 9 1 6
37 10 0 4
37 11 0 4
37 12 0 4
37 13 0 4
37 14 0 4
37 15 0 4
37 16 0 4
37 17 0 4
37 18 0 4
37 19 0 4
37 20 0 4
37 21 0 4
37 22 0 4
37 23 0 4
37 24 0 4
37 25 0 4
37 26 0 4
37 27 0 4
37 28 0 4
37 29 0 4
37 30 0 4
37 31 0 4
37 32 0 4
37 33 0 4
37 34 0 4
37 35 0 4
37 36 0 4
37 37 0 4
37 38 0 4
37 39 0 4
37 40 0 3
37 41 0 6
37 42 2 9
37 43 2 10
37 44 2 10
37 45 1 4
37 46 0 3
37 47 5 9
37 48 0 3
37 49 0 4
37 50 0 3
37 51 7 13
37 52 2 11
37 53 2 8
37 54 2 10
37 55 4 8
37 56 2 12
37 57 2 6
37 58 1 9
37 59 0 6
37 60 2 4
37 61 2 7
37 62 6 12
37 63 1 2
37 64 1 2
37 65 1 2
37 66 1 2
37 67 1 2
37 68 1 2
37 69 1 2
37 70 1 2
37 71 1 2
37 72 1 2
37 73 1 2
37 74 1 2
37 75 1 6
37 76 0 5
37 77 0 4
37 78 0 4
37 79 0 5
37 80 0 4
37 81 1 7
37 82 1 4
37 83 5 9
37 84 0 4
37 85 2 13
37 86 1 2
37 87 1 7
37 88 0 4
37 89 0 4
37 90 0 4
37 91 2 8
37 92 0 4
37 93 0 4
37 94 0 4
37 95 0 2
37 96 0 5
37 97 4 9
37 98 0 2
37 99 5 10
37 100 1 2
38 1 0 4
38 2 1 6
38 3 4 11
38 4 0 5
38 5 0 4
38 6 1 8
38 7 0 6
38 8 0 4
38 9 1 12
38 10 4 8
38 11 1 6
38 12 2 4
38 13 0 4
38 14 0 4
38 15 0 4
38 16 0 4
38 17 0 4
38 18 0 4
38 19 0 4
38 20 0 4
38 21 0 4
38 22 0 4
38 23 0 4
38 24 0 4
38 25 0 4
38 26 0 4
38 27 0 4
38 28 0 4
38 29 0 4
38 30 0 4
38 31 0 4
38 32 0 4
38 33 0 4
38 34 0 4
38 35 0 4
38 36 0 4
38 37 0 4
38 38 0 4
38 39 0 4
38 40 0 4
38 41 0 4
38 42 0 4
38 43 0 4
38 44 1 4
38 45 0 4
38 46 0 4
38 47 0 4
38 48 0 4
38 49 0 4
38 50 0 4
38 51 0 4
38 52 3 9
38 53 4 10
38 54 0 4
38 55 0 4
38 56 0 4
38 57 0 4
38 58 0 4
38 59 0 4
38 60 0 4
38 61 1 2
38 62 1 2
38 63 1 2
38 64 1 2
38 65 0 4
38 66 3 5
38 67 4 8
38 68 0 3
38 69 11 14
38 70 3 9
38 71 0 5
38 72 0 3
38 73 0 3
38 74 0 4
38 75 2 7
38 76 0 4
38 77 0 4
38 78 2 6
38 79 3 8
38 80 2 5
38 81 1 2
38 82 4 10
38 83 2 9
38 84 0 4
38 85 1 2
38 86 1 2
38 87 2 6
38 88 1 10
38 89 2 8
38 90 1 2
38 91 0 4
38 92 1 2
38 93 0 3
38 94 0 4
38 95 3 8
38 96 4 11
38 97 1 6
38 98 0 5
38 99 2 10
38 100 2 5
39 1 0 5
39 2 0 4
39 3 2 10
39 4 0 5
39 5 0 3
39 6 0 3
39 7 1 12
39 8 1 4
39 9 4 11
39 10 0 4
39 11 0 4
39 12 2 6
39 13 1 4
39 14 7 14
39 15 1 8
39 16 1 9
39 17 0 4
39 18 0 4
39 19 0 4
39 20 0 4
39 21 0 4
39 22 0 4
39 23 0 4
39 24 0 4
39 25 1 6
39 26 0 4
39 27 0 4
39 28 0 4
39 29 0 4
39 30 0 4
39 31 0 4
39 32 0 4
39 33 0 4
39 34 0 4
39 35 0 4
39 36 0 4
39 37 0 4
39 38 0 4
39 39 0 4
39 40 0 4
39 41 0 4
39 42 0 4
39 43 0 4
39 44 0 4
39 45 0 4
39 46 0 4
39 47 2 7
39 48 0 4
39 49 0 4
39 50 0 4
39 51 1 4
39 52 0 4
39 53 0 4
39 54 0 4
39 55 0 4
39 56 0 4
39 57 0 4
39 58 0 4
39 59 0 4
39 60 0 4
39 61 0 4
39 62 0 4
39 63 0 4
39 64 0 4
39 65 1 9
39 66 0 6
39 67 1 6
39 68 1 6
39 69 1 4
39 70 0 6
39 71 4 12
39 72 4 8
39 73 0 9
39 74 2 14
39 75 2 4
39 76 2 4
39 77 1 2
39 78 1 2
39 79 1 2
39 80 1 2
39 81 1 2
39 82 7 13
39 83 2 4
39 84 0 3
39 85 2 8
39 86 1 5
39 87 8 14
39 88 3 5
39 89 0 4
39 90 2 4
39 91 0 4
39 92 5 9
39 93 7 11
39 94 2 13
39 95 3 7
39 96 0 4
39 97 0 4
39 98 1 2
39 99 0 1
39 100 1 10
40 1 7 14
40 2 0 5
40 3 1 5
40 4 0 4
40 5 0 4
40 6 0 4
40 7 0 4
40 8 0 4
40 9 0 4
40 10 0 4
40 11 0 4
40 12 0 4
40 13 0 4
40 14 0 4
40 15 1 11
40 16 3 11
40 17 2 6
40 18 1 4
40 19 1 4
40 20 0 4
40 21 4 11
40 22 2 10
40 23 2 8
40 24 0 3
40 25 0 3
40 26 1 13
40 27 1 10
40 28 2 8
40 29 1 4
40 30 0 5
40 31 0 4
40 32 0 4
40 33 0 4
40 34 0 4
40 35 0 4
40 36 0 4
40 37 0 4
40 38 0 4
40 39 0 4
40 40 0 4
40 41 0 4
40 42 0 4
40 43 0 4
40 44 0 4
40 45 0 4
40 46 0 4
40 47 0 4
40 48 0 4
40 49 0 4
40 50 0 4
40 51 0 4
40 52 0 4
40 53 0 4
40 54 0 4
40 55 1 6
40 56 1 6
40 57 1 6
40 58 1 6
40 59 4 10
40 60 0 4
40 61 2 10
40 62 0 4
40 63 0 4
40 64 2 4
40 65 1 12
40 66 3 11
40 67 3 10
40 68 1 4
40 69 3 4
40 70 5 8
40 71 1 3
40 72 1 2
40 73 1 2
40 74 3 4
40 75 1 9
40 76 5 10
40 77 4 11
40 78 2 5
40 79 4 12
40 80 1 8
40 81 6 12
40 82 2 4
40 83 0 4
40 84 7 10
40 85 0 11
40 86 2 6
40 87 0 4
40 88 1 3
40 89 2 4
40 90 0 3
40 91 0 4
40 92 3 11
40 93 2 11
40 94 0 9
40 95 0 4
40 96 1 4
40 97 1 4
40 98 1 2
40 99 3 13
40 100 3 7
41 1 1 10
41 2 1 4
41 3 1 4
41 4 1 4
41 5 2 10
41 6 2 8
41 7 5 10
41 8 3 10
41 9 1 12
41 10 1 9
41 11 0 4
41 12 0 4
41 13 0 4
41 14 0 4
41 15 0 4
41 16 0 4
41 17 0 4
41 18 0 4
41 19 0 4
41 20 3 11
41 21 1 6
41 22 0 4
41 23 0 3
41 24 3 11
41 25 1 5
41 26 3 7
41 27 2 8
41 28 3 12
41 29 3 10
41 30 3 9
41 31 0 4
41 32 3 6
41 33 1 4
41 34 0 4
41 35 0 4
41 36 0 4
41 37 0 4
41 38 0 4
41 39 0 4
41 40 0 4
41 41 0 4
41 42 0 4
41 43 0 4
41 44 0 4
41 45 0 4
41 46 0 4
41 47 1 5
41 48 1 13
41 49 2 4
41 50 2 12
41 51 2 10
41 52 5 11
41 53 2 7
41 54 1 10
41 55 0 4
41 56 0 5
41 57 1 5
41 58 0 5
41 59 3 12
41 60 2 11
41 61 7 14
41 62 2 10
41 63 0 6
41 64 0 3
41 65 0 3
41 66 0 3
41 67 4 11
41 68 3 8
41 69 2 6
41 70 4 11
41 71 1 11
41 72 4 10
41 73 0 4
41 74 0 4
41 75 2 7
41 76 2 6
41 77 0 2
41 78 0 3
41 79 1 4
41 80 3 9
41 81 0 4
41 82 0 4
41 83 0 4
41 84 0 4
41 85 0 4
41 86 2 13
41 87 1 5
41 88 3 10
41 89 1 2
41 90 0 3
41 91 11 11
41 92 4 10
41 93 2 11
41 94 0 4
41 95 1 6
41 96 0 4
41 97 0 4
41 98 0 4
41 99 2 11
41 100 1 4
42 1 1 5
42 2 3 12
42 3 0 4
42 4 0 4
42 5 0 4
42 6 0 4
42 7 0 4
42 8 0 4
42 9 0 4
42 10 0 4
42 11 0 4
42 12 0 4
42 13 0 4
42 14 0 4
42 15 0 4
42 16 0 4
42 17 0 4
42 18 3 10
42 19 2 7
42 20 1 6
42 21 1 10
42 22 1 4
42 23 2 8
42 24 1 12
42 25 0 4
42 26 0 4
42 27 0 4
42 28 0 4
42 29 0 4
42 30 0 4
42 31 1 9
42 32 2 9
42 33 5 10
42 34 2 11
42 35 2 8
42 36 3 9
42 37 6 8
42 38 5 12
42 39 1 5
42 40 3 10
42 41 2 4
42 42 0 4
42 43 2 12
42 44 1 11
42 45 3 7
42 46 3 11
42 47 0 4
42 48 0 3
42 49 0 4
42 50 0 3
42 51 0 4
42 52 2 10
42 53 5 11
42 54 2 6
42 55 1 4
42 56 1 4
42 57 1 4
42 58 3 11
42 59 0 4
42 60 2 11
42 61 2 12
42 62 0 4
42 63 3 6
42 64 1 13
42 65 0 5
42 66 3 11
42 67 3 8
42 68 1 3
42 69 1 4
42 70 0 4
42 71 5 9
42 72 1 4
42 73 4 10
42 74 0 4
42 75 0 3
42 76 0 4
42 77 0 4
42 78 0 4
42 79 0 4
42 80 6 12
42 81 5 9
42 82 0 3
42 83 0 3
42 84 0 2
42 85 3 11
42 86 1 4
42 87 3 5
42 88 0 5
42 89 0 4
42 90 2 10
42 91 4 13
42 92 3 12
42 93 0 4
42 94 0 4
42 95 4 12
42 96 3 7
42 97 0 3
42 98 0 3
42 99 0 4
42 100 2 6
43 1 1 5
43 2 3 12
43 3 1 10
43 4 3 10
43 5 0 4
43 6 0 4
43 7 0 4
43 8 0 4
43 9 0 4
43 10 0 4
43 11 0 4
43 12 0 4
43 13 0 4
43 14 0 4
43 15 0 4
43 16 0 4
43 17 0 4
43 18 0 4
43 19 0 4
43 20 0 4
43 21 0 4
43 22 0 4
43 23 0 4
43 24 0 4
43 25 0 4
43 26 0 4
43 27 0 4
43 28 3 10
43 29 3 12
43 30 2 8
43 31 1 7
43 32 0 5
43 33 0 5
43 34 4 9
43 35 4 13
43 36 3 9
43 37 1 4
43 38 0 4
43 39 0 4
43 40 0 4
43 41 0 4
43 42 0 4
43 43 0 4
43 44 0 4
43 45 1 4
43 46 0 7
43 47 2 7
43 48 0 3
43 49 0 3
43 50 0 3
43 51 0 4
43 52 0 3
43 53 0 4
43 54 1 6
43 55 1 6
43 56 2 11
43 57 3 10
43 58 1 5
43 59 5 13
43 60 0 4
43 61 0 4
43 62 2 10
43 63 3 5
43 64 0 4
43 65 1 12
43 66 1 4
43 67 8 10
43 68 0 3
43 69 0 4
43 70 1 5
43 71 1 5
43 72 1 4
43 73 1 3
43 74 0 4
43 75 0 3
43 76 4 9
43 77 3 8
43 78 0 4
43 79 0 4
43 80 0 3
43 81 2 13
43 82 1 4
43 83 0 3
43 84 1 8
43 85 1 5
43 86 6 14
43 87 2 12
43 88 0 10
43 89 3 7
43 90 0 4
43 91 0 3
43 92 1 4
43 93 0 4
43 94 7 13
43 95 1 5
43 96 4 12
43 97 3 8
43 98 0 4
43 99 4 11
43 100 6 12
44 1 3 12
44 2 0 4
44 3 0 3
44 4 0 4
44 5 1 6
44 6 2 8
44 7 3 12
44 8 1 5
44 9 8 14
44 10 1 9
44 11 1 10
44 12 1 2
44 13 4 10
44 14 1 7
44 15 3 10
44 16 0 4
44 17 0 4
44 18 0 4
44 19 0 4
44 20 0 4
44 21 0 4
44 22 0 4
44 23 0 4
44 24 0 4
44 25 0 4
44 26 0 4
44 27 0 4
44 28 0 4
44 29 0 4
44 30 0 4
44 31 0 4
44 32 0 4
44 33 0 4
44 34 0 4
44 35 0 4
44 36 0 4
44 37 0 4
44 38 0 4
44 39 0 4
44 40 0 4
44 41 0 4
44 42 0 4
44 43 3 10
44 44 2 6
44 45 3 8
44 46 0 4
44 47 1 7
44 48 0 3
44 49 0 3
44 50 0 3
44 51 1 4
44 52 0 3
44 53 4 12
44 54 1 4
44 55 1 4
44 56 1 4
44 57 1 4
44 58 2 4
44 59 4 9
44 60 4 10
44 61 0 4
44 62 0 3
44 63 2 7
44 64 3 10
44 65 0 4
44 66 0 4
44 67 0 4
44 68 0 4
44 69 0 4
44 70 0 4
44 71 0 4
44 72 0 4
44 73 0 4
44 74 6 11
44 75 0 4
44 76 1 3
44 77 6 12
44 78 0 4
44 79 0 4
44 80 0 4
44 81 4 9
44 82 2 4
44 83 0 4
44 84 0 4
44 85 3 7
44 86 0 3
44 87 2 8
44 88 3 6
44 89 0 3
44 90 1 4
44 91 5 11
44 92 2 14
44 93 2 10
44 94 2 9
44 95 1 6
44 96 0 4
44 97 0 4
44 98 4 12
44 99 6 13
44 100 4 12
45 1 1 5
45 2 3 12
45 3 0 4
45 4 0 3
45 5 0 4
45 6 0 4
45 7 0 4
45 8 0 4
45 9 1 6
45 10 1 6
45 11 5 10
45 12 8 14
45 13 2 9
45 14 1 10
45 15 3 10
45 16 1 2
45 17 1 2
45 18 2 4
45 19 1 9
45 20 1 7
45 21 0 4
45 22 0 4
45 23 0 4
45 24 0 4
45 25 0 4
45 26 0 4
45 27 0 4
45 28 0 4
45 29 0 4
45 30 0 4
45 31 0 4
45 32 0 4
45 33 0 4
45 34 0 4
45 35 0 4
45 36 0 4
45 37 0 4
45 38 0 4
45 39 0 4
45 40 0 4
45 41 0 4
45 42 0 4
45 43 0 4
45 44 0 4
45 45 0 4
45 46 0 4
45 47 0 4
45 48 0 4
45 49 0 4
45 50 0 4
45 51 0 4
45 52 2 8
45 53 0 4
45 54 0 4
45 55 0 4
45 56 1 4
45 57 1 4
45 58 1 4
45 59 1 4
45 60 3 10
45 61 3 12
45 62 2 8
45 63 0 4
45 64 0 4
45 65 0 4
45 66 0 4
45 67 4 8
45 68 3 12
45 69 3 7
45 70 3 6
45 71 4 10
45 72 2 9
45 73 4 11
45 74 1 11
45 75 1 4
45 76 0 3
45 77 0 3
45 78 1 4
45 79 7 14
45 80 0 4
45 81 0 4
45 82 4 9
45 83 0 3
45 84 0 3
45 85 0 4
45 86 3 13
45 87 0 4
45 88 0 4
45 89 3 7
45 90 1 4
45 91 6 14
45 92 2 13
45 93 1 3
45 94 1 4
45 95 2 14
45 96 6 12
45 97 3 14
45 98 0 4
45 99 0 4
45 100 1 4
46 1 1 9
46 2 2 13
46 3 2 4
46 4 0 5
46 5 0 4
46 6 0 3
46 7 0 4
46 8 0 4
46 9 0 4
46 10 0 4
46 11 0 3
46 12 0 4
46 13 1 6
46 14 1 6
46 15 1 2
46 16 1 2
46 17 2 4
46 18 1 2
46 19 1 2
46 20 1 7
46 21 0 4
46 22 0 4
46 23 0 4
46 24 0 4
46 25 0 4
46 26 0 4
46 27 0 4
46 28 0 4
46 29 0 4
46 30 0 4
46 31 0 4
46 32 0 4
46 33 0 4
46 34 0 4
46 35 0 4
46 36 0 4
46 37 0 4
46 38 0 4
46 39 0 4
46 40 0 4
46 41 0 4
46 42 0 4
46 43 0 4
46 44 0 4
46 45 0 4
46 46 0 4
46 47 0 4
46 48 0 4
46 49 0 4
46 50 0 4
46 51 0 4
46 52 0 4
46 53 0 4
46 54 0 4
46 55 0 4
46 56 0 4
46 57 0 4
46 58 0 4
46 59 0 4
46 60 1 8
46 61 5 10
46 62 1 5
46 63 2 12
46 64 1 5
46 65 1 4
46 66 1 4
46 67 1 7
46 68 1 4
46 69 5 12
46 70 2 8
46 71 8 14
46 72 3 8
46 73 2 12
46 74 4 14
46 75 3 12
46 76 1 10
46 77 2 9
46 78 0 7
46 79 0 6
46 80 3 11
46 81 3 10
46 82 0 4
46 83 2 8
46 84 6 11
46 85 0 4
46 86 0 4
46 87 1 4
46 88 4 8
46 89 3 5
46 90 1 8
46 91 1 3
46 92 0 3
46 93 1 4
46 94 2 10
46 95 5 14
46 96 4 12
46 97 1 4
46 98 2 12
46 99 2 9
46 100 3 13
47 1 0 4
47 2 0 4
47 3 0 4
47 4 0 4
47 5 0 4
47 6 0 4
47 7 0 4
47 8 0 4
47 9 0 4
47 10 0 4
47 11 0 4
47 12 0 4
47 13 0 4
47 14 0 4
47 15 0 4
47 16 1 4
47 17 0 4
47 18 0 4
47 19 0 4
47 20 1 4
47 21 0 4
47 22 0 4
47 23 0 4
47 24 0 4
47 25 0 4
47 26 0 4
47 27 0 4
47 28 4 13
47 29 0 4
47 30 0 4
47 31 0 4
47 32 0 4
47 33 0 4
47 34 0 4
47 35 0 4
47 36 2 4
47 37 3 5
47 38 3 13
47 39 0 4
47 40 2 11
47 41 2 6
47 42 3 11
47 43 1 7
47 44 1 7
47 45 1 6
47 46 1 6
47 47 1 4
47 48 1 4
47 49 0 4
47 50 0 3
47 51 0 4
47 52 0 4
47 53 0 4
47 54 0 4
47 55 0 3
47 56 0 4
47 57 0 4
47 58 0 4
47 59 0 3
47 60 5 11
47 61 3 9
47 62 0 5
47 63 0 5
47 64 2 10
47 65 2 13
47 66 4 9
47 67 1 5
47 68 3 12
47 69 5 8
47 70 1 2
47 71 1 2
47 72 2 4
47 73 1 2
47 74 1 2
47 75 1 2
47 76 1 2
47 77 3 7
47 78 3 10
47 79 1 2
47 80 9 9
47 81 0 4
47 82 1 9
47 83 5 12
47 84 1 4
47 85 0 4
47 86 0 4
47 87 2 10
47 88 1 12
47 89 5 11
47 90 0 5
47 91 3 11
47 92 2 7
47 93 2 6
47 94 4 8
47 95 4 10
47 96 5 12
47 97 0 4
47 98 0 2
47 99 0 3
47 100 0 4
48 1 0 4
48 2 0 5
48 3 4 11
48 4 6 12
48 5 3 5
48 6 3 10
48 7 0 4
48 8 0 4
48 9 1 4
48 10 1 4
48 11 1 4
48 12 1 4
48 13 1 4
48 14 1 4
48 15 1 4
48 16 0 4
48 17 0 4
48 18 0 4
48 19 0 4
48 20 0 4
48 21 0 4
48 22 0 4
48 23 0 4
48 24 0 4
48 25 0 4
48 26 0 4
48 27 0 4
48 28 0 4
48 29 0 4
48 30 0 4
48 31 0 4
48 32 0 4
48 33 0 4
48 34 0 4
48 35 0 4
48 36 0 4
48 37 0 4
48 38 0 4
48 39 0 4
48 40 0 4
48 41 0 4
48 42 0 4
48 43 0 4
48 44 0 4
48 45 0 4
48 46 0 4
48 47 0 4
48 48 0 4
48 49 0 3
48 50 0 4
48 51 0 4
48 52 4 8
48 53 1 4
48 54 0 4
48 55 0 4
48 56 0 4
48 57 0 3
48 58 0 4
48 59 0 4
48 60 0 4
48 61 0 4
48 62 0 4
48 63 2 6
48 64 4 13
48 65 0 5
48 66 2 7
48 67 0 2
48 68 2 6
48 69 1 2
48 70 1 2
48 71 1 2
48 72 1 2
48 73 1 2
48 74 0 4
48 75 0 4
48 76 0 4
48 77 0 4
48 78 0 4
48 79 0 4
48 80 0 4
48 81 1 6
48 82 2 6
48 83 1 10
48 84 0 4
48 85 0 4
48 86 0 4
48 87 0 2
48 88 0 2
48 89 4 9
48 90 1 10
48 91 3 11
48 92 3 9
48 93 4 11
48 94 4 7
48 95 3 12
48 96 5 10
48 97 4 15
48 98 3 11
48 99 0 4
48 100 0 6
49 1 3 9
49 2 4 9
49 3 6 12
49 4 3 5
49 5 0 4
49 6 0 4
49 7 2 5
49 8 1 4
49 9 1 4
49 10 1 4
49 11 1 4
49 12 1 4
49 13 1 4
49 14 1 4
49 15 0 4
49 16 0 4
49 17 0 4
49 18 0 4
49 19 0 4
49 20 0 4
49 21 0 4
49 22 0 4
49 23 0 4
49 24 0 4
49 25 0 4
49 26 0 4
49 27 0 4
49 28 0 4
49 29 0 4
49 30 0 4
49 31 0 4
49 32 0 4
49 33 0 4
49 34 0 4
49 35 0 4
49 36 0 4
49 37 0 4
49 38 0 4
49 39 0 4
49 40 1 4
49 41 0 4
49 42 0 4
49 43 0 4
49 44 0 4
49 45 0 4
49 46 0 4
49 47 1 4
49 48 1 4
49 49 0 4
49 50 0 4
49 51 1 4
49 52 0 4
49 53 0 4
49 54 0 4
49 55 0 3
49 56 1 5
49 57 0 4
49 58 2 9
49 59 4 12
49 60 0 4
49 61 0 4
49 62 3 10
49 63 1 7
49 64 0 4
49 65 0 4
49 66 0 4
49 67 2 5
49 68 1 2
49 69 1 2
49 70 1 2
49 71 1 2
49 72 1 2
49 73 0 3
49 74 1 7
49 75 2 8
49 76 4 11
49 77 0 5
49 78 5 11
49 79 4 11
49 80 2 8
49 81 0 4
49 82 0 2
49 83 0 4
49 84 0 8
49 85 6 12
49 86 2 8
49 87 0 2
49 88 0 4
49 89 0 4
49 90 0 2
49 91 3 14
49 92 4 13
49 93 4 10
49 94 4 11
49 95 3 10
49 96 0 4
49 97 0 4
49 98 2 12
49 99 5 11
49 100 0 2
50 1 2 11
50 2 5 12
50 3 4 9
50 4 6 12
50 5 3 5
50 6 0 4
50 7 0 4
50 8 0 4
50 9 0 4
50 10 0 4
50 11 3 9
50 12 4 9
50 13 7 12
50 14 1 2
50 15 3 10
50 16 1 2
50 17 1 2
50 18 1 2
50 19 1 2
50 20 1 2
50 21 1 2
50 22 5 12
50 23 4 12
50 24 2 9
50 25 0 4
50 26 0 2
50 27 2 9
50 28 5 13
50 29 2 5
50 30 3 12
50 31 1 4
50 32 1 4
50 33 1 4
50 34 1 4
50 35 1 4
50 36 1 4
50 37 1 4
50 38 0 4
50 39 0 4
50 40 0 4
50 41 0 4
50 42 0 4
50 43 0 4
50 44 0 4
50 45 0 4
50 46 0 4
50 47 0 4
50 48 0 4
50 49 0 4
50 50 0 4
50 51 0 4
50 52 0 4
50 53 0 4
50 54 3 7
50 55 0 4
50 56 0 4
50 57 5 12
50 58 0 4
50 59 0 4
50 60 1 4
50 61 0 4
50 62 0 4
50 63 0 4
50 64 0 4
50 65 0 4
50 66 0 4
50 67 0 4
50 68 0 4
50 69 0 4
50 70 0 4
50 71 1 4
50 72 0 4
50 73 0 4
50 74 0 4
50 75 0 4
50 76 5 13
50 77 1 5
50 78 1 8
50 79 0 4
50 80 0 4
50 81 3 14
50 82 0 4
50 83 6 14
50 84 2 12
50 85 0 4
50 86 0 2
50 87 0 2
50 88 1 4
50 89 3 9
50 90 2 13
50 91 1 4
50 92 0 4
50 93 0 4
50 94 2 10
50 95 2 11
50 96 3 8
50 97 0 9
50 98 3 12
50 99 6 11
50 100 0 13
51 1 0 4
51 2 3 12
51 3 5 12
51 4 0 4
51 5 0 4
51 6 0 4
51 7 0 4
51 8 0 4
51 9 0 4
51 10 4 10
51 11 5 13
51 12 1 4
51 13 4 9
51 14 2 11
51 15 3 11
51 16 5 12
51 17 3 5
51 18 1 5
51 19 0 4
51 20 0 4
51 21 0 4
51 22 0 4
51 23 0 4
51 24 1 4
51 25 0 4
51 26 0 4
51 27 0 4
51 28 0 4
51 29 0 4
51 30 0 4
51 31 0 4
51 32 0 4
51 33 0 4
51 34 0 4
51 35 0 4
51 36 0 4
51 37 1 6
51 38 1 4
51 39 1 4
51 40 1 4
51 41 1 4
51 42 1 4
51 43 2 11
51 44 4 12
51 45 2 9
51 46 3 10
51 47 1 4
51 48 2 5
51 49 2 5
51 50 3 9
51 51 6 12
51 52 7 12
51 53 3 10
51 54 4 10
51 55 0 4
51 56 0 2
51 57 1 6
51 58 0 4
51 59 0 2
51 60 4 9
51 61 0 2
51 62 1 2
51 63 1 2
51 64 1 2
51 65 1 2
51 66 1 2
51 67 1 2
51 68 1 2
51 69 1 2
51 70 1 2
51 71 1 2
51 72 1 2
51 73 2 10
51 74 0 7
51 75 4 9
51 76 0 4
51 77 3 12
51 78 1 4
51 79 3 6
51 80 2 8
51 81 4 11
51 82 3 13
51 83 0 4
51 84 4 12
51 85 2 9
51 86 0 4
51 87 0 4
51 88 0 4
51 89 0 2
51 90 0 2
51 91 1 2
51 92 0 2
51 93 3 10
51 94 0 4
51 95 0 4
51 96 0 5
51 97 0 12
51 98 3 8
51 99 4 12
51 100 9 15
52 1 0 4
52 2 0 4
52 3 5 12
52 4 4 10
52 5 0 4
52 6 3 12
52 7 2 11
52 8 1 4
52 9 1 6
52 10 0 4
52 11 0 4
52 12 0 4
52 13 0 4
52 14 0 4
52 15 0 4
52 16 0 4
52 17 0 4
52 18 0 4
52 19 0 4
52 20 0 4
52 21 0 4
52 22 0 4
52 23 0 4
52 24 0 4
52 25 0 4
52 26 0 5
52 27 0 4
52 28 0 4
52 29 0 4
52 30 0 4
52 31 4 11
52 32 1 4
52 33 1 4
52 34 1 4
52 35 0 4
52 36 1 6
52 37 0 4
52 38 5 13
52 39 3 13
52 40 1 5
52 41 1 4
52 42 1 4
52 43 3 5
52 44 0 4
52 45 0 4
52 46 0 4
52 47 0 4
52 48 0 4
52 49 0 4
52 50 0 4
52 51 0 4
52 52 0 4
52 53 0 4
52 54 4 12
52 55 7 12
52 56 3 7
52 57 6 13
52 58 6 13
52 59 4 8
52 60 3 11
52 61 3 10
52 62 1 4
52 63 4 14
52 64 0 4
52 65 0 3
52 66 0 2
52 67 0 2
52 68 0 2
52 69 1 2
52 70 1 2
52 71 1 2
52 72 1 2
52 73 1 2
52 74 1 2
52 75 3 8
52 76 1 2
52 77 1 2
52 78 5 12
52 79 4 9
52 80 4 13
52 81 1 2
52 82 2 4
52 83 0 4
52 84 0 4
52 85 0 4
52 86 3 11
52 87 6 9
52 88 2 12
52 89 1 2
52 90 0 2
52 91 0 2
52 92 0 2
52 93 0 2
52 94 1 2
52 95 1 7
52 96 3 12
52 97 5 12
52 98 2 12
52 99 6 14
52 100 5 11
53 1 4 10
53 2 0 4
53 3 0 4
53 4 0 4
53 5 1 10
53 6 0 4
53 7 2 11
53 8 3 12
53 9 0 4
53 10 0 4
53 11 0 4
53 12 0 4
53 13 0 4
53 14 0 4
53 15 0 4
53 16 0 4
53 17 0 4
53 18 0 4
53 19 0 4
53 20 0 4
53 21 0 4
53 22 0 4
53 23 0 4
53 24 0 4
53 25 0 5
53 26 0 4
53 27 0 4
53 28 0 4
53 29 0 4
53 30 0 4
53 31 0 4
53 32 0 4
53 33 0 4
53 34 0 4
53 35 0 4
53 36 0 4
53 37 0 4
53 38 0 4
53 39 0 5
53 40 0 4
53 41 0 4
53 42 0 4
53 43 0 4
53 44 3 9
53 45 1 6
53 46 1 4
53 47 1 4
53 48 1 4
53 49 5 12
53 50 1 4
53 51 2 6
53 52 1 4
53 53 3 5
53 54 0 4
53 55 0 4
53 56 0 4
53 57 0 4
53 58 0 4
53 59 0 4
53 60 0 4
53 61 0 4
53 62 6 11
53 63 3 11
53 64 5 9
53 65 5 13
53 66 1 2
53 67 1 2
53 68 1 2
53 69 1 2
53 70 1 2
53 71 1 2
53 72 1 2
53 73 1 2
53 74 3 5
53 75 3 5
53 76 2 5
53 77 0 4
53 78 0 4
53 79 0 4
53 80 1 4
53 81 0 2
53 82 0 2
53 83 0 4
53 84 0 2
53 85 0 4
53 86 1 2
53 87 3 9
53 88 0 4
53 89 0 2
53 90 0 2
53 91 1 2
53 92 1 6
53 93 1 2
53 94 0 2
53 95 1 4
53 96 1 9
53 97 9 10
53 98 2 10
53 99 4 12
53 100 4 14
54 1 3 10
54 2 0 4
54 3 0 4
54 4 0 4
54 5 0 4
54 6 0 4
54 7 0 4
54 8 0 4
54 9 0 4
54 10 0 4
54 11 0 4
54 12 0 4
54 13 0 4
54 14 0 4
54 15 0 4
54 16 0 4
54 17 0 4
54 18 0 5
54 19 0 4
54 20 0 4
54 21 0 4
54 22 0 4
54 23 0 4
54 24 0 4
54 25 0 4
54 26 0 4
54 27 0 4
54 28 0 4
54 29 0 4
54 30 0 4
54 31 2 7
54 32 3 9
54 33 4 13
54 34 1 10
54 35 1 4
54 36 0 4
54 37 4 10
54 38 1 4
54 39 1 4
54 40 2 11
54 41 2 8
54 42 0 4
54 43 0 4
54 44 1 11
54 45 0 4
54 46 0 4
54 47 0 4
54 48 1 4
54 49 4 10
54 50 6 14
54 51 0 6
54 52 4 9
54 53 1 5
54 54 5 11
54 55 0 4
54 56 3 12
54 57 4 9
54 58 2 6
54 59 3 8
54 60 1 4
54 61 6 11
54 62 1 2
54 63 1 2
54 64 1 2
54 65 1 2
54 66 1 2
54 67 1 2
54 68 1 2
54 69 3 5
54 70 3 7
54 71 4 5
54 72 4 9
54 73 2 5
54 74 2 5
54 75 0 4
54 76 0 4
54 77 3 7
54 78 1 4
54 79 2 9
54 80 0 2
54 81 0 4
54 82 4 8
54 83 0 4
54 84 0 4
54 85 6 13
54 86 3 9
54 87 1 2
54 88 1 2
54 89 0 2
54 90 3 5
54 91 0 3
54 92 1 2
54 93 1 4
54 94 0 5
54 95 3 12
54 96 8 13
54 97 2 10
54 98 5 10
54 99 4 9
54 100 1 9
55 1 0 4
55 2 1 4
55 3 0 3
55 4 3 10
55 5 0 4
55 6 0 4
55 7 0 4
55 8 0 4
55 9 0 4
55 10 0 4
55 11 0 4
55 12 0 4
55 13 0 4
55 14 0 4
55 15 0 4
55 16 0 4
55 17 0 4
55 18 0 4
55 19 0 4
55 20 0 4
55 21 0 4
55 22 0 5
55 23 0 4
55 24 0 4
55 25 0 4
55 26 0 4
55 27 0 4
55 28 0 4
55 29 0 4
55 30 0 4
55 31 0 4
55 32 0 4
55 33 0 4
55 34 0 4
55 35 0 4
55 36 0 4
55 37 0 4
55 38 0 4
55 39 0 4
55 40 0 4
55 41 0 4
55 42 0 4
55 43 0 4
55 44 0 4
55 45 0 4
55 46 0 4
55 47 0 4
55 48 0 4
55 49 0 4
55 50 0 4
55 51 0 4
55 52 0 4
55 53 0 4
55 54 0 4
55 55 0 4
55 56 1 6
55 57 3 13
55 58 2 7
55 59 0 4
55 60 0 4
55 61 3 10
55 62 2 10
55 63 0 8
55 64 0 4
55 65 1 2
55 66 1 2
55 67 1 2
55 68 3 10
55 69 1 4
55 70 1 5
55 71 1 4
55 72 1 5
55 73 3 6
55 74 5 9
55 75 4 10
55 76 1 9
55 77 4 10
55 78 4 11
55 79 0 4
55 80 0 4
55 81 2 7
55 82 0 4
55 83 5 9
55 84 3 10
55 85 1 2
55 86 6 13
55 87 0 2
55 88 2 7
55 89 0 5
55 90 1 5
55 91 0 6
55 92 4 11
55 93 4 14
55 94 1 5
55 95 1 5
55 96 2 10
55 97 5 9
55 98 3 11
55 99 7 10
55 100 1 2
56 1 1 4
56 2 3 10
56 3 2 5
56 4 1 4
56 5 1 4
56 6 0 4
56 7 4 12
56 8 1 6
56 9 2 6
56 10 0 4
56 11 1 2
56 12 1 2
56 13 1 2
56 14 0 4
56 15 0 4
56 16 0 4
56 17 0 4
56 18 0 4
56 19 0 4
56 20 0 4
56 21 0 4
56 22 0 4
56 23 0 4
56 24 0 4
56 25 0 4
56 26 0 4
56 27 0 4
56 28 0 4
56 29 0 4
56 30 0 5
56 31 0 4
56 32 0 4
56 33 0 4
56 34 0 4
56 35 0 4
56 36 0 4
56 37 0 4
56 38 0 4
56 39 0 4
56 40 0 4
56 41 0 4
56 42 0 4
56 43 0 4
56 44 0 4
56 45 0 4
56 46 0 4
56 47 0 4
56 48 0 4
56 49 0 4
56 50 0 4
56 51 0 4
56 52 0 4
56 53 0 4
56 54 0 4
56 55 0 4
56 56 0 4
56 57 0 4
56 58 0 4
56 59 0 4
56 60 0 4
56 61 0 4
56 62 0 4
56 63 0 4
56 64 0 4
56 65 4 10
56 66 7 10
56 67 0 2
56 68 0 2
56 69 3 11
56 70 3 9
56 71 0 3
56 72 4 11
56 73 0 3
56 74 2 9
56 75 5 13
56 76 1 10
56 77 3 13
56 78 1 4
56 79 0 4
56 80 0 4
56 81 0 4
56 82 0 4
56 83 0 4
56 84 0 4
56 85 0 4
56 86 4 13
56 87 0 4
56 88 4 12
56 89 3 8
56 90 1 8
56 91 0 12
56 92 5 12
56 93 2 11
56 94 0 10
56 95 0 5
56 96 3 7
56 97 3 10
56 98 0 4
56 99 2 11
56 100 7 13
57 1 1 4
57 2 0 4
57 3 1 4
57 4 0 4
57 5 2 6
57 6 2 5
57 7 0 4
57 8 0 4
57 9 0 4
57 10 0 4
57 11 0 4
57 12 0 4
57 13 0 4
57 14 0 4
57 15 0 4
57 16 0 4
57 17 0 4
57 18 0 4
57 19 0 4
57 20 0 4
57 21 0 4
57 22 0 4
57 23 0 5
57 24 0 4
57 25 0 4
57 26 0 4
57 27 0 4
57 28 0 4
57 29 0 4
57 30 0 4
57 31 0 4
57 32 0 4
57 33 0 4
57 34 0 4
57 35 0 4
57 36 0 4
57 37 0 4
57 38 0 4
57 39 0 4
57 40 0 4
57 41 0 4
57 42 0 4
57 43 0 4
57 44 0 4
57 45 1 6
57 46 1 4
57 47 1 4
57 48 0 4
57 49 0 4
57 50 3 10
57 51 8 15
57 52 3 8
57 53 5 10
57 54 4 12
57 55 1 6
57 56 2 6
57 57 1 4
57 58 1 4
57 59 0 2
57 60 0 2
57 61 0 2
57 62 1 2
57 63 1 2
57 64 1 2
57 65 1 2
57 66 1 2
57 67 1 2
57 68 1 2
57 69 3 8
57 70 0 4
57 71 0 11
57 72 4 9
57 73 0 4
57 74 4 13
57 75 2 11
57 76 0 4
57 77 0 4
57 78 0 4
57 79 0 4
57 80 6 12
57 81 0 4
57 82 2 12
57 83 0 4
57 84 6 10
57 85 1 7
57 86 3 12
57 87 1 10
57 88 1 4
57 89 0 4
57 90 0 3
57 91 0 5
57 92 5 8
57 93 2 9
57 94 1 14
57 95 7 9
57 96 1 7
57 97 1 11
57 98 1 6
57 99 1 10
57 100 4 10
58 1 0 6
58 2 0 4
58 3 2 6
58 4 1 4
58 5 1 8
58 6 4 12
58 7 0 5
58 8 0 4
58 9 4 14
58 10 5 11
58 11 0 4
58 12 0 4
58 13 0 4
58 14 0 4
58 15 0 4
58 16 0 4
58 17 0 4
58 18 0 4
58 19 0 4
58 20 0 4
58 21 0 4
58 22 0 4
58 23 0 4
58 24 0 4
58 25 0 4
58 26 0 4
58 27 0 5
58 28 0 4
58 29 0 4
58 30 0 4
58 31 0 4
58 32 0 4
58 33 0 4
58 34 0 4
58 35 0 4
58 36 0 4
58 37 0 4
58 38 0 4
58 39 0 4
58 40 0 4
58 41 0 4
58 42 0 4
58 43 0 4
58 44 0 4
58 45 0 4
58 46 0 4
58 47 0 4
58 48 0 4
58 49 0 4
58 50 0 4
58 51 0 4
58 52 0 4
58 53 1 9
58 54 2 7
58 55 0 4
58 56 0 4
58 57 0 4
58 58 2 5
58 59 1 4
58 60 1 4
58 61 0 6
58 62 1 4
58 63 1 4
58 64 3 10
58 65 2 6
58 66 5 9
58 67 1 2
58 68 1 2
58 69 1 2
58 70 1 2
58 71 3 11
58 72 1 2
58 73 2 4
58 74 3 8
58 75 5 12
58 76 5 13
58 77 0 2
58 78 0 2
58 79 0 4
58 80 2 4
58 81 0 4
58 82 2 7
58 83 3 10
58 84 5 8
58 85 0 4
58 86 0 4
58 87 12 14
58 88 5 9
58 89 3 13
58 90 0 2
58 91 4 13
58 92 0 4
58 93 0 8
58 94 1 9
58 95 1 8
58 96 0 2
58 97 4 11
58 98 5 11
58 99 1 7
58 100 0 4
59 1 0 6
59 2 2 6
59 3 0 4
59 4 0 4
59 5 0 4
59 6 0 4
59 7 0 4
59 8 0 4
59 9 0 4
59 10 0 4
59 11 0 4
59 12 0 4
59 13 0 4
59 14 0 4
59 15 0 4
59 16 0 4
59 17 0 4
59 18 0 4
59 19 0 5
59 20 0 4
59 21 0 4
59 22 0 4
59 23 4 10
59 24 0 4
59 25 0 4
59 26 0 4
59 27 0 4
59 28 0 4
59 29 0 4
59 30 0 4
59 31 0 4
59 32 0 4
59 33 0 4
59 34 0 4
59 35 0 4
59 36 0 4
59 37 0 4
59 38 0 4
59 39 1 8
59 40 0 4
59 41 0 4
59 42 0 4
59 43 2 11
59 44 0 4
59 45 0 4
59 46 0 4
59 47 1 4
59 48 5 12
59 49 1 8
59 50 6 14
59 51 2 9
59 52 6 13
59 53 3 11
59 54 5 11
59 55 1 4
59 56 1 2
59 57 1 2
59 58 4 12
59 59 4 13
59 60 4 14
59 61 2 8
59 62 5 13
59 63 1 3
59 64 2 8
59 65 0 4
59 66 2 8
59 67 0 2
59 68 0 2
59 69 1 7
59 70 4 8
59 71 2 10
59 72 0 4
59 73 0 4
59 74 0 4
59 75 0 4
59 76 0 4
59 77 0 4
59 78 0 4
59 79 5 13
59 80 1 4
59 81 0 5
59 82 0 5
59 83 4 13
59 84 2 12
59 85 8 12
59 86 0 2
59 87 4 11
59 88 0 2
59 89 0 2
59 90 1 4
59 91 1 10
59 92 0 4
59 93 0 4
59 94 0 4
59 95 1 11
59 96 6 11
59 97 0 2
59 98 0 2
59 99 4 14
59 100 2 9
60 1 0 4
60 2 0 4
60 3 0 4
60 4 0 4
60 5 0 4
60 6 0 4
60 7 0 4
60 8 0 4
60 9 0 4
60 10 0 4
60 11 0 4
60 12 0 4
60 13 0 4
60 14 0 4
60 15 0 4
60 16 0 4
60 17 0 5
60 18 0 4
60 19 0 4
60 20 0 4
60 21 4 10
60 22 0 4
60 23 0 4
60 24 0 4
60 25 0 4
60 26 0 4
60 27 0 4
60 28 0 4
60 29 0 4
60 30 0 4
60 31 0 4
60 32 0 4
60 33 0 4
60 34 0 4
60 35 0 4
60 36 0 4
60 37 0 4
60 38 0 4
60 39 0 4
60 40 0 4
60 41 0 4
60 42 0 4
60 43 0 4
60 44 1 5
60 45 2 8
60 46 4 9
60 47 2 6
60 48 0 6
60 49 1 3
60 50 1 2
60 51 1 2
60 52 9 15
60 53 3 9
60 54 0 4
60 55 1 3
60 56 0 4
60 57 0 4
60 58 0 4
60 59 8 13
60 60 1 7
60 61 1 9
60 62 3 8
60 63 4 11
60 64 3 7
60 65 3 11
60 66 4 12
60 67 0 4
60 68 0 4
60 69 0 2
60 70 0 2
60 71 0 2
60 72 0 2
60 73 0 4
60 74 3 9
60 75 0 4
60 76 5 10
60 77 1 10
60 78 0 2
60 79 0 2
60 80 3 9
60 81 0 4
60 82 5 10
60 83 0 4
60 84 3 11
60 85 5 11
60 86 2 12
60 87 4 9
60 88 0 2
60 89 0 2
60 90 0 12
60 91 3 5
60 92 0 4
60 93 2 11
60 94 3 12
60 95 1 4
60 96 6 13
60 97 0 4
60 98 1 2
60 99 5 8
60 100 6 13
61 1 5 9
61 2 4 11
61 3 2 9
61 4 1 4
61 5 0 4
61 6 1 5
61 7 0 4
61 8 0 4
61 9 3 9
61 10 0 4
61 11 0 4
61 12 0 4
61 13 2 6
61 14 0 4
61 15 0 4
61 16 0 4
61 17 0 4
61 18 0 4
61 19 0 4
61 20 0 4
61 21 0 4
61 22 0 4
61 23 0 4
61 24 0 4
61 25 0 4
61 26 0 4
61 27 0 4
61 28 0 4
61 29 0 4
61 30 0 5
61 31 0 4
61 32 0 4
61 33 0 4
61 34 4 10
61 35 0 4
61 36 0 4
61 37 0 4
61 38 0 4
61 39 0 4
61 40 0 4
61 41 0 4
61 42 0 4
61 43 0 4
61 44 0 4
61 45 0 4
61 46 0 4
61 47 0 4
61 48 0 4
61 49 0 4
61 50 0 4
61 51 0 4
61 52 0 4
61 53 0 4
61 54 0 4
61 55 0 4
61 56 0 4
61 57 0 4
61 58 0 4
61 59 7 12
61 60 3 10
61 61 5 10
61 62 5 13
61 63 0 4
61 64 0 2
61 65 0 2
61 66 1 6
61 67 4 13
61 68 1 3
61 69 1 2
61 70 0 4
61 71 0 2
61 72 0 4
61 73 0 6
61 74 0 4
61 75 3 10
61 76 1 10
61 77 0 4
61 78 0 4
61 79 0 4
61 80 0 4
61 81 5 13
61 82 0 2
61 83 0 2
61 84 0 2
61 85 2 6
61 86 2 4
61 87 5 13
61 88 2 5
61 89 1 10
61 90 0 4
61 91 2 8
61 92 2 9
61 93 5 13
61 94 4 10
61 95 0 8
61 96 1 2
61 97 0 4
61 98 1 2
61 99 3 13
61 100 3 8
62 1 3 12
62 2 0 4
62 3 0 3
62 4 1 7
62 5 0 4
62 6 0 4
62 7 2 6
62 8 0 4
62 9 0 4
62 10 0 4
62 11 0 4
62 12 0 4
62 13 0 4
62 14 0 4
62 15 0 4
62 16 0 4
62 17 0 4
62 18 0 4
62 19 0 4
62 20 0 4
62 21 0 4
62 22 0 4
62 23 0 4
62 24 0 5
62 25 0 4
62 26 0 4
62 27 0 4
62 28 0 4
62 29 0 4
62 30 0 4
62 31 0 4
62 32 0 4
62 33 0 4
62 34 0 4
62 35 0 4
62 36 0 4
62 37 0 4
62 38 0 4
62 39 0 4
62 40 0 4
62 41 0 4
62 42 0 4
62 43 0 4
62 44 0 4
62 45 0 4
62 46 0 5
62 47 0 4
62 48 0 4
62 49 0 4
62 50 0 4
62 51 3 11
62 52 0 4
62 53 0 4
62 54 0 4
62 55 0 4
62 56 0 4
62 57 1 5
62 58 1 5
62 59 1 4
62 60 1 4
62 61 1 10
62 62 4 11
62 63 0 4
62 64 0 4
62 65 5 9
62 66 0 4
62 67 0 4
62 68 0 4
62 69 0 4
62 70 4 12
62 71 3 9
62 72 4 10
62 73 2 9
62 74 2 3
62 75 2 6
62 76 2 4
62 77 4 13
62 78 3 8
62 79 0 4
62 80 0 2
62 81 1 6
62 82 3 9
62 83 1 5
62 84 3 10
62 85 0 4
62 86 0 4
62 87 4 10
62 88 1 8
62 89 0 2
62 90 0 4
62 91 4 7
62 92 0 2
62 93 0 2
62 94 1 5
62 95 2 12
62 96 0 4
62 97 5 10
62 98 3 9
62 99 3 9
62 100 2 9
63 1 0 4
63 2 0 4
63 3 0 4
63 4 0 3
63 5 0 4
63 6 1 6
63 7 0 4
63 8 0 4
63 9 0 4
63 10 2 11
63 11 3 11
63 12 0 2
63 13 4 11
63 14 8 12
63 15 5 9
63 16 0 4
63 17 0 4
63 18 1 9
63 19 3 8
63 20 0 4
63 21 0 4
63 22 2 6
63 23 0 4
63 24 0 4
63 25 0 4
63 26 0 4
63 27 0 4
63 28 0 4
63 29 0 4
63 30 0 4
63 31 0 4
63 32 0 4
63 33 0 4
63 34 0 4
63 35 0 4
63 36 0 4
63 37 0 4
63 38 0 4
63 39 0 5
63 40 0 4
63 41 0 4
63 42 0 4
63 43 0 4
63 44 0 4
63 45 0 4
63 46 0 4
63 47 0 5
63 48 0 4
63 49 0 4
63 50 0 4
63 51 0 4
63 52 0 4
63 53 0 4
63 54 0 4
63 55 0 4
63 56 0 4
63 57 0 4
63 58 0 4
63 59 0 4
63 60 0 4
63 61 0 4
63 62 0 4
63 63 0 4
63 64 0 4
63 65 0 4
63 66 0 4
63 67 0 4
63 68 0 3
63 69 2 13
63 70 0 3
63 71 0 3
63 72 1 4
63 73 3 12
63 74 1 7
63 75 4 11
63 76 2 3
63 77 2 10
63 78 2 3
63 79 0 7
63 80 1 5
63 81 1 5
63 82 0 4
63 83 2 8
63 84 0 2
63 85 0 2
63 86 0 2
63 87 0 2
63 88 11 14
63 89 2 10
63 90 2 11
63 91 0 4
63 92 0 4
63 93 2 12
63 94 0 6
63 95 9 13
63 96 0 8
63 97 3 7
63 98 2 11
63 99 0 4
63 100 0 4
64 1 0 4
64 2 0 4
64 3 0 4
64 4 0 3
64 5 0 4
64 6 0 4
64 7 5 9
64 8 4 12
64 9 10 14
64 10 3 8
64 11 0 4
64 12 0 4
64 13 0 4
64 14 0 4
64 15 0 4
64 16 0 4
64 17 0 4
64 18 0 4
64 19 0 4
64 20 0 4
64 21 0 4
64 22 0 4
64 23 0 4
64 24 0 4
64 25 0 4
64 26 0 4
64 27 0 4
64 28 0 4
64 29 0 4
64 30 0 4
64 31 0 4
64 32 0 4
64 33 0 4
64 34 0 4
64 35 0 4
64 36 0 4
64 37 2 9
64 38 2 6
64 39 3 10
64 40 5 11
64 41 6 15
64 42 0 4
64 43 0 4
64 44 0 4
64 45 0 4
64 46 0 4
64 47 1 13
64 48 3 11
64 49 0 3
64 50 0 4
64 51 0 4
64 52 1 4
64 53 1 4
64 54 1 5
64 55 2 4
64 56 5 12
64 57 1 10
64 58 3 8
64 59 0 5
64 60 2 10
64 61 0 4
64 62 0 4
64 63 0 4
64 64 0 4
64 65 0 4
64 66 0 4
64 67 1 6
64 68 1 6
64 69 8 12
64 70 5 9
64 71 0 2
64 72 0 2
64 73 0 2
64 74 0 2
64 75 1 9
64 76 2 11
64 77 2 5
64 78 4 11
64 79 0 4
64 80 0 4
64 81 4 10
64 82 1 7
64 83 1 6
64 84 5 12
64 85 1 4
64 86 0 2
64 87 0 2
64 88 0 2
64 89 0 7
64 90 4 12
64 91 0 4
64 92 7 14
64 93 4 12
64 94 5 14
64 95 4 12
64 96 2 9
64 97 0 4
64 98 0 4
64 99 3 15
64 100 4 11
65 1 5 9
65 2 0 4
65 3 0 4
65 4 0 4
65 5 0 4
65 6 0 4
65 7 0 4
65 8 0 4
65 9 0 4
65 10 0 4
65 11 0 4
65 12 0 4
65 13 0 4
65 14 0 4
65 15 0 4
65 16 0 4
65 17 0 4
65 18 0 4
65 19 0 4
65 20 0 4
65 21 0 4
65 22 2 10
65 23 0 4
65 24 0 4
65 25 0 4
65 26 0 4
65 27 0 4
65 28 0 4
65 29 0 4
65 30 0 4
65 31 0 4
65 32 0 4
65 33 3 9
65 34 0 4
65 35 0 4
65 36 0 4
65 37 0 4
65 38 0 4
65 39 0 4
65 40 0 4
65 41 0 4
65 42 1 6
65 43 2 4
65 44 2 4
65 45 2 4
65 46 3 8
65 47 10 14
65 48 4 11
65 49 5 12
65 50 2 13
65 51 0 4
65 52 3 10
65 53 0 4
65 54 0 4
65 55 0 4
65 56 0 4
65 57 1 7
65 58 6 10
65 59 4 12
65 60 0 4
65 61 0 4
65 62 0 4
65 63 0 3
65 64 0 4
65 65 0 4
65 66 5 9
65 67 0 3
65 68 0 4
65 69 0 4
65 70 0 4
65 71 0 4
65 72 0 4
65 73 5 13
65 74 0 2
65 75 0 2
65 76 0 2
65 77 0 2
65 78 1 6
65 79 1 13
65 80 0 4
65 81 1 6
65 82 1 6
65 83 0 4
65 84 0 4
65 85 0 4
65 86 5 13
65 87 0 11
65 88 0 6
65 89 1 12
65 90 4 11
65 91 2 8
65 92 0 2
65 93 5 12
65 94 0 7
65 95 0 6
65 96 4 14
65 97 0 4
65 98 0 2
65 99 1 4
65 100 4 10
66 1 2 4
66 2 0 4
66 3 0 4
66 4 0 4
66 5 0 4
66 6 0 4
66 7 1 5
66 8 0 4
66 9 0 4
66 10 0 4
66 11 0 4
66 12 0 4
66 13 0 4
66 14 0 4
66 15 0 4
66 16 0 4
66 17 0 4
66 18 0 4
66 19 0 4
66 20 0 4
66 21 0 4
66 22 0 4
66 23 0 4
66 24 0 4
66 25 0 4
66 26 0 4
66 27 0 4
66 28 0 4
66 29 0 4
66 30 0 4
66 31 0 4
66 32 0 4
66 33 0 4
66 34 0 4
66 35 0 4
66 36 0 4
66 37 2 6
66 38 0 4
66 39 0 4
66 40 0 4
66 41 0 4
66 42 0 4
66 43 0 4
66 44 0 4
66 45 0 4
66 46 0 4
66 47 0 4
66 48 0 4
66 49 0 4
66 50 0 4
66 51 0 4
66 52 4 13
66 53 1 6
66 54 1 5
66 55 3 7
66 56 4 7
66 57 2 10
66 58 1 2
66 59 1 2
66 60 3 9
66 61 5 9
66 62 2 14
66 63 4 12
66 64 0 4
66 65 0 4
66 66 3 7
66 67 2 9
66 68 1 7
66 69 1 4
66 70 1 8
66 71 2 4
66 72 0 4
66 73 0 4
66 74 0 4
66 75 0 4
66 76 0 2
66 77 0 2
66 78 0 2
66 79 0 2
66 80 0 2
66 81 0 2
66 82 0 2
66 83 0 2
66 84 6 9
66 85 0 4
66 86 4 12
66 87 1 13
66 88 2 5
66 89 3 8
66 90 3 9
66 91 0 3
66 92 3 4
66 93 0 4
66 94 2 13
66 95 0 4
66 96 2 7
66 97 1 5
66 98 5 12
66 99 1 10
66 100 6 13
67 1 0 11
67 2 0 4
67 3 0 4
67 4 0 4
67 5 0 4
67 6 0 4
67 7 0 4
67 8 0 4
67 9 0 4
67 10 0 4
67 11 0 4
67 12 0 4
67 13 0 4
67 14 0 4
67 15 0 4
67 16 0 4
67 17 0 4
67 18 0 4
67 19 0 4
67 20 0 4
67 21 0 4
67 22 0 4
67 23 0 4
67 24 0 4
67 25 0 4
67 26 0 4
67 27 0 4
67 28 0 4
67 29 0 4
67 30 0 4
67 31 0 4
67 32 0 4
67 33 0 4
67 34 0 4
67 35 0 4
67 36 0 4
67 37 0 4
67 38 0 4
67 39 0 4
67 40 0 4
67 41 0 4
67 42 0 4
67 43 0 4
67 44 0 4
67 45 0 8
67 46 0 4
67 47 0 4
67 48 0 4
67 49 0 4
67 50 0 4
67 51 0 4
67 52 0 4
67 53 1 5
67 54 1 5
67 55 2 9
67 56 2 12
67 57 0 3
67 58 1 5
67 59 0 4
67 60 1 5
67 61 1 6
67 62 1 3
67 63 0 3
67 64 2 4
67 65 3 8
67 66 2 8
67 67 2 4
67 68 2 4
67 69 1 2
67 70 1 2
67 71 1 2
67 72 1 2
67 73 3 7
67 74 5 14
67 75 3 5
67 76 4 10
67 77 0 4
67 78 0 4
67 79 0 4
67 80 0 2
67 81 0 2
67 82 0 2
67 83 0 2
67 84 0 2
67 85 0 2
67 86 0 2
67 87 0 2
67 88 0 2
67 89 0 2
67 90 4 12
67 91 3 7
67 92 2 5
67 93 6 12
67 94 0 11
67 95 0 4
67 96 4 11
67 97 0 2
67 98 0 3
67 99 6 13
67 100 6 13
68 1 1 4
68 2 3 9
68 3 1 5
68 4 3 11
68 5 1 3
68 6 1 3
68 7 1 3
68 8 2 5
68 9 5 6
68 10 1 2
68 11 1 2
68 12 1 2
68 13 1 4
68 14 2 11
68 15 0 6
68 16 0 4
68 17 0 4
68 18 0 4
68 19 0 4
68 20 0 4
68 21 0 4
68 22 0 4
68 23 0 4
68 24 0 4
68 25 0 4
68 26 0 4
68 27 0 4
68 28 0 4
68 29 0 4
68 30 0 4
68 31 0 4
68 32 0 4
68 33 0 4
68 34 0 4
68 35 0 4
68 36 0 4
68 37 0 4
68 38 0 4
68 39 0 4
68 40 0 4
68 41 0 4
68 42 0 4
68 43 0 4
68 44 0 4
68 45 0 4
68 46 0 4
68 47 0 4
68 48 0 4
68 49 0 4
68 50 0 4
68 51 0 4
68 52 0 4
68 53 0 4
68 54 0 4
68 55 0 4
68 56 0 4
68 57 0 4
68 58 0 4
68 59 0 4
68 60 0 4
68 61 0 4
68 62 0 4
68 63 0 4
68 64 0 4
68 65 3 11
68 66 0 3
68 67 0 3
68 68 1 6
68 69 2 14
68 70 3 9
68 71 0 4
68 72 5 12
68 73 2 10
68 74 5 13
68 75 0 11
68 76 9 13
68 77 7 13
68 78 2 9
68 79 0 2
68 80 0 2
68 81 0 2
68 82 0 2
68 83 0 2
68 84 1 9
68 85 0 11
68 86 0 9
68 87 2 5
68 88 3 8
68 89 1 11
68 90 3 7
68 91 0 2
68 92 0 4
68 93 6 14
68 94 1 9
68 95 3 10
68 96 1 8
68 97 3 10
68 98 1 12
68 99 4 10
68 100 1 10
69 1 1 4
69 2 3 9
69 3 1 5
69 4 1 7
69 5 0 6
69 6 0 4
69 7 0 4
69 8 0 4
69 9 0 4
69 10 0 4
69 11 0 4
69 12 0 4
69 13 0 4
69 14 0 4
69 15 0 4
69 16 0 4
69 17 0 4
69 18 0 4
69 19 0 4
69 20 0 4
69 21 0 4
69 22 0 4
69 23 0 4
69 24 0 4
69 25 0 4
69 26 0 4
69 27 0 4
69 28 0 4
69 29 0 4
69 30 0 4
69 31 0 4
69 32 0 4
69 33 0 4
69 34 0 4
69 35 0 4
69 36 3 11
69 37 0 4
69 38 0 4
69 39 0 4
69 40 0 4
69 41 1 3
69 42 1 3
69 43 1 3
69 44 1 3
69 45 1 3
69 46 1 3
69 47 2 5
69 48 3 11
69 49 0 4
69 50 0 4
69 51 1 4
69 52 0 5
69 53 6 12
69 54 2 11
69 55 2 7
69 56 3 11
69 57 0 4
69 58 0 4
69 59 0 4
69 60 0 4
69 61 3 13
69 62 1 2
69 63 1 2
69 64 1 2
69 65 1 4
69 66 1 2
69 67 1 2
69 68 1 2
69 69 5 6
69 70 5 6
69 71 0 4
69 72 0 4
69 73 0 4
69 74 0 4
69 75 3 13
69 76 0 4
69 77 1 5
69 78 0 3
69 79 0 2
69 80 0 2
69 81 0 2
69 82 1 3
69 83 5 13
69 84 0 4
69 85 0 4
69 86 2 7
69 87 1 2
69 88 5 9
69 89 0 4
69 90 2 11
69 91 1 11
69 92 2 5
69 93 3 10
69 94 4 8
69 95 0 4
69 96 1 4
69 97 3 6
69 98 5 12
69 99 1 11
69 100 4 10
70 1 0 3
70 2 3 9
70 3 0 4
70 4 3 9
70 5 4 10
70 6 0 4
70 7 1 7
70 8 1 2
70 9 1 2
70 10 1 2
70 11 1 2
70 12 1 2
70 13 1 2
70 14 1 2
70 15 1 2
70 16 1 2
70 17 1 2
70 18 0 4
70 19 2 13
70 20 5 9
70 21 1 4
70 22 0 4
70 23 6 11
70 24 1 3
70 25 1 3
70 26 1 3
70 27 0 4
70 28 0 4
70 29 0 4
70 30 2 5
70 31 1 5
70 32 1 6
70 33 3 10
70 34 5 12
70 35 0 2
70 36 0 4
70 37 0 6
70 38 0 6
70 39 2 4
70 40 0 4
70 41 0 4
70 42 0 4
70 43 0 4
70 44 0 4
70 45 0 4
70 46 0 4
70 47 0 4
70 48 0 4
70 49 0 4
70 50 0 4
70 51 0 4
70 52 0 4
70 53 0 4
70 54 0 4
70 55 0 4
70 56 0 4
70 57 0 4
70 58 0 4
70 59 0 4
70 60 0 4
70 61 0 4
70 62 0 4
70 63 0 4
70 64 0 4
70 65 0 4
70 66 0 4
70 67 0 4
70 68 0 4
70 69 0 4
70 70 0 4
70 71 0 4
70 72 0 4
70 73 0 4
70 74 0 4
70 75 0 4
70 76 0 4
70 77 0 4
70 78 0 4
70 79 0 4
70 80 0 4
70 81 0 4
70 82 12 12
70 83 3 6
70 84 8 11
70 85 3 7
70 86 0 2
70 87 1 2
70 88 1 2
70 89 8 13
70 90 1 3
70 91 1 3
70 92 2 9
70 93 3 10
70 94 8 14
70 95 2 12
70 96 1 5
70 97 3 13
70 98 5 11
70 99 1 12
70 100 3 14
71 1 1 8
71 2 2 7
71 3 2 5
71 4 4 9
71 5 1 5
71 6 1 5
71 7 6 11
71 8 2 5
71 9 3 9
71 10 1 4
71 11 0 4
71 12 0 4
71 13 0 4
71 14 0 4
71 15 0 4
71 16 0 4
71 17 0 4
71 18 0 4
71 19 0 4
71 20 0 4
71 21 0 4
71 22 0 4
71 23 0 4
71 24 0 4
71 25 0 4
71 26 3 9
71 27 1 2
71 28 1 2
71 29 1 2
71 30 1 2
71 31 1 2
71 32 1 2
71 33 1 2
71 34 1 2
71 35 1 2
71 36 1 2
71 37 1 2
71 38 1 2
71 39 1 2
71 40 1 2
71 41 1 2
71 42 1 2
71 43 1 2
71 44 1 2
71 45 1 2
71 46 0 4
71 47 0 4
71 48 0 4
71 49 0 4
71 50 2 4
71 51 2 4
71 52 0 4
71 53 1 3
71 54 1 3
71 55 1 3
71 56 1 3
71 57 0 4
71 58 1 4
71 59 1 7
71 60 1 7
71 61 4 13
71 62 2 13
71 63 0 3
71 64 0 3
71 65 0 3
71 66 4 7
71 67 5 9
71 68 1 4
71 69 3 9
71 70 0 4
71 71 0 4
71 72 0 4
71 73 0 4
71 74 0 4
71 75 2 8
71 76 4 8
71 77 0 4
71 78 4 10
71 79 2 5
71 80 3 5
71 81 4 9
71 82 0 4
71 83 0 3
71 84 4 8
71 85 3 9
71 86 3 8
71 87 2 9
71 88 2 10
71 89 0 2
71 90 1 2
71 91 3 11
71 92 1 5
71 93 3 7
71 94 2 11
71 95 6 10
71 96 3 6
71 97 1 10
71 98 8 11
71 99 3 10
71 100 4 11
72 1 3 9
72 2 0 4
72 3 1 8
72 4 0 3
72 5 0 3
72 6 0 3
72 7 2 5
72 8 1 5
72 9 2 5
72 10 2 5
72 11 4 9
72 12 0 4
72 13 0 4
72 14 2 8
72 15 8 15
72 16 0 4
72 17 0 4
72 18 0 4
72 19 0 4
72 20 0 4
72 21 0 4
72 22 0 4
72 23 0 4
72 24 0 4
72 25 0 4
72 26 0 4
72 27 0 4
72 28 0 4
72 29 0 4
72 30 0 4
72 31 1 4
72 32 0 4
72 33 0 4
72 34 0 4
72 35 0 4
72 36 0 4
72 37 2 8
72 38 2 3
72 39 3 9
72 40 2 5
72 41 2 7
72 42 3 11
72 43 3 12
72 44 1 3
72 45 1 3
72 46 1 3
72 47 1 3
72 48 1 3
72 49 1 3
72 50 1 3
72 51 1 3
72 52 1 5
72 53 0 4
72 54 0 4
72 55 1 4
72 56 4 8
72 57 6 11
72 58 5 10
72 59 2 9
72 60 4 10
72 61 0 5
72 62 1 7
72 63 0 4
72 64 0 4
72 65 0 4
72 66 1 2
72 67 1 2
72 68 1 2
72 69 1 2
72 70 1 2
72 71 1 2
72 72 1 2
72 73 1 2
72 74 1 2
72 75 1 2
72 76 1 2
72 77 1 2
72 78 1 3
72 79 1 2
72 80 1 2
72 81 1 2
72 82 1 2
72 83 1 2
72 84 1 2
72 85 1 2
72 86 1 2
72 87 3 6
72 88 2 11
72 89 4 10
72 90 1 2
72 91 1 2
72 92 3 13
72 93 1 8
72 94 1 2
72 95 1 2
72 96 1 2
72 97 6 12
72 98 5 12
72 99 2 4
72 100 2 6
73 1 0 3
73 2 0 3
73 3 0 3
73 4 4 11
73 5 0 4
73 6 5 9
73 7 3 9
73 8 3 11
73 9 1 8
73 10 4 8
73 11 8 15
73 12 2 10
73 13 2 3
73 14 0 5
73 15 2 12
73 16 4 6
73 17 3 12
73 18 0 4
73 19 0 4
73 20 3 6
73 21 2 8
73 22 2 5
73 23 2 5
73 24 0 4
73 25 3 7
73 26 2 7
73 27 4 11
73 28 3 12
73 29 3 7
73 30 1 4
73 31 1 5
73 32 3 8
73 33 0 4
73 34 0 4
73 35 0 4
73 36 0 4
73 37 0 4
73 38 0 4
73 39 0 4
73 40 0 4
73 41 0 4
73 42 0 4
73 43 0 4
73 44 0 4
73 45 0 4
73 46 0 4
73 47 0 4
73 48 0 4
73 49 0 4
73 50 0 4
73 51 0 4
73 52 0 4
73 53 0 4
73 54 0 4
73 55 0 4
73 56 0 4
73 57 1 5
73 58 5 13
73 59 1 3
73 60 1 3
73 61 1 3
73 62 1 3
73 63 1 3
73 64 4 9
73 65 2 5
73 66 3 12
73 67 1 2
73 68 1 2
73 69 1 2
73 70 1 2
73 71 1 2
73 72 1 2
73 73 1 2
73 74 1 2
73 75 1 2
73 76 1 2
73 77 1 2
73 78 1 2
73 79 1 2
73 80 1 2
73 81 1 2
73 82 1 2
73 83 1 2
73 84 1 2
73 85 1 2
73 86 1 2
73 87 1 2
73 88 1 2
73 89 3 6
73 90 1 2
73 91 0 4
73 92 0 4
73 93 0 4
73 94 2 14
73 95 0 4
73 96 5 14
73 97 2 4
73 98 4 12
73 99 2 8
73 100 2 9
74 1 1 8
74 2 0 4
74 3 0 4
74 4 0 4
74 5 0 4
74 6 0 4
74 7 0 4
74 8 0 4
74 9 4 12
74 10 4 6
74 11 2 8
74 12 0 4
74 13 0 4
74 14 1 4
74 15 0 4
74 16 0 4
74 17 4 11
74 18 3 11
74 19 0 5
74 20 4 11
74 21 0 3
74 22 0 3
74 23 0 3
74 24 0 3
74 25 0 3
74 26 0 3
74 27 0 3
74 28 0 3
74 29 2 12
74 30 4 10
74 31 6 14
74 32 2 7
74 33 2 10
74 34 3 9
74 35 4 13
74 36 1 3
74 37 0 4
74 38 4 8
74 39 6 11
74 40 8 10
74 41 9 12
74 42 3 5
74 43 2 5
74 44 2 5
74 45 5 11
74 46 5 9
74 47 0 4
74 48 2 3
74 49 3 6
74 50 4 15
74 51 1 3
74 52 1 3
74 53 4 11
74 54 3 12
74 55 1 2
74 56 1 2
74 57 1 2
74 58 1 2
74 59 1 2
74 60 1 2
74 61 1 2
74 62 1 2
74 63 1 2
74 64 1 2
74 65 1 2
74 66 1 2
74 67 1 2
74 68 1 2
74 69 1 2
74 70 2 8
74 71 3 8
74 72 3 4
74 73 3 7
74 74 0 3
74 75 7 13
74 76 3 12
74 77 3 7
74 78 8 15
74 79 3 12
74 80 0 4
74 81 0 4
74 82 1 7
74 83 1 3
74 84 3 10
74 85 1 5
74 86 0 4
74 87 4 9
74 88 2 3
74 89 5 13
74 90 2 8
74 91 5 12
74 92 0 4
74 93 1 2
74 94 0 4
74 95 0 4
74 96 4 13
74 97 0 4
74 98 1 2
74 99 6 12
74 100 2 6
75 1 1 5
75 2 6 10
75 3 4 11
75 4 0 5
75 5 3 12
75 6 8 15
75 7 0 4
75 8 0 4
75 9 0 4
75 10 0 4
75 11 0 4
75 12 0 4
75 13 3 11
75 14 4 6
75 15 0 3
75 16 0 3
75 17 0 3
75 18 0 3
75 19 0 3
75 20 0 3
75 21 0 3
75 22 0 3
75 23 0 3
75 24 0 3
75 25 0 3
75 26 0 3
75 27 2 7
75 28 2 8
75 29 0 4
75 30 0 4
75 31 1 3
75 32 1 3
75 33 1 3
75 34 1 8
75 35 0 4
75 36 0 4
75 37 0 4
75 38 4 11
75 39 4 10
75 40 1 11
75 41 1 2
75 42 1 2
75 43 1 2
75 44 1 2
75 45 1 2
75 46 1 2
75 47 1 2
75 48 1 2
75 49 1 2
75 50 1 2
75 51 1 2
75 52 1 2
75 53 1 2
75 54 1 4
75 55 2 12
75 56 1 4
75 57 5 10
75 58 4 12
75 59 2 4
75 60 6 11
75 61 0 4
75 62 0 4
75 63 0 4
75 64 0 4
75 65 0 3
75 66 3 11
75 67 3 11
75 68 3 10
75 69 1 3
75 70 3 10
75 71 1 3
75 72 0 4
75 73 2 3
75 74 1 11
75 75 5 13
75 76 0 3
75 77 0 4
75 78 0 4
75 79 0 4
75 80 0 4
75 81 0 4
75 82 1 4
75 83 6 13
75 84 3 13
75 85 2 3
75 86 2 4
75 87 0 3
75 88 1 2
75 89 0 3
75 90 3 13
75 91 6 11
75 92 2 3
75 93 4 12
75 94 3 11
75 95 0 5
75 96 3 11
75 97 4 13
75 98 4 7
75 99 1 2
75 100 1 2
76 1 1 5
76 2 2 7
76 3 3 11
76 4 3 11
76 5 2 10
76 6 0 3
76 7 0 3
76 8 0 3
76 9 0 3
76 10 0 3
76 11 0 3
76 12 0 3
76 13 0 3
76 14 0 3
76 15 0 3
76 16 0 3
76 17 0 3
76 18 0 3
76 19 0 3
76 20 0 3
76 21 0 3
76 22 2 7
76 23 0 4
76 24 0 4
76 25 0 4
76 26 0 4
76 27 0 4
76 28 0 4
76 29 2 8
76 30 0 4
76 31 0 4
76 32 0 4
76 33 0 4
76 34 0 4
76 35 0 5
76 36 6 11
76 37 4 11
76 38 4 8
76 39 0 4
76 40 5 11
76 41 6 13
76 42 0 4
76 43 0 4
76 44 0 4
76 45 4 6
76 46 3 12
76 47 6 10
76 48 0 7
76 49 1 3
76 50 1 3
76 51 1 3
76 52 2 9
76 53 1 6
76 54 8 15
76 55 1 2
76 56 1 2
76 57 1 2
76 58 1 3
76 59 1 2
76 60 1 2
76 61 1 2
76 62 1 2
76 63 1 2
76 64 1 2
76 65 1 2
76 66 1 2
76 67 1 2
76 68 1 2
76 69 1 2
76 70 1 2
76 71 4 8
76 72 0 3
76 73 5 14
76 74 0 4
76 75 0 4
76 76 0 4
76 77 1 4
76 78 5 12
76 79 5 10
76 80 2 11
76 81 2 9
76 82 2 4
76 83 1 3
76 84 1 3
76 85 1 4
76 86 1 4
76 87 0 3
76 88 0 3
76 89 4 7
76 90 3 8
76 91 2 3
76 92 1 3
76 93 3 6
76 94 1 2
76 95 1 2
76 96 1 2
76 97 1 2
76 98 8 14
76 99 3 8
76 100 2 5
77 1 0 4
77 2 1 8
77 3 0 3
77 4 0 3
77 5 0 3
77 6 0 3
77 7 0 3
77 8 0 3
77 9 0 3
77 10 0 3
77 11 0 3
77 12 0 3
77 13 0 3
77 14 0 3
77 15 0 3
77 16 0 3
77 17 0 3
77 18 0 3
77 19 0 3
77 20 0 3
77 21 0 3
77 22 0 3
77 23 0 3
77 24 0 3
77 25 0 3
77 26 0 3
77 27 0 3
77 28 0 3
77 29 0 4
77 30 3 12
77 31 3 11
77 32 2 7
77 33 0 4
77 34 2 10
77 35 3 11
77 36 2 3
77 37 2 8
77 38 0 4
77 39 0 4
77 40 2 7
77 41 1 5
77 42 2 9
77 43 0 4
77 44 0 4
77 45 5 12
77 46 0 4
77 47 0 4
77 48 0 4
77 49 0 4
77 50 0 4
77 51 0 4
77 52 0 4
77 53 0 4
77 54 2 12
77 55 0 3
77 56 1 3
77 57 1 3
77 58 1 3
77 59 3 8
77 60 1 3
77 61 1 2
77 62 1 2
77 63 1 2
77 64 1 2
77 65 2 4
77 66 1 2
77 67 1 2
77 68 1 2
77 69 1 2
77 70 1 2
77 71 1 2
77 72 1 2
77 73 1 2
77 74 1 2
77 75 6 12
77 76 2 4
77 77 0 4
77 78 3 8
77 79 1 3
77 80 4 10
77 81 1 4
77 82 2 4
77 83 0 4
77 84 1 3
77 85 2 4
77 86 0 4
77 87 0 4
77 88 5 13
77 89 0 3
77 90 1 5
77 91 1 7
77 92 2 10
77 93 6 14
77 94 2 5
77 95 2 8
77 96 4 11
77 97 1 2
77 98 1 3
77 99 1 2
77 100 2 7
78 1 0 4
78 2 3 12
78 3 2 10
78 4 0 4
78 5 1 6
78 6 0 3
78 7 0 3
78 8 0 3
78 9 0 3
78 10 0 3
78 11 0 3
78 12 0 3
78 13 0 3
78 14 0 3
78 15 0 3
78 16 0 3
78 17 0 3
78 18 0 3
78 19 0 3
78 20 0 3
78 21 0 3
78 22 0 3
78 23 0 3
78 24 0 3
78 25 0 3
78 26 0 3
78 27 0 3
78 28 0 3
78 29 0 3
78 30 0 3
78 31 0 3
78 32 0 3
78 33 0 3
78 34 0 3
78 35 0 3
78 36 0 3
78 37 0 3
78 38 0 3
78 39 0 3
78 40 0 3
78 41 0 3
78 42 0 3
78 43 0 3
78 44 0 3
78 45 0 3
78 46 0 3
78 47 1 8
78 48 2 7
78 49 0 5
78 50 0 4
78 51 2 5
78 52 4 11
78 53 0 4
78 54 3 8
78 55 0 3
78 56 0 4
78 57 0 4
78 58 0 4
78 59 0 4
78 60 0 4
78 61 0 3
78 62 3 9
78 63 1 3
78 64 4 11
78 65 4 12
78 66 0 2
78 67 1 2
78 68 1 2
78 69 1 2
78 70 1 2
78 71 1 2
78 72 1 2
78 73 1 2
78 74 1 2
78 75 1 2
78 76 1 2
78 77 1 2
78 78 3 11
78 79 1 3
78 80 1 9
78 81 3 12
78 82 2 5
78 83 2 7
78 84 6 12
78 85 1 8
78 86 0 3
78 87 1 2
78 88 0 8
78 89 3 10
78 90 3 6
78 91 3 11
78 92 2 12
78 93 2 7
78 94 1 5
78 95 2 3
78 96 2 7
78 97 3 11
78 98 1 3
78 99 1 2
78 100 1 2
79 1 1 6
79 2 0 3
79 3 0 3
79 4 0 3
79 5 0 3
79 6 0 3
79 7 0 3
79 8 0 3
79 9 0 3
79 10 0 3
79 11 0 3
79 12 0 3
79 13 0 3
79 14 0 3
79 15 0 3
79 16 0 3
79 17 0 3
79 18 0 3
79 19 0 3
79 20 0 3
79 21 0 3
79 22 0 3
79 23 0 3
79 24 0 3
79 25 0 3
79 26 0 3
79 27 0 3
79 28 0 3
79 29 0 3
79 30 0 3
79 31 0 3
79 32 0 3
79 33 0 3
79 34 0 3
79 35 0 3
79 36 0 3
79 37 3 12
79 38 0 3
79 39 0 3
79 40 0 3
79 41 0 3
79 42 0 3
79 43 0 3
79 44 0 3
79 45 0 3
79 46 0 3
79 47 0 3
79 48 0 3
79 49 0 3
79 50 0 3
79 51 0 3
79 52 0 3
79 53 5 12
79 54 0 4
79 55 2 6
79 56 3 4
79 57 4 10
79 58 3 11
79 59 1 6
79 60 0 4
79 61 3 12
79 62 1 3
79 63 3 13
79 64 5 12
79 65 3 9
79 66 0 3
79 67 0 3
79 68 0 4
79 69 1 8
79 70 1 2
79 71 5 12
79 72 0 4
79 73 2 10
79 74 3 7
79 75 4 11
79 76 4 10
79 77 1 3
79 78 1 2
79 79 1 2
79 80 1 2
79 81 0 4
79 82 0 2
79 83 0 2
79 84 0 2
79 85 1 3
79 86 1 3
79 87 2 5
79 88 0 3
79 89 0 3
79 90 0 3
79 91 0 3
79 92 0 3
79 93 1 2
79 94 1 6
79 95 2 3
79 96 3 10
79 97 4 13
79 98 6 14
79 99 1 2
79 100 1 2
80 1 0 4
80 2 0 3
80 3 0 3
80 4 4 13
80 5 2 10
80 6 1 6
80 7 1 7
80 8 1 6
80 9 0 3
80 10 0 3
80 11 0 3
80 12 0 3
80 13 0 3
80 14 0 3
80 15 0 3
80 16 0 3
80 17 0 3
80 18 0 3
80 19 0 3
80 20 0 3
80 21 0 3
80 22 0 3
80 23 0 3
80 24 0 3
80 25 0 3
80 26 0 3
80 27 0 3
80 28 0 3
80 29 0 3
80 30 0 3
80 31 0 3
80 32 0 3
80 33 0 3
80 34 0 3
80 35 0 3
80 36 0 3
80 37 0 3
80 38 0 3
80 39 0 3
80 40 0 3
80 41 0 3
80 42 0 3
80 43 0 3
80 44 0 3
80 45 0 3
80 46 0 3
80 47 0 3
80 48 0 3
80 49 0 3
80 50 0 3
80 51 0 3
80 52 0 3
80 53 0 3
80 54 0 3
80 55 0 3
80 56 0 3
80 57 0 3
80 58 0 3
80 59 0 3
80 60 0 3
80 61 0 3
80 62 0 3
80 63 0 3
80 64 2 8
80 65 1 2
80 66 1 2
80 67 1 6
80 68 1 4
80 69 0 2
80 70 0 2
80 71 3 6
80 72 3 8
80 73 4 9
80 74 4 8
80 75 5 10
80 76 3 11
80 77 5 11
80 78 6 13
80 79 4 8
80 80 0 4
80 81 1 2
80 82 3 5
80 83 0 7
80 84 0 3
80 85 0 3
80 86 0 3
80 87 1 3
80 88 1 3
80 89 2 12
80 90 4 8
80 91 1 2
80 92 0 3
80 93 1 2
80 94 0 8
80 95 1 9
80 96 0 3
80 97 0 3
80 98 1 4
80 99 2 9
80 100 5 8
81 1 0 3
81 2 0 3
81 3 0 3
81 4 0 3
81 5 0 4
81 6 0 4
81 7 2 8
81 8 8 10
81 9 2 10
81 10 4 13
81 11 3 6
81 12 6 10
81 13 1 6
81 14 1 6
81 15 5 11
81 16 1 7
81 17 0 3
81 18 0 3
81 19 0 3
81 20 0 3
81 21 0 3
81 22 0 3
81 23 0 3
81 24 0 3
81 25 0 3
81 26 0 3
81 27 0 3
81 28 0 3
81 29 0 3
81 30 0 3
81 31 0 3
81 32 0 3
81 33 0 3
81 34 0 3
81 35 0 3
81 36 0 3
81 37 0 3
81 38 0 3
81 39 0 3
81 40 0 3
81 41 0 3
81 42 0 3
81 43 0 3
81 44 0 3
81 45 0 3
81 46 0 3
81 47 0 3
81 48 0 3
81 49 0 3
81 50 0 3
81 51 0 3
81 52 0 3
81 53 0 3
81 54 0 3
81 55 0 3
81 56 0 3
81 57 0 3
81 58 0 3
81 59 0 3
81 60 0 3
81 61 0 3
81 62 0 3
81 63 0 3
81 64 0 3
81 65 0 3
81 66 0 3
81 67 0 9
81 68 4 9
81 69 1 6
81 70 1 2
81 71 1 2
81 72 7 11
81 73 5 7
81 74 1 2
81 75 3 13
81 76 2 9
81 77 0 2
81 78 0 2
81 79 0 2
81 80 2 8
81 81 0 2
81 82 0 2
81 83 0 3
81 84 1 3
81 85 1 8
81 86 2 13
81 87 0 3
81 88 0 5
81 89 0 3
81 90 1 2
81 91 0 3
81 92 0 3
81 93 1 2
81 94 0 2
81 95 0 3
81 96 1 11
81 97 3 11
81 98 3 10
81 99 4 9
81 100 0 4
82 1 0 3
82 2 0 3
82 3 0 3
82 4 0 3
82 5 0 3
82 6 0 3
82 7 0 3
82 8 0 3
82 9 0 3
82 10 0 3
82 11 2 10
82 12 0 4
82 13 0 4
82 14 2 8
82 15 1 6
82 16 2 13
82 17 4 13
82 18 1 5
82 19 1 6
82 20 0 3
82 21 0 3
82 22 0 3
82 23 0 3
82 24 0 3
82 25 0 3
82 26 0 3
82 27 0 3
82 28 0 3
82 29 0 3
82 30 0 3
82 31 0 3
82 32 0 3
82 33 0 3
82 34 0 3
82 35 0 3
82 36 0 3
82 37 0 4
82 38 0 3
82 39 0 3
82 40 0 3
82 41 0 3
82 42 0 3
82 43 0 3
82 44 0 3
82 45 0 3
82 46 0 3
82 47 0 3
82 48 0 3
82 49 0 3
82 50 0 3
82 51 0 3
82 52 0 3
82 53 0 3
82 54 0 3
82 55 0 3
82 56 0 3
82 57 0 3
82 58 0 3
82 59 0 3
82 60 0 3
82 61 0 3
82 62 0 3
82 63 0 3
82 64 0 3
82 65 0 3
82 66 0 3
82 67 0 3
82 68 2 6
82 69 3 6
82 70 8 10
82 71 1 12
82 72 6 10
82 73 1 7
82 74 5 11
82 75 2 4
82 76 1 6
82 77 0 2
82 78 0 2
82 79 0 2
82 80 2 6
82 81 0 2
82 82 0 2
82 83 0 2
82 84 2 10
82 85 0 4
82 86 1 6
82 87 3 10
82 88 0 3
82 89 0 3
82 90 0 3
82 91 2 14
82 92 2 12
82 93 2 6
82 94 0 3
82 95 1 9
82 96 5 12
82 97 4 11
82 98 7 10
82 99 0 2
82 100 0 3
83 1 0 4
83 2 0 4
83 3 0 3
83 4 0 3
83 5 0 3
83 6 0 3
83 7 0 3
83 8 0 3
83 9 0 3
83 10 0 3
83 11 0 3
83 12 0 3
83 13 0 3
83 14 0 3
83 15 0 3
83 16 0 3
83 17 0 3
83 18 1 5
83 19 2 8
83 20 5 13
83 21 4 11
83 22 4 11
83 23 2 10
83 24 1 6
83 25 1 6
83 26 4 13
83 27 2 10
83 28 1 6
83 29 2 13
83 30 0 3
83 31 0 3
83 32 0 3
83 33 0 3
83 34 0 3
83 35 0 3
83 36 0 3
83 37 0 3
83 38 0 3
83 39 0 3
83 40 0 3
83 41 0 3
83 42 0 3
83 43 0 3
83 44 0 3
83 45 0 3
83 46 0 3
83 47 0 3
83 48 0 3
83 49 0 3
83 50 0 3
83 51 0 3
83 52 0 3
83 53 0 3
83 54 0 3
83 55 0 3
83 56 0 3
83 57 0 3
83 58 0 3
83 59 0 3
83 60 0 3
83 61 0 3
83 62 0 3
83 63 0 3
83 64 0 3
83 65 0 3
83 66 0 3
83 67 0 3
83 68 5 9
83 69 1 6
83 70 0 4
83 71 6 11
83 72 5 9
83 73 3 11
83 74 3 8
83 75 1 5
83 76 2 4
83 77 0 3
83 78 0 2
83 79 3 12
83 80 2 6
83 81 3 11
83 82 1 3
83 83 1 2
83 84 0 3
83 85 0 2
83 86 0 3
83 87 0 3
83 88 0 3
83 89 2 7
83 90 5 13
83 91 4 11
83 92 1 6
83 93 3 9
83 94 0 2
83 95 0 4
83 96 1 8
83 97 2 9
83 98 0 3
83 99 7 11
83 100 0 3
84 1 3 12
84 2 0 3
84 3 0 3
84 4 0 3
84 5 0 3
84 6 0 3
84 7 0 3
84 8 0 3
84 9 0 3
84 10 0 3
84 11 0 3
84 12 0 3
84 13 0 3
84 14 0 3
84 15 0 3
84 16 0 3
84 17 0 3
84 18 0 3
84 19 0 3
84 20 0 3
84 21 0 3
84 22 0 3
84 23 0 3
84 24 0 3
84 25 0 4
84 26 0 4
84 27 0 4
84 28 1 6
84 29 1 6
84 30 1 6
84 31 0 3
84 32 0 3
84 33 0 3
84 34 0 3
84 35 0 3
84 36 0 3
84 37 0 3
84 38 0 3
84 39 0 3
84 40 0 3
84 41 0 3
84 42 0 3
84 43 0 3
84 44 0 3
84 45 0 3
84 46 0 3
84 47 0 3
84 48 0 3
84 49 0 3
84 50 0 3
84 51 0 3
84 52 2 8
84 53 3 9
84 54 2 9
84 55 4 11
84 56 2 9
84 57 2 13
84 58 4 13
84 59 4 11
84 60 1 5
84 61 3 8
84 62 1 4
84 63 1 6
84 64 4 10
84 65 5 13
84 66 3 6
84 67 1 11
84 68 1 5
84 69 2 10
84 70 5 9
84 71 1 5
84 72 2 10
84 73 6 13
84 74 1 2
84 75 1 3
84 76 1 3
84 77 0 3
84 78 0 2
84 79 4 7
84 80 0 3
84 81 0 2
84 82 5 10
84 83 0 3
84 84 0 4
84 85 4 11
84 86 2 7
84 87 0 3
84 88 3 9
84 89 0 4
84 90 0 3
84 91 7 11
84 92 0 3
84 93 1 7
84 94 5 12
84 95 2 7
84 96 1 5
84 97 1 6
84 98 2 8
84 99 3 5
84 100 1 2
85 1 0 3
85 2 0 3
85 3 0 3
85 4 1 6
85 5 1 6
85 6 0 3
85 7 0 3
85 8 0 3
85 9 0 3
85 10 0 3
85 11 0 3
85 12 0 3
85 13 0 3
85 14 0 3
85 15 0 3
85 16 0 3
85 17 0 3
85 18 0 3
85 19 0 3
85 20 0 3
85 21 0 3
85 22 0 3
85 23 0 3
85 24 0 3
85 25 0 3
85 26 0 3
85 27 0 3
85 28 0 3
85 29 0 3
85 30 0 3
85 31 0 3
85 32 0 3
85 33 0 3
85 34 0 3
85 35 0 3
85 36 0 3
85 37 0 3
85 38 0 3
85 39 0 3
85 40 0 3
85 41 0 3
85 42 0 3
85 43 0 3
85 44 0 3
85 45 0 3
85 46 0 3
85 47 0 3
85 48 0 3
85 49 0 3
85 50 0 3
85 51 0 3
85 52 2 5
85 53 0 3
85 54 2 8
85 55 3 8
85 56 0 4
85 57 0 4
85 58 0 4
85 59 0 4
85 60 0 4
85 61 4 12
85 62 4 11
85 63 3 12
85 64 7 9
85 65 4 10
85 66 0 3
85 67 0 3
85 68 0 3
85 69 6 14
85 70 0 3
85 71 3 12
85 72 1 5
85 73 5 7
85 74 4 11
85 75 5 11
85 76 1 6
85 77 10 13
85 78 0 3
85 79 0 2
85 80 4 12
85 81 3 8
85 82 4 7
85 83 4 13
85 84 7 14
85 85 2 13
85 86 1 8
85 87 1 4
85 88 0 3
85 89 0 3
85 90 0 4
85 91 0 3
85 92 3 7
85 93 0 4
85 94 0 3
85 95 0 3
85 96 1 10
85 97 1 8
85 98 3 10
85 99 7 14
85 100 2 7
86 1 0 3
86 2 0 3
86 3 0 3
86 4 0 3
86 5 0 3
86 6 0 3
86 7 0 3
86 8 0 3
86 9 0 3
86 10 0 3
86 11 0 3
86 12 0 3
86 13 0 3
86 14 0 3
86 15 0 3
86 16 0 3
86 17 0 3
86 18 0 3
86 19 0 3
86 20 0 3
86 21 0 3
86 22 0 3
86 23 0 3
86 24 0 3
86 25 0 3
86 26 0 3
86 27 0 3
86 28 0 3
86 29 0 3
86 30 0 3
86 31 0 3
86 32 2 3
86 33 0 4
86 34 0 4
86 35 6 8
86 36 5 11
86 37 3 14
86 38 0 3
86 39 0 3
86 40 0 3
86 41 0 3
86 42 1 6
86 43 1 6
86 44 0 3
86 45 0 3
86 46 0 3
86 47 0 3
86 48 0 3
86 49 0 3
86 50 0 3
86 51 0 3
86 52 0 3
86 53 0 3
86 54 0 3
86 55 0 3
86 56 0 3
86 57 0 3
86 58 0 3
86 59 0 3
86 60 0 3
86 61 0 3
86 62 0 3
86 63 0 3
86 64 0 3
86 65 0 3
86 66 0 3
86 67 0 3
86 68 0 3
86 69 4 14
86 70 1 6
86 71 4 8
86 72 4 13
86 73 3 11
86 74 0 3
86 75 0 3
86 76 3 12
86 77 5 12
86 78 5 14
86 79 2 5
86 80 2 11
86 81 6 9
86 82 0 3
86 83 0 3
86 84 6 12
86 85 0 3
86 86 0 3
86 87 0 3
86 88 3 7
86 89 0 3
86 90 6 12
86 91 0 3
86 92 0 1
86 93 0 3
86 94 1 4
86 95 12 12
86 96 0 8
86 97 1 8
86 98 4 11
86 99 3 12
86 100 2 6
87 1 0 3
87 2 0 3
87 3 0 3
87 4 0 3
87 5 0 3
87 6 0 3
87 7 0 3
87 8 0 3
87 9 0 3
87 10 0 3
87 11 0 3
87 12 0 3
87 13 0 3
87 14 0 3
87 15 0 3
87 16 0 3
87 17 0 3
87 18 0 3
87 19 0 3
87 20 0 3
87 21 0 3
87 22 0 3
87 23 0 3
87 24 0 3
87 25 0 3
87 26 0 3
87 27 0 3
87 28 0 3
87 29 0 3
87 30 0 3
87 31 0 3
87 32 0 3
87 33 0 3
87 34 0 3
87 35 0 3
87 36 0 3
87 37 0 3
87 38 0 3
87 39 0 3
87 40 0 3
87 41 0 3
87 42 0 3
87 43 0 3
87 44 0 3
87 45 0 3
87 46 0 3
87 47 0 3
87 48 0 3
87 49 6 12
87 50 2 9
87 51 0 3
87 52 0 3
87 53 0 3
87 54 0 3
87 55 0 3
87 56 0 3
87 57 0 3
87 58 0 3
87 59 0 3
87 60 0 3
87 61 0 3
87 62 0 3
87 63 0 3
87 64 0 3
87 65 4 8
87 66 3 15
87 67 1 8
87 68 0 4
87 69 0 9
87 70 9 10
87 71 7 14
87 72 3 5
87 73 4 13
87 74 2 13
87 75 3 10
87 76 1 4
87 77 1 3
87 78 1 3
87 79 0 3
87 80 1 2
87 81 3 6
87 82 5 6
87 83 4 8
87 84 4 8
87 85 0 3
87 86 0 3
87 87 1 3
87 88 6 10
87 89 0 3
87 90 0 3
87 91 0 3
87 92 0 1
87 93 0 3
87 94 0 3
87 95 2 8
87 96 3 11
87 97 4 12
87 98 6 13
87 99 2 12
87 100 0 3
88 1 0 6
88 2 0 3
88 3 0 3
88 4 0 3
88 5 0 3
88 6 0 3
88 7 0 3
88 8 0 3
88 9 0 3
88 10 0 3
88 11 0 3
88 12 0 3
88 13 0 3
88 14 0 3
88 15 0 3
88 16 0 3
88 17 0 3
88 18 0 3
88 19 0 3
88 20 0 3
88 21 0 3
88 22 0 3
88 23 0 3
88 24 0 3
88 25 0 3
88 26 0 3
88 27 0 3
88 28 0 3
88 29 0 3
88 30 0 3
88 31 0 3
88 32 0 3
88 33 0 3
88 34 0 3
88 35 0 3
88 36 0 3
88 37 0 3
88 38 0 3
88 39 0 3
88 40 0 3
88 41 0 3
88 42 0 3
88 43 0 3
88 44 0 3
88 45 0 3
88 46 0 3
88 47 0 3
88 48 0 3
88 49 0 3
88 50 0 3
88 51 0 3
88 52 0 3
88 53 0 3
88 54 0 3
88 55 0 3
88 56 0 3
88 57 0 3
88 58 0 3
88 59 0 3
88 60 0 3
88 61 0 3
88 62 2 9
88 63 0 4
88 64 2 3
88 65 7 11
88 66 0 3
88 67 0 3
88 68 0 3
88 69 0 3
88 70 0 3
88 71 0 3
88 72 7 14
88 73 1 9
88 74 2 8
88 75 2 9
88 76 1 3
88 77 0 2
88 78 1 2
88 79 1 2
88 80 2 7
88 81 0 3
88 82 0 3
88 83 0 3
88 84 3 8
88 85 5 13
88 86 0 4
88 87 5 11
88 88 3 9
88 89 3 6
88 90 0 3
88 91 0 3
88 92 0 3
88 93 2 10
88 94 4 12
88 95 3 12
88 96 2 8
88 97 4 14
88 98 1 5
88 99 6 14
88 100 3 11
89 1 0 3
89 2 0 3
89 3 0 3
89 4 0 3
89 5 0 3
89 6 0 3
89 7 0 3
89 8 0 3
89 9 0 3
89 10 0 3
89 11 0 3
89 12 0 3
89 13 0 3
89 14 0 3
89 15 0 3
89 16 0 3
89 17 0 3
89 18 0 3
89 19 0 3
89 20 0 3
89 21 0 3
89 22 0 3
89 23 0 3
89 24 0 3
89 25 0 3
89 26 0 3
89 27 0 3
89 28 0 3
89 29 0 3
89 30 0 3
89 31 0 3
89 32 0 3
89 33 0 3
89 34 0 3
89 35 0 3
89 36 0 3
89 37 0 3
89 38 0 3
89 39 0 3
89 40 0 3
89 41 0 3
89 42 0 3
89 43 0 3
89 44 0 3
89 45 0 3
89 46 0 3
89 47 0 3
89 48 0 3
89 49 0 3
89 50 0 3
89 51 0 3
89 52 0 3
89 53 0 3
89 54 0 3
89 55 0 3
89 56 0 3
89 57 0 3
89 58 0 3
89 59 5 12
89 60 0 3
89 61 0 3
89 62 4 13
89 63 0 4
89 64 3 7
89 65 3 4
89 66 0 6
89 67 0 4
89 68 0 3
89 69 2 6
89 70 4 12
89 71 0 3
89 72 0 9
89 73 5 11
89 74 0 3
89 75 0 3
89 76 1 2
89 77 1 2
89 78 1 2
89 79 1 2
89 80 5 12
89 81 2 5
89 82 5 10
89 83 3 5
89 84 3 11
89 85 1 7
89 86 5 7
89 87 0 3
89 88 3 9
89 89 0 6
89 90 0 3
89 91 1 4
89 92 4 13
89 93 0 3
89 94 2 7
89 95 0 8
89 96 4 12
89 97 5 11
89 98 3 12
89 99 3 5
89 100 5 10
90 1 0 3
90 2 0 3
90 3 0 3
90 4 0 3
90 5 0 3
90 6 0 3
90 7 0 3
90 8 0 3
90 9 0 3
90 10 0 3
90 11 0 3
90 12 0 3
90 13 0 3
90 14 0 3
90 15 0 3
90 16 0 3
90 17 0 3
90 18 0 3
90 19 0 3
90 20 0 3
90 21 0 3
90 22 0 3
90 23 0 3
90 24 0 3
90 25 0 3
90 26 0 3
90 27 0 3
90 28 0 3
90 29 0 3
90 30 0 3
90 31 0 3
90 32 0 3
90 33 0 3
90 34 0 3
90 35 0 3
90 36 0 3
90 37 0 3
90 38 0 3
90 39 0 3
90 40 0 3
90 41 0 3
90 42 0 3
90 43 0 3
90 44 0 3
90 45 0 3
90 46 0 3
90 47 0 3
90 48 0 3
90 49 0 3
90 50 0 3
90 51 0 3
90 52 0 3
90 53 0 3
90 54 0 3
90 55 0 3
90 56 0 3
90 57 0 3
90 58 0 3
90 59 0 3
90 60 0 3
90 61 0 3
90 62 0 3
90 63 0 3
90 64 0 3
90 65 0 3
90 66 0 3
90 67 0 3
90 68 0 4
90 69 0 3
90 70 5 13
90 71 3 10
90 72 0 4
90 73 2 7
90 74 0 3
90 75 0 3
90 76 0 4
90 77 3 7
90 78 3 6
90 79 4 12
90 80 3 10
90 81 4 5
90 82 5 11
90 83 0 3
90 84 0 3
90 85 5 12
90 86 0 3
90 87 5 7
90 88 1 2
90 89 4 11
90 90 3 11
90 91 0 3
90 92 0 3
90 93 0 3
90 94 0 3
90 95 0 3
90 96 3 5
90 97 3 11
90 98 4 6
90 99 3 10
90 100 4 14
91 1 0 3
91 2 0 3
91 3 0 3
91 4 0 4
91 5 0 3
91 6 0 3
91 7 0 3
91 8 0 3
91 9 0 3
91 10 0 3
91 11 0 3
91 12 0 3
91 13 0 3
91 14 0 3
91 15 0 3
91 16 0 3
91 17 0 3
91 18 0 3
91 19 0 3
91 20 0 3
91 21 0 3
91 22 0 3
91 23 0 3
91 24 0 3
91 25 0 3
91 26 0 3
91 27 0 3
91 28 0 3
91 29 0 3
91 30 0 3
91 31 0 3
91 32 0 3
91 33 0 3
91 34 0 3
91 35 0 3
91 36 0 3
91 37 0 3
91 38 0 3
91 39 0 3
91 40 0 3
91 41 0 3
91 42 0 3
91 43 0 3
91 44 0 3
91 45 0 3
91 46 0 3
91 47 0 3
91 48 0 3
91 49 0 3
91 50 0 3
91 51 0 3
91 52 0 3
91 53 0 3
91 54 0 3
91 55 0 3
91 56 0 3
91 57 0 3
91 58 0 3
91 59 0 3
91 60 0 3
91 61 0 3
91 62 0 3
91 63 0 3
91 64 0 3
91 65 0 3
91 66 0 3
91 67 0 3
91 68 0 3
91 69 0 3
91 70 0 3
91 71 0 3
91 72 5 14
91 73 1 3
91 74 5 12
91 75 1 2
91 76 0 3
91 77 0 3
91 78 3 8
91 79 1 3
91 80 1 6
91 81 3 10
91 82 5 7
91 83 6 11
91 84 3 12
91 85 1 6
91 86 0 5
91 87 4 12
91 88 4 12
91 89 0 3
91 90 0 3
91 91 2 10
91 92 5 11
91 93 6 12
91 94 4 12
91 95 2 9
91 96 2 11
91 97 10 13
91 98 11 13
91 99 3 10
91 100 6 13
92 1 7 8
92 2 0 3
92 3 0 3
92 4 0 3
92 5 0 3
92 6 0 3
92 7 0 3
92 8 0 3
92 9 0 3
92 10 0 3
92 11 0 3
92 12 0 3
92 13 0 3
92 14 0 3
92 15 0 3
92 16 0 3
92 17 0 3
92 18 0 3
92 19 0 3
92 20 0 3
92 21 0 3
92 22 0 3
92 23 0 3
92 24 0 3
92 25 0 3
92 26 0 3
92 27 0 3
92 28 0 3
92 29 0 3
92 30 0 3
92 31 0 3
92 32 0 3
92 33 0 3
92 34 0 3
92 35 0 3
92 36 0 3
92 37 0 3
92 38 0 3
92 39 0 3
92 40 0 3
92 41 0 3
92 42 0 3
92 43 0 3
92 44 0 3
92 45 0 3
92 46 0 3
92 47 0 3
92 48 0 3
92 49 0 3
92 50 0 3
92 51 0 3
92 52 0 3
92 53 0 3
92 54 0 3
92 55 0 3
92 56 0 3
92 57 0 3
92 58 0 3
92 59 0 3
92 60 0 3
92 61 0 3
92 62 0 3
92 63 1 4
92 64 2 11
92 65 10 15
92 66 6 11
92 67 0 8
92 68 1 3
92 69 2 3
92 70 3 10
92 71 0 7
92 72 1 8
92 73 0 4
92 74 5 12
92 75 4 12
92 76 11 15
92 77 3 9
92 78 0 3
92 79 4 9
92 80 2 6
92 81 1 3
92 82 4 11
92 83 0 6
92 84 0 3
92 85 0 3
92 86 0 3
92 87 0 3
92 88 0 3
92 89 3 14
92 90 1 3
92 91 0 9
92 92 5 10
92 93 0 3
92 94 0 10
92 95 0 8
92 96 2 6
92 97 4 9
92 98 2 10
92 99 2 9
92 100 3 9
93 1 0 3
93 2 0 3
93 3 0 3
93 4 0 3
93 5 0 3
93 6 0 3
93 7 0 3
93 8 0 3
93 9 0 3
93 10 0 3
93 11 0 3
93 12 0 3
93 13 0 3
93 14 0 3
93 15 0 3
93 16 0 3
93 17 0 3
93 18 0 3
93 19 0 3
93 20 0 3
93 21 0 3
93 22 0 3
93 23 0 3
93 24 0 3
93 25 0 3
93 26 0 3
93 27 0 3
93 28 0 3
93 29 0 3
93 30 0 3
93 31 0 3
93 32 0 3
93 33 0 3
93 34 0 3
93 35 0 3
93 36 0 3
93 37 0 3
93 38 0 3
93 39 0 3
93 40 0 3
93 41 0 3
93 42 0 3
93 43 0 3
93 44 0 3
93 45 0 3
93 46 0 3
93 47 0 3
93 48 0 3
93 49 0 3
93 50 0 3
93 51 0 3
93 52 0 3
93 53 0 3
93 54 0 3
93 55 0 3
93 56 0 3
93 57 0 3
93 58 0 3
93 59 0 3
93 60 0 3
93 61 0 3
93 62 0 3
93 63 0 3
93 64 0 4
93 65 1 3
93 66 1 3
93 67 5 14
93 68 4 11
93 69 1 4
93 70 3 11
93 71 7 8
93 72 5 11
93 73 5 13
93 74 5 13
93 75 1 6
93 76 1 7
93 77 0 3
93 78 0 3
93 79 0 3
93 80 3 8
93 81 5 12
93 82 4 12
93 83 0 3
93 84 0 3
93 85 1 3
93 86 5 11
93 87 3 7
93 88 3 11
93 89 2 8
93 90 0 3
93 91 0 3
93 92 0 3
93 93 0 3
93 94 1 5
93 95 5 12
93 96 3 8
93 97 2 7
93 98 6 8
93 99 4 9
93 100 2 11
94 1 2 10
94 2 0 4
94 3 0 3
94 4 0 3
94 5 0 3
94 6 0 3
94 7 0 3
94 8 0 3
94 9 0 3
94 10 0 3
94 11 0 3
94 12 0 3
94 13 0 3
94 14 0 3
94 15 0 3
94 16 0 3
94 17 0 3
94 18 0 3
94 19 0 3
94 20 0 3
94 21 0 3
94 22 0 3
94 23 0 3
94 24 0 3
94 25 0 3
94 26 0 3
94 27 0 3
94 28 0 3
94 29 0 3
94 30 0 3
94 31 0 3
94 32 0 3
94 33 0 3
94 34 0 3
94 35 0 3
94 36 0 3
94 37 0 3
94 38 0 3
94 39 0 3
94 40 0 3
94 41 0 3
94 42 0 3
94 43 0 3
94 44 0 3
94 45 0 3
94 46 0 3
94 47 0 3
94 48 0 3
94 49 0 3
94 50 0 3
94 51 0 3
94 52 0 3
94 53 0 3
94 54 0 3
94 55 0 3
94 56 0 3
94 57 0 3
94 58 0 3
94 59 0 3
94 60 0 3
94 61 0 3
94 62 0 3
94 63 0 3
94 64 0 3
94 65 0 3
94 66 0 3
94 67 0 3
94 68 0 3
94 69 0 3
94 70 0 3
94 71 0 3
94 72 0 3
94 73 0 3
94 74 0 3
94 75 0 3
94 76 0 3
94 77 4 14
94 78 1 6
94 79 5 12
94 80 0 6
94 81 1 6
94 82 4 9
94 83 0 3
94 84 0 3
94 85 2 3
94 86 8 13
94 87 3 10
94 88 0 3
94 89 0 3
94 90 0 3
94 91 0 3
94 92 5 12
94 93 0 3
94 94 0 3
94 95 0 3
94 96 0 3
94 97 0 3
94 98 4 12
94 99 5 12
94 100 5 11
95 1 0 3
95 2 0 3
95 3 0 3
95 4 0 3
95 5 0 3
95 6 0 3
95 7 0 3
95 8 0 3
95 9 0 3
95 10 0 3
95 11 0 3
95 12 0 3
95 13 0 3
95 14 0 3
95 15 0 3
95 16 0 3
95 17 0 3
95 18 0 3
95 19 0 3
95 20 0 3
95 21 0 3
95 22 0 3
95 23 0 3
95 24 0 3
95 25 0 3
95 26 0 3
95 27 0 3
95 28 0 3
95 29 0 3
95 30 0 3
95 31 0 3
95 32 0 3
95 33 0 3
95 34 0 3
95 35 0 3
95 36 0 3
95 37 0 3
95 38 0 3
95 39 0 3
95 40 0 3
95 41 0 3
95 42 0 3
95 43 0 3
95 44 0 3
95 45 0 3
95 46 0 3
95 47 0 3
95 48 0 3
95 49 0 3
95 50 0 3
95 51 0 3
95 52 0 3
95 53 0 3
95 54 0 3
95 55 0 3
95 56 0 3
95 57 0 3
95 58 0 3
95 59 0 3
95 60 0 3
95 61 0 3
95 62 6 12
95 63 2 10
95 64 7 10
95 65 0 4
95 66 9 15
95 67 3 14
95 68 0 3
95 69 0 3
95 70 0 3
95 71 2 13
95 72 2 3
95 73 1 9
95 74 7 13
95 75 5 12
95 76 4 10
95 77 1 2
95 78 3 11
95 79 3 11
95 80 0 3
95 81 5 12
95 82 3 11
95 83 2 3
95 84 2 3
95 85 4 8
95 86 0 3
95 87 0 3
95 88 4 11
95 89 2 3
95 90 0 3
95 91 6 11
95 92 2 13
95 93 5 11
95 94 3 10
95 95 9 15
95 96 5 13
95 97 5 15
95 98 6 11
95 99 4 11
95 100 3 13
96 1 0 4
96 2 2 8
96 3 0 3
96 4 0 3
96 5 0 3
96 6 0 3
96 7 0 3
96 8 0 3
96 9 0 3
96 10 0 3
96 11 0 3
96 12 0 3
96 13 0 3
96 14 0 3
96 15 0 3
96 16 0 3
96 17 0 3
96 18 0 3
96 19 0 3
96 20 0 3
96 21 0 3
96 22 0 3
96 23 0 3
96 24 0 3
96 25 0 3
96 26 0 3
96 27 0 3
96 28 0 3
96 29 0 3
96 30 0 3
96 31 0 3
96 32 0 3
96 33 0 3
96 34 0 3
96 35 0 3
96 36 0 3
96 37 0 3
96 38 0 3
96 39 0 3
96 40 0 3
96 41 0 3
96 42 0 3
96 43 0 3
96 44 0 3
96 45 0 3
96 46 0 3
96 47 0 3
96 48 0 3
96 49 0 3
96 50 0 3
96 51 0 3
96 52 0 3
96 53 0 3
96 54 0 3
96 55 0 3
96 56 0 3
96 57 0 3
96 58 0 3
96 59 0 3
96 60 0 3
96 61 0 3
96 62 0 3
96 63 0 3
96 64 0 3
96 65 0 3
96 66 0 3
96 67 0 3
96 68 0 3
96 69 0 3
96 70 0 3
96 71 0 3
96 72 0 3
96 73 0 3
96 74 0 3
96 75 4 14
96 76 0 3
96 77 0 3
96 78 3 12
96 79 2 5
96 80 5 9
96 81 1 3
96 82 3 10
96 83 2 4
96 84 3 11
96 85 0 2
96 86 0 3
96 87 6 11
96 88 0 3
96 89 0 3
96 90 0 3
96 91 8 11
96 92 3 9
96 93 5 11
96 94 4 11
96 95 2 11
96 96 4 15
96 97 3 14
96 98 4 13
96 99 6 12
96 100 4 10
97 1 0 3
97 2 0 3
97 3 0 3
97 4 0 3
97 5 0 3
97 6 0 3
97 7 0 3
97 8 0 3
97 9 0 3
97 10 0 3
97 11 0 3
97 12 0 3
97 13 0 3
97 14 0 3
97 15 0 3
97 16 0 3
97 17 0 3
97 18 0 3
97 19 0 3
97 20 0 3
97 21 0 3
97 22 0 3
97 23 0 3
97 24 0 3
97 25 0 3
97 26 0 3
97 27 0 3
97 28 0 3
97 29 0 3
97 30 0 3
97 31 0 3
97 32 0 3
97 33 0 3
97 34 0 3
97 35 0 3
97 36 0 3
97 37 0 3
97 38 0 3
97 39 0 3
97 40 0 3
97 41 0 3
97 42 0 3
97 43 0 3
97 44 0 3
97 45 0 3
97 46 0 3
97 47 0 3
97 48 0 3
97 49 0 3
97 50 0 3
97 51 0 3
97 52 0 3
97 53 0 3
97 54 0 3
97 55 0 3
97 56 0 3
97 57 0 4
97 58 0 3
97 59 0 3
97 60 0 3
97 61 4 13
97 62 5 11
97 63 0 4
97 64 2 8
97 65 5 13
97 66 3 10
97 67 1 5
97 68 2 12
97 69 6 15
97 70 2 3
97 71 5 14
97 72 4 8
97 73 4 14
97 74 2 4
97 75 4 14
97 76 0 3
97 77 3 7
97 78 6 13
97 79 0 2
97 80 0 2
97 81 0 3
97 82 0 3
97 83 0 3
97 84 3 13
97 85 0 3
97 86 1 3
97 87 3 9
97 88 1 3
97 89 4 15
97 90 3 8
97 91 4 12
97 92 3 15
97 93 4 7
97 94 5 15
97 95 6 14
97 96 1 5
97 97 5 12
97 98 0 3
97 99 0 3
97 100 2 10
98 1 1 11
98 2 0 4
98 3 2 10
98 4 0 3
98 5 0 3
98 6 0 3
98 7 0 3
98 8 0 3
98 9 0 3
98 10 0 3
98 11 0 3
98 12 0 3
98 13 0 3
98 14 0 3
98 15 0 3
98 16 0 3
98 17 0 3
98 18 0 3
98 19 0 3
98 20 0 3
98 21 0 3
98 22 0 3
98 23 0 3
98 24 0 3
98 25 0 3
98 26 0 3
98 27 0 3
98 28 0 3
98 29 0 3
98 30 0 3
98 31 0 3
98 32 0 3
98 33 0 3
98 34 0 3
98 35 0 3
98 36 0 3
98 37 0 3
98 38 0 3
98 39 0 3
98 40 0 3
98 41 1 5
98 42 0 3
98 43 0 3
98 44 1 5
98 45 0 3
98 46 0 3
98 47 0 3
98 48 0 3
98 49 0 3
98 50 0 3
98 51 0 3
98 52 0 3
98 53 0 3
98 54 0 3
98 55 0 3
98 56 0 3
98 57 0 3
98 58 0 3
98 59 0 3
98 60 0 3
98 61 0 3
98 62 0 3
98 63 0 3
98 64 0 3
98 65 0 3
98 66 0 3
98 67 0 3
98 68 0 4
98 69 3 11
98 70 0 3
98 71 0 3
98 72 0 3
98 73 0 3
98 74 5 12
98 75 1 2
98 76 1 4
98 77 2 4
98 78 0 3
98 79 3 14
98 80 2 6
98 81 3 7
98 82 4 12
98 83 5 12
98 84 6 11
98 85 4 12
98 86 1 7
98 87 5 14
98 88 0 3
98 89 0 2
98 90 0 2
98 91 0 3
98 92 0 2
98 93 0 3
98 94 0 3
98 95 0 7
98 96 4 8
98 97 4 11
98 98 2 7
98 99 3 11
98 100 5 12
99 1 0 3
99 2 0 3
99 3 0 3
99 4 0 3
99 5 0 3
99 6 0 3
99 7 0 3
99 8 0 3
99 9 0 3
99 10 0 3
99 11 0 3
99 12 0 3
99 13 0 3
99 14 0 3
99 15 0 3
99 16 0 3
99 17 0 3
99 18 0 3
99 19 0 3
99 20 0 3
99 21 0 3
99 22 0 3
99 23 0 3
99 24 0 3
99 25 0 3
99 26 0 3
99 27 0 3
99 28 0 3
99 29 0 3
99 30 0 3
99 31 0 3
99 32 0 3
99 33 0 3
99 34 0 3
99 35 0 3
99 36 0 3
99 37 0 3
99 38 0 3
99 39 0 3
99 40 0 3
99 41 0 3
99 42 0 3
99 43 0 3
99 44 0 5
99 45 0 3
99 46 0 3
99 47 0 3
99 48 0 3
99 49 0 3
99 50 0 3
99 51 0 3
99 52 0 3
99 53 0 3
99 54 0 3
99 55 0 3
99 56 3 6
99 57 2 4
99 58 5 11
99 59 6 11
99 60 1 11
99 61 0 4
99 62 2 10
99 63 3 9
99 64 4 8
99 65 4 8
99 66 1 10
99 67 10 10
99 68 3 11
99 69 1 9
99 70 0 3
99 71 0 3
99 72 0 3
99 73 0 3
99 74 0 3
99 75 0 2
99 76 0 3
99 77 1 3
99 78 4 11
99 79 1 2
99 80 1 2
99 81 0 3
99 82 2 13
99 83 2 10
99 84 2 11
99 85 4 13
99 86 2 12
99 87 8 9
99 88 5 13
99 89 0 3
99 90 0 3
99 91 0 3
99 92 0 3
99 93 0 3
99 94 1 3
99 95 1 4
99 96 1 8
99 97 5 11
99 98 3 10
99 99 0 6
99 100 1 14
