1 1 3 12
1 2 2 8
1 3 2 11
1 4 5 10
1 5 6 8
1 6 6 15
1 7 4 7
1 8 4 10
1 9 3 7
1 10 3 7
1 11 4 5
1 12 4 7
1 13 6 13
1 14 2 7
1 15 4 7
1 16 4 10
1 17 6 13
1 18 6 8
1 19 2 7
1 20 6 11
1 21 4 5
1 22 7 15
1 23 6 14
1 24 5 9
1 25 2 7
1 26 2 7
1 27 4 6
1 28 1 3
1 29 9 13
1 30 5 12
1 31 1 8
1 32 6 14
1 33 11 12
1 34 6 14
1 35 4 12
1 36 7 14
1 37 5 11
1 38 3 6
1 39 4 5
1 40 4 9
1 41 4 9
1 42 3 6
1 43 7 12
1 44 2 12
1 45 4 10
1 46 2 11
1 47 5 11
1 48 2 9
1 49 2 8
1 50 4 7
1 51 9 14
1 52 4 10
1 53 4 8
1 54 4 12
1 55 5 8
1 56 5 8
1 57 4 11
1 58 5 8
1 59 1 7
1 60 7 12
1 61 8 13
1 62 5 12
1 63 2 8
1 64 4 7
1 65 4 7
1 66 3 7
1 67 5 10
1 68 5 13
1 69 6 8
1 70 4 13
1 71 1 3
1 72 1 3
1 73 1 3
1 74 1 3
1 75 1 3
1 76 4 10
1 77 5 13
1 78 5 7
1 79 6 11
1 80 5 10
1 81 4 11
1 82 5 10
1 83 1 3
1 84 1 3
1 85 6 11
1 86 5 12
1 87 2 8
1 88 6 11
1 89 2 13
1 90 5 12
1 91 8 8
1 92 1 5
1 93 0 4
1 94 0 4
1 95 0 4
1 96 0 4
1 97 2 9
1 98 3 7
1 99 0 6
1 100 1 3
2 1 2 7
2 2 3 12
2 3 6 13
2 4 6 15
2 5 6 8
2 6 9 13
2 7 2 11
2 8 1 3
2 9 2 8
2 10 2 7
2 11 4 7
2 12 1 3
2 13 1 3
2 14 1 12
2 15 2 9
2 16 7 13
2 17 6 14
2 18 4 10
2 19 4 5
2 20 4 5
2 21 6 13
2 22 6 13
2 23 4 9
2 24 3 6
2 25 3 6
2 26 6 9
2 27 2 7
2 28 4 5
2 29 7 15
2 30 5 10
2 31 3 7
2 32 3 7
2 33 3 7
2 34 3 7
2 35 3 10
2 36 2 8
2 37 5 9
2 38 5 10
2 39 5 7
2 40 6 8
2 41 4 6
2 42 2 7
2 43 6 11
2 44 5 8
2 45 4 7
2 46 5 12
2 47 3 8
2 48 3 12
2 49 4 5
2 50 4 7
2 51 4 5
2 52 7 10
2 53 1 9
2 54 4 7
2 55 3 8
2 56 4 14
2 57 2 7
2 58 2 7
2 59 2 12
2 60 3 6
2 61 5 12
2 62 4 12
2 63 3 7
2 64 4 10
2 65 3 7
2 66 5 9
2 67 5 9
2 68 6 14
2 69 2 5
2 70 1 3
2 71 1 3
2 72 1 3
2 73 1 3
2 74 1 3
2 75 1 3
2 76 2 7
2 77 4 7
2 78 2 5
2 79 4 7
2 80 2 10
2 81 5 13
2 82 2 7
2 83 4 8
2 84 5 11
2 85 9 12
2 86 1 4
2 87 1 5
2 88 1 3
2 89 1 3
2 90 1 3
2 91 1 3
2 92 1 3
2 93 1 3
2 94 0 4
2 95 6 12
2 96 8 8
2 97 4 10
2 98 3 14
2 99 8 11
2 100 9 12
3 1 3 5
3 2 9 13
3 3 6 13
3 4 3 12
3 5 2 7
3 6 1 3
3 7 5 10
3 8 1 10
3 9 4 7
3 10 6 13
3 11 2 11
3 12 6 15
3 13 6 8
3 14 6 13
3 15 3 7
3 16 1 3
3 17 1 3
3 18 1 3
3 19 1 3
3 20 1 3
3 21 1 3
3 22 1 3
3 23 1 3
3 24 2 5
3 25 2 5
3 26 2 5
3 27 6 9
3 28 1 3
3 29 1 3
3 30 2 8
3 31 6 14
3 32 2 7
3 33 3 9
3 34 3 6
3 35 3 6
3 36 8 10
3 37 4 5
3 38 6 12
3 39 4 9
3 40 2 7
3 41 8 10
3 42 6 13
3 43 0 5
3 44 2 9
3 45 6 10
3 46 1 12
3 47 4 8
3 48 7 13
3 49 7 12
3 50 5 10
3 51 2 10
3 52 1 5
3 53 3 13
3 54 4 12
3 55 5 10
3 56 4 10
3 57 6 9
3 58 7 15
3 59 1 4
3 60 3 5
3 61 9 13
3 62 4 7
3 63 3 5
3 64 4 5
3 65 4 8
3 66 5 9
3 67 4 5
3 68 4 5
3 69 3 6
3 70 1 3
3 71 1 3
3 72 1 3
3 73 4 5
3 74 4 7
3 75 7 13
3 76 1 4
3 77 11 11
3 78 5 10
3 79 2 7
3 80 4 10
3 81 3 8
3 82 2 7
3 83 7 10
3 84 1 3
3 85 0 1
3 86 1 3
3 87 4 5
3 88 0 4
3 89 0 4
3 90 7 8
3 91 4 9
3 92 1 3
3 93 2 11
3 94 1 3
3 95 1 3
3 96 1 3
3 97 1 3
3 98 1 3
3 99 1 3
3 100 5 11
4 1 1 3
4 2 1 3
4 3 1 3
4 4 3 5
4 5 1 10
4 6 6 13
4 7 0 6
4 8 1 3
4 9 1 3
4 10 1 3
4 11 1 3
4 12 1 3
4 13 1 3
4 14 1 3
4 15 1 3
4 16 1 3
4 17 1 3
4 18 1 3
4 19 1 3
4 20 1 3
4 21 1 3
4 22 1 3
4 23 1 3
4 24 6 8
4 25 2 5
4 26 3 5
4 27 2 5
4 28 2 5
4 29 2 8
4 30 4 7
4 31 6 13
4 32 5 10
4 33 2 5
4 34 3 7
4 35 5 10
4 36 6 9
4 37 6 13
4 38 4 6
4 39 2 7
4 40 9 12
4 41 4 10
4 42 2 5
4 43 9 13
4 44 1 3
4 45 2 11
4 46 4 9
4 47 1 3
4 48 2 8
4 49 1 6
4 50 2 3
4 51 6 8
4 52 4 8
4 53 3 12
4 54 4 7
4 55 6 11
4 56 2 7
4 57 6 8
4 58 1 3
4 59 6 9
4 60 6 9
4 61 7 13
4 62 6 15
4 63 1 3
4 64 1 3
4 65 3 4
4 66 1 3
4 67 1 3
4 68 1 3
4 69 2 11
4 70 3 11
4 71 3 7
4 72 0 3
4 73 1 3
4 74 1 3
4 75 3 5
4 76 0 1
4 77 0 1
4 78 1 3
4 79 4 10
4 80 4 10
4 81 5 11
4 82 1 3
4 83 5 10
4 84 5 9
4 85 3 11
4 86 6 11
4 87 6 9
4 88 5 8
4 89 1 3
4 90 1 3
4 91 1 3
4 92 5 9
4 93 4 5
4 94 4 9
4 95 4 9
4 96 4 8
4 97 6 9
4 98 6 11
4 99 8 14
4 100 3 9
5 1 1 3
5 2 1 3
5 3 1 3
5 4 1 3
5 5 1 3
5 6 1 3
5 7 1 10
5 8 6 13
5 9 1 4
5 10 2 5
5 11 2 6
5 12 11 12
5 13 3 9
5 14 3 5
5 15 3 5
5 16 2 5
5 17 1 5
5 18 1 3
5 19 1 3
5 20 1 3
5 21 1 3
5 22 1 3
5 23 1 3
5 24 1 3
5 25 1 3
5 26 1 3
5 27 1 3
5 28 1 3
5 29 1 3
5 30 1 3
5 31 1 3
5 32 1 3
5 33 1 3
5 34 1 3
5 35 1 3
5 36 1 3
5 37 1 3
5 38 1 3
5 39 1 3
5 40 1 3
5 41 1 3
5 42 1 3
5 43 1 3
5 44 1 3
5 45 1 3
5 46 1 3
5 47 1 3
5 48 1 3
5 49 6 8
5 50 2 5
5 51 2 8
5 52 4 7
5 53 5 11
5 54 9 10
5 55 2 5
5 56 3 8
5 57 5 11
5 58 4 7
5 59 2 5
5 60 1 3
5 61 2 5
5 62 9 14
5 63 3 7
5 64 5 6
5 65 6 8
5 66 1 3
5 67 0 1
5 68 0 1
5 69 0 1
5 70 0 6
5 71 0 6
5 72 6 11
5 73 2 5
5 74 2 5
5 75 1 3
5 76 1 3
5 77 1 3
5 78 6 13
5 79 2 4
5 80 1 3
5 81 1 3
5 82 3 5
5 83 3 9
5 84 2 5
5 85 3 5
5 86 1 4
5 87 0 1
5 88 1 3
5 89 2 3
5 90 1 3
5 91 1 3
5 92 1 3
5 93 4 10
5 94 4 13
5 95 4 10
5 96 5 13
5 97 3 11
5 98 5 9
5 99 5 12
5 100 3 11
6 1 1 10
6 2 1 3
6 3 1 3
6 4 1 3
6 5 1 3
6 6 1 3
6 7 1 3
6 8 1 3
6 9 1 3
6 10 1 3
6 11 1 3
6 12 1 3
6 13 2 6
6 14 1 4
6 15 1 4
6 16 4 8
6 17 2 5
6 18 2 5
6 19 2 5
6 20 1 3
6 21 1 3
6 22 1 3
6 23 1 3
6 24 1 3
6 25 1 3
6 26 1 3
6 27 1 3
6 28 1 3
6 29 1 3
6 30 1 3
6 31 1 3
6 32 1 3
6 33 1 3
6 34 1 3
6 35 1 3
6 36 1 3
6 37 1 3
6 38 1 3
6 39 1 3
6 40 1 3
6 41 1 3
6 42 1 3
6 43 1 3
6 44 1 3
6 45 1 3
6 46 1 3
6 47 1 3
6 48 1 3
6 49 1 3
6 50 1 3
6 51 1 3
6 52 1 3
6 53 1 3
6 54 1 3
6 55 1 3
6 56 1 3
6 57 6 13
6 58 3 6
6 59 1 4
6 60 2 4
6 61 3 9
6 62 5 10
6 63 3 8
6 64 6 10
6 65 1 5
6 66 1 5
6 67 6 8
6 68 3 9
6 69 3 5
6 70 3 5
6 71 11 12
6 72 5 9
6 73 6 12
6 74 3 8
6 75 1 3
6 76 1 3
6 77 9 12
6 78 3 8
6 79 4 9
6 80 0 1
6 81 0 1
6 82 0 1
6 83 0 1
6 84 0 1
6 85 4 12
6 86 0 6
6 87 5 13
6 88 4 10
6 89 2 9
6 90 1 3
6 91 1 3
6 92 1 3
6 93 1 3
6 94 1 3
6 95 1 3
6 96 1 3
6 97 1 3
6 98 8 12
6 99 5 9
6 100 4 10
7 1 1 3
7 2 1 3
7 3 1 3
7 4 1 3
7 5 1 3
7 6 1 3
7 7 1 3
7 8 1 3
7 9 1 3
7 10 1 3
7 11 1 3
7 12 1 3
7 13 1 3
7 14 1 3
7 15 1 3
7 16 1 3
7 17 1 3
7 18 1 3
7 19 1 3
7 20 1 3
7 21 1 3
7 22 2 3
7 23 1 4
7 24 1 4
7 25 2 4
7 26 2 5
7 27 2 5
7 28 2 5
7 29 2 4
7 30 1 3
7 31 1 3
7 32 1 3
7 33 1 3
7 34 1 3
7 35 1 3
7 36 1 3
7 37 1 3
7 38 1 3
7 39 1 3
7 40 1 3
7 41 1 3
7 42 1 3
7 43 1 3
7 44 1 3
7 45 1 3
7 46 1 3
7 47 1 3
7 48 1 3
7 49 1 3
7 50 1 3
7 51 1 3
7 52 1 3
7 53 1 3
7 54 1 3
7 55 1 3
7 56 1 3
7 57 1 3
7 58 1 3
7 59 1 3
7 60 1 3
7 61 1 3
7 62 1 3
7 63 1 3
7 64 1 3
7 65 1 3
7 66 1 10
7 67 4 8
7 68 2 5
7 69 6 11
7 70 6 10
7 71 2 5
7 72 2 6
7 73 4 8
7 74 6 11
7 75 6 10
7 76 5 12
7 77 1 4
7 78 5 10
7 79 3 8
7 80 5 8
7 81 1 3
7 82 3 7
7 83 1 3
7 84 1 3
7 85 1 3
7 86 3 9
7 87 1 3
7 88 5 13
7 89 0 1
7 90 0 1
7 91 0 1
7 92 0 1
7 93 0 1
7 94 4 8
7 95 1 3
7 96 3 11
7 97 1 3
7 98 7 7
7 99 2 10
7 100 2 5
8 1 1 3
8 2 1 3
8 3 1 3
8 4 1 3
8 5 1 3
8 6 1 3
8 7 1 3
8 8 1 3
8 9 1 3
8 10 1 3
8 11 1 3
8 12 1 3
8 13 1 3
8 14 1 3
8 15 1 3
8 16 1 3
8 17 1 3
8 18 1 3
8 19 1 3
8 20 1 3
8 21 1 3
8 22 1 3
8 23 1 3
8 24 1 3
8 25 1 3
8 26 1 3
8 27 1 3
8 28 1 3
8 29 1 3
8 30 1 4
8 31 1 4
8 32 2 5
8 33 2 4
8 34 2 4
8 35 2 4
8 36 2 4
8 37 2 5
8 38 1 3
8 39 1 3
8 40 1 3
8 41 1 3
8 42 1 3
8 43 1 3
8 44 1 3
8 45 1 3
8 46 1 3
8 47 1 3
8 48 1 3
8 49 1 3
8 50 1 3
8 51 1 3
8 52 1 3
8 53 1 3
8 54 1 3
8 55 1 3
8 56 1 3
8 57 1 3
8 58 1 3
8 59 1 3
8 60 2 3
8 61 1 3
8 62 4 9
8 63 2 5
8 64 4 11
8 65 1 4
8 66 4 8
8 67 2 5
8 68 3 8
8 69 6 10
8 70 2 7
8 71 5 13
8 72 3 7
8 73 1 3
8 74 1 3
8 75 1 3
8 76 1 3
8 77 1 2
8 78 5 14
8 79 2 8
8 80 5 10
8 81 7 9
8 82 4 8
8 83 5 10
8 84 4 9
8 85 3 10
8 86 3 11
8 87 0 1
8 88 0 1
8 89 0 1
8 90 2 8
8 91 1 3
8 92 0 1
8 93 1 3
8 94 1 3
8 95 9 9
8 96 1 3
8 97 3 12
8 98 2 4
8 99 5 11
8 100 4 10
9 1 3 9
9 2 2 8
9 3 1 4
9 4 4 11
9 5 1 3
9 6 1 3
9 7 2 4
9 8 1 3
9 9 1 3
9 10 2 4
9 11 1 3
9 12 1 3
9 13 1 3
9 14 1 3
9 15 1 3
9 16 1 3
9 17 1 4
9 18 2 5
9 19 1 3
9 20 1 3
9 21 3 9
9 22 4 11
9 23 2 4
9 24 8 11
9 25 3 6
9 26 1 3
9 27 1 3
9 28 1 3
9 29 1 3
9 30 1 3
9 31 1 3
9 32 1 3
9 33 1 3
9 34 1 3
9 35 1 3
9 36 1 3
9 37 1 3
9 38 1 3
9 39 1 3
9 40 1 3
9 41 1 3
9 42 1 3
9 43 1 3
9 44 1 3
9 45 1 3
9 46 1 3
9 47 1 3
9 48 1 3
9 49 1 3
9 50 1 3
9 51 1 3
9 52 1 3
9 53 1 3
9 54 1 3
9 55 1 3
9 56 1 3
9 57 1 3
9 58 1 3
9 59 1 3
9 60 1 3
9 61 1 3
9 62 1 3
9 63 0 2
9 64 1 3
9 65 1 3
9 66 1 3
9 67 1 3
9 68 1 3
9 69 1 3
9 70 5 10
9 71 1 3
9 72 3 8
9 73 5 12
9 74 2 3
9 75 1 3
9 76 1 3
9 77 1 2
9 78 1 2
9 79 1 2
9 80 1 3
9 81 4 10
9 82 2 4
9 83 2 4
9 84 2 4
9 85 1 3
9 86 6 10
9 87 5 9
9 88 3 8
9 89 4 9
9 90 4 11
9 91 0 1
9 92 3 9
9 93 2 6
9 94 3 4
9 95 2 3
9 96 1 2
9 97 1 3
9 98 1 3
9 99 0 1
9 100 6 10
10 1 2 9
10 2 1 5
10 3 2 10
10 4 3 9
10 5 4 5
10 6 5 9
10 7 1 3
10 8 5 9
10 9 1 3
10 10 1 3
10 11 1 3
10 12 2 5
10 13 3 6
10 14 3 6
10 15 4 11
10 16 1 3
10 17 1 3
10 18 1 3
10 19 1 3
10 20 1 3
10 21 0 2
10 22 1 3
10 23 2 5
10 24 1 3
10 25 1 5
10 26 1 3
10 27 1 3
10 28 1 3
10 29 1 3
10 30 0 2
10 31 1 3
10 32 1 3
10 33 1 3
10 34 1 3
10 35 1 3
10 36 1 3
10 37 1 3
10 38 1 3
10 39 1 3
10 40 1 3
10 41 1 3
10 42 1 3
10 43 1 3
10 44 6 11
10 45 0 2
10 46 1 3
10 47 2 8
10 48 2 8
10 49 1 4
10 50 4 11
10 51 1 3
10 52 1 3
10 53 2 4
10 54 1 3
10 55 1 3
10 56 2 4
10 57 1 3
10 58 1 3
10 59 1 3
10 60 1 3
10 61 1 3
10 62 1 3
10 63 1 4
10 64 2 5
10 65 1 3
10 66 1 3
10 67 3 9
10 68 2 4
10 69 1 3
10 70 1 3
10 71 1 3
10 72 1 3
10 73 1 4
10 74 1 3
10 75 4 9
10 76 1 3
10 77 2 4
10 78 2 3
10 79 5 9
10 80 6 11
10 81 1 2
10 82 1 3
10 83 1 3
10 84 1 2
10 85 8 11
10 86 4 8
10 87 2 5
10 88 2 7
10 89 1 4
10 90 1 3
10 91 3 6
10 92 1 12
10 93 6 11
10 94 1 5
10 95 1 3
10 96 0 2
10 97 1 3
10 98 1 3
10 99 1 3
10 100 6 8
11 1 2 10
11 2 1 5
11 3 1 5
11 4 4 5
11 5 1 3
11 6 1 3
11 7 1 3
11 8 1 3
11 9 1 3
11 10 0 2
11 11 1 3
11 12 2 5
11 13 1 3
11 14 1 5
11 15 1 3
11 16 1 3
11 17 1 3
11 18 1 3
11 19 0 2
11 20 1 4
11 21 1 3
11 22 1 3
11 23 1 3
11 24 1 3
11 25 1 3
11 26 1 3
11 27 0 2
11 28 2 4
11 29 1 6
11 30 0 2
11 31 1 3
11 32 1 3
11 33 1 3
11 34 1 3
11 35 1 3
11 36 5 9
11 37 3 9
11 38 6 12
11 39 1 3
11 40 1 3
11 41 1 3
11 42 1 3
11 43 2 3
11 44 1 3
11 45 1 3
11 46 1 2
11 47 1 4
11 48 4 8
11 49 1 3
11 50 1 3
11 51 1 3
11 52 1 3
11 53 1 3
11 54 1 3
11 55 1 3
11 56 1 3
11 57 2 4
11 58 1 7
11 59 5 12
11 60 4 11
11 61 3 6
11 62 1 3
11 63 1 3
11 64 1 3
11 65 4 11
11 66 2 8
11 67 2 9
11 68 8 12
11 69 1 4
11 70 5 9
11 71 7 11
11 72 5 12
11 73 6 11
11 74 5 9
11 75 2 5
11 76 2 5
11 77 5 8
11 78 3 6
11 79 4 8
11 80 4 8
11 81 8 8
11 82 4 9
11 83 4 10
11 84 4 9
11 85 3 11
11 86 4 10
11 87 2 3
11 88 4 10
11 89 5 11
11 90 3 13
11 91 1 3
11 92 0 2
11 93 0 2
11 94 1 3
11 95 2 3
11 96 6 14
11 97 1 3
11 98 1 3
11 99 1 9
11 100 2 5
12 1 4 8
12 2 1 3
12 3 1 3
12 4 1 3
12 5 1 3
12 6 1 3
12 7 0 2
12 8 1 3
12 9 2 5
12 10 1 3
12 11 1 5
12 12 1 3
12 13 1 3
12 14 1 3
12 15 1 3
12 16 0 2
12 17 1 4
12 18 1 3
12 19 1 3
12 20 1 3
12 21 1 3
12 22 1 3
12 23 1 3
12 24 0 2
12 25 2 4
12 26 1 6
12 27 0 2
12 28 1 3
12 29 1 6
12 30 1 3
12 31 1 3
12 32 1 3
12 33 1 3
12 34 1 3
12 35 0 2
12 36 1 3
12 37 1 3
12 38 1 3
12 39 1 3
12 40 0 2
12 41 1 3
12 42 1 3
12 43 1 3
12 44 1 3
12 45 1 3
12 46 0 2
12 47 1 3
12 48 1 3
12 49 1 3
12 50 1 4
12 51 4 10
12 52 1 3
12 53 1 3
12 54 1 3
12 55 1 3
12 56 1 3
12 57 1 3
12 58 1 3
12 59 1 3
12 60 1 3
12 61 5 11
12 62 2 6
12 63 2 4
12 64 2 10
12 65 4 11
12 66 1 5
12 67 1 5
12 68 1 5
12 69 1 3
12 70 4 5
12 71 1 4
12 72 1 2
12 73 1 2
12 74 2 5
12 75 1 3
12 76 1 3
12 77 1 3
12 78 1 3
12 79 1 3
12 80 2 3
12 81 1 3
12 82 1 6
12 83 5 12
12 84 5 11
12 85 5 11
12 86 4 11
12 87 4 11
12 88 3 9
12 89 3 11
12 90 2 4
12 91 2 3
12 92 3 8
12 93 5 7
12 94 4 9
12 95 2 3
12 96 4 12
12 97 1 4
12 98 3 7
12 99 6 9
12 100 4 13
13 1 1 3
13 2 1 3
13 3 1 3
13 4 1 3
13 5 1 3
13 6 0 2
13 7 1 3
13 8 2 5
13 9 1 3
13 10 1 5
13 11 1 3
13 12 1 3
13 13 1 3
13 14 1 3
13 15 0 2
13 16 1 4
13 17 1 3
13 18 1 3
13 19 1 3
13 20 1 3
13 21 1 3
13 22 1 3
13 23 0 2
13 24 2 4
13 25 1 6
13 26 0 2
13 27 1 3
13 28 1 6
13 29 1 3
13 30 1 3
13 31 1 3
13 32 0 2
13 33 1 3
13 34 1 3
13 35 1 4
13 36 1 3
13 37 1 3
13 38 2 5
13 39 15 14
13 40 1 3
13 41 1 6
13 42 1 3
13 43 1 3
13 44 3 9
13 45 1 3
13 46 1 3
13 47 1 3
13 48 0 2
13 49 0 2
13 50 1 3
13 51 0 2
13 52 1 3
13 53 0 2
13 54 1 3
13 55 1 3
13 56 1 3
13 57 2 5
13 58 1 4
13 59 1 3
13 60 0 2
13 61 1 3
13 62 1 3
13 63 1 3
13 64 0 3
13 65 3 9
13 66 4 6
13 67 1 6
13 68 1 3
13 69 3 10
13 70 7 8
13 71 1 3
13 72 1 3
13 73 3 12
13 74 1 3
13 75 4 10
13 76 3 8
13 77 4 11
13 78 4 11
13 79 7 11
13 80 4 9
13 81 4 8
13 82 2 6
13 83 5 13
13 84 1 4
13 85 1 3
13 86 1 2
13 87 1 2
13 88 1 3
13 89 1 3
13 90 1 2
13 91 1 2
13 92 3 8
13 93 0 2
13 94 1 3
13 95 1 4
13 96 1 3
13 97 2 6
13 98 0 2
13 99 5 9
13 100 3 12
14 1 7 11
14 2 1 3
14 3 1 3
14 4 1 3
14 5 1 3
14 6 1 3
14 7 0 2
14 8 1 3
14 9 2 5
14 10 1 3
14 11 1 5
14 12 1 3
14 13 1 3
14 14 1 3
14 15 1 3
14 16 0 2
14 17 1 4
14 18 1 3
14 19 1 3
14 20 1 3
14 21 1 3
14 22 1 3
14 23 1 3
14 24 0 2
14 25 2 4
14 26 1 6
14 27 0 2
14 28 1 3
14 29 1 6
14 30 1 3
14 31 1 3
14 32 1 3
14 33 1 3
14 34 1 3
14 35 1 3
14 36 0 2
14 37 1 3
14 38 1 3
14 39 1 3
14 40 1 3
14 41 1 3
14 42 1 3
14 43 1 3
14 44 0 2
14 45 1 3
14 46 1 3
14 47 1 3
14 48 1 3
14 49 1 3
14 50 1 3
14 51 1 3
14 52 1 3
14 53 0 2
14 54 1 3
14 55 1 3
14 56 1 5
14 57 1 4
14 58 1 3
14 59 0 3
14 60 1 3
14 61 1 3
14 62 0 2
14 63 1 3
14 64 1 3
14 65 0 2
14 66 1 4
14 67 0 2
14 68 1 3
14 69 1 3
14 70 1 3
14 71 1 3
14 72 1 3
14 73 1 3
14 74 1 3
14 75 0 2
14 76 2 9
14 77 1 4
14 78 3 10
14 79 7 13
14 80 1 3
14 81 5 12
14 82 3 11
14 83 4 11
14 84 3 11
14 85 5 9
14 86 4 5
14 87 2 7
14 88 2 9
14 89 3 7
14 90 1 2
14 91 1 2
14 92 1 3
14 93 1 3
14 94 1 3
14 95 3 11
14 96 7 10
14 97 0 2
14 98 1 3
14 99 1 3
14 100 2 10
15 1 1 3
15 2 1 3
15 3 1 3
15 4 1 3
15 5 1 3
15 6 0 2
15 7 1 3
15 8 2 5
15 9 1 3
15 10 1 5
15 11 1 3
15 12 1 3
15 13 1 3
15 14 1 3
15 15 0 2
15 16 1 4
15 17 1 3
15 18 1 3
15 19 1 3
15 20 1 3
15 21 1 3
15 22 1 3
15 23 0 2
15 24 2 4
15 25 1 6
15 26 0 2
15 27 1 3
15 28 1 6
15 29 1 3
15 30 1 3
15 31 1 3
15 32 1 3
15 33 1 3
15 34 1 3
15 35 1 3
15 36 1 3
15 37 1 3
15 38 1 3
15 39 1 3
15 40 1 3
15 41 1 3
15 42 1 3
15 43 0 3
15 44 0 2
15 45 1 3
15 46 0 2
15 47 1 3
15 48 1 3
15 49 1 3
15 50 1 3
15 51 1 3
15 52 0 2
15 53 0 2
15 54 1 3
15 55 1 3
15 56 1 3
15 57 1 3
15 58 0 2
15 59 1 3
15 60 1 4
15 61 1 3
15 62 1 3
15 63 1 3
15 64 0 2
15 65 1 3
15 66 10 13
15 67 3 8
15 68 2 13
15 69 2 4
15 70 4 7
15 71 8 10
15 72 2 11
15 73 3 9
15 74 9 13
15 75 12 13
15 76 4 9
15 77 4 12
15 78 7 11
15 79 1 4
15 80 3 5
15 81 6 11
15 82 1 3
15 83 1 3
15 84 5 13
15 85 1 3
15 86 1 2
15 87 4 10
15 88 1 5
15 89 0 2
15 90 3 8
15 91 4 12
15 92 1 3
15 93 1 3
15 94 2 5
15 95 1 3
15 96 0 2
15 97 4 7
15 98 5 14
15 99 4 9
15 100 4 11
16 1 5 9
16 2 1 3
16 3 1 2
16 4 3 9
16 5 1 3
16 6 1 7
16 7 1 3
16 8 3 10
16 9 3 10
16 10 4 11
16 11 3 14
16 12 1 3
16 13 1 3
16 14 1 3
16 15 1 3
16 16 1 3
16 17 0 2
16 18 1 3
16 19 2 5
16 20 1 3
16 21 1 5
16 22 1 3
16 23 1 3
16 24 1 3
16 25 1 3
16 26 0 2
16 27 1 4
16 28 1 3
16 29 1 3
16 30 1 3
16 31 1 3
16 32 1 3
16 33 1 3
16 34 0 2
16 35 2 4
16 36 1 6
16 37 0 2
16 38 1 3
16 39 1 6
16 40 1 3
16 41 1 3
16 42 1 3
16 43 1 3
16 44 1 3
16 45 1 3
16 46 0 2
16 47 1 3
16 48 1 3
16 49 0 2
16 50 1 3
16 51 1 3
16 52 1 3
16 53 1 3
16 54 1 3
16 55 1 3
16 56 0 2
16 57 4 12
16 58 6 10
16 59 1 3
16 60 1 3
16 61 1 3
16 62 1 3
16 63 1 3
16 64 2 4
16 65 0 2
16 66 0 2
16 67 1 3
16 68 1 3
16 69 0 2
16 70 0 2
16 71 1 3
16 72 1 3
16 73 1 3
16 74 1 3
16 75 1 3
16 76 0 2
16 77 1 3
16 78 0 2
16 79 1 3
16 80 1 3
16 81 0 2
16 82 1 4
16 83 1 2
16 84 3 12
16 85 2 4
16 86 4 12
16 87 6 12
16 88 2 4
16 89 2 4
16 90 4 13
16 91 6 11
16 92 0 2
16 93 5 10
16 94 3 7
16 95 1 4
16 96 1 3
16 97 2 10
16 98 5 9
16 99 6 11
16 100 1 3
17 1 4 9
17 2 4 9
17 3 1 8
17 4 2 9
17 5 3 10
17 6 4 11
17 7 1 3
17 8 1 3
17 9 1 3
17 10 1 3
17 11 1 3
17 12 0 2
17 13 1 3
17 14 2 5
17 15 1 3
17 16 1 5
17 17 1 3
17 18 1 3
17 19 1 3
17 20 1 3
17 21 0 2
17 22 1 4
17 23 1 3
17 24 1 3
17 25 1 3
17 26 1 3
17 27 1 3
17 28 1 3
17 29 2 10
17 30 0 2
17 31 1 3
17 32 1 3
17 33 0 2
17 34 0 2
17 35 0 2
17 36 3 9
17 37 0 2
17 38 0 2
17 39 1 3
17 40 1 3
17 41 0 2
17 42 0 2
17 43 0 2
17 44 1 3
17 45 1 4
17 46 4 13
17 47 1 3
17 48 1 3
17 49 1 3
17 50 0 2
17 51 1 3
17 52 1 3
17 53 2 5
17 54 1 3
17 55 0 2
17 56 1 4
17 57 0 2
17 58 1 3
17 59 1 3
17 60 1 3
17 61 0 2
17 62 1 3
17 63 1 3
17 64 1 3
17 65 1 3
17 66 3 11
17 67 3 14
17 68 4 12
17 69 1 2
17 70 6 13
17 71 1 3
17 72 1 3
17 73 8 12
17 74 2 4
17 75 1 7
17 76 3 12
17 77 6 11
17 78 1 3
17 79 1 3
17 80 5 9
17 81 1 3
17 82 1 2
17 83 3 9
17 84 1 3
17 85 1 3
17 86 5 14
17 87 1 7
17 88 5 11
17 89 3 10
17 90 0 2
17 91 0 1
17 92 2 12
17 93 2 6
17 94 2 7
17 95 1 9
17 96 3 11
17 97 1 3
17 98 3 9
17 99 1 3
17 100 4 11
18 1 5 11
18 2 1 3
18 3 1 3
18 4 1 3
18 5 1 3
18 6 1 3
18 7 1 3
18 8 1 3
18 9 0 2
18 10 1 3
18 11 2 5
18 12 1 3
18 13 1 5
18 14 1 3
18 15 1 3
18 16 1 3
18 17 1 3
18 18 0 2
18 19 1 4
18 20 1 3
18 21 1 3
18 22 1 3
18 23 1 3
18 24 1 3
18 25 1 3
18 26 0 2
18 27 0 2
18 28 0 2
18 29 1 3
18 30 0 2
18 31 0 2
18 32 0 2
18 33 1 3
18 34 0 2
18 35 1 3
18 36 0 2
18 37 1 3
18 38 0 2
18 39 0 2
18 40 1 3
18 41 0 2
18 42 0 3
18 43 1 3
18 44 1 3
18 45 1 3
18 46 2 5
18 47 1 3
18 48 0 2
18 49 1 3
18 50 1 3
18 51 0 2
18 52 0 2
18 53 1 3
18 54 1 3
18 55 1 3
18 56 0 2
18 57 1 3
18 58 3 6
18 59 1 3
18 60 0 2
18 61 0 2
18 62 1 3
18 63 0 2
18 64 2 10
18 65 2 4
18 66 4 11
18 67 2 9
18 68 3 10
18 69 1 8
18 70 2 11
18 71 2 12
18 72 1 2
18 73 4 10
18 74 8 13
18 75 0 2
18 76 3 14
18 77 4 9
18 78 1 3
18 79 4 9
18 80 4 11
18 81 4 10
18 82 3 10
18 83 2 12
18 84 2 9
18 85 2 5
18 86 0 2
18 87 0 1
18 88 0 2
18 89 1 13
18 90 2 6
18 91 3 10
18 92 2 5
18 93 1 3
18 94 2 9
18 95 3 12
18 96 1 8
18 97 3 8
18 98 3 6
18 99 0 2
18 100 2 9
19 1 4 9
19 2 3 7
19 3 5 11
19 4 4 11
19 5 5 13
19 6 7 12
19 7 1 3
19 8 1 3
19 9 1 3
19 10 1 3
19 11 1 3
19 12 1 3
19 13 1 3
19 14 1 3
19 15 0 2
19 16 1 3
19 17 2 5
19 18 1 3
19 19 1 5
19 20 1 3
19 21 1 3
19 22 1 3
19 23 1 3
19 24 0 2
19 25 1 4
19 26 1 3
19 27 1 3
19 28 1 3
19 29 1 3
19 30 1 3
19 31 1 3
19 32 0 2
19 33 0 2
19 34 0 2
19 35 1 3
19 36 0 2
19 37 0 2
19 38 0 2
19 39 0 2
19 40 0 2
19 41 1 3
19 42 0 2
19 43 1 3
19 44 0 2
19 45 6 13
19 46 0 2
19 47 0 2
19 48 6 12
19 49 0 2
19 50 1 3
19 51 1 3
19 52 1 3
19 53 1 3
19 54 0 2
19 55 0 2
19 56 6 9
19 57 1 3
19 58 1 3
19 59 0 2
19 60 0 2
19 61 0 2
19 62 0 2
19 63 1 3
19 64 1 3
19 65 1 3
19 66 0 2
19 67 0 3
19 68 0 2
19 69 0 2
19 70 0 2
19 71 1 3
19 72 1 3
19 73 0 2
19 74 0 2
19 75 0 2
19 76 1 3
19 77 1 3
19 78 1 3
19 79 0 2
19 80 7 13
19 81 2 4
19 82 6 9
19 83 4 12
19 84 1 3
19 85 6 11
19 86 3 5
19 87 1 3
19 88 1 7
19 89 0 1
19 90 2 6
19 91 1 5
19 92 1 8
19 93 8 10
19 94 5 9
19 95 2 10
19 96 1 3
19 97 0 3
19 98 0 3
19 99 1 3
19 100 10 12
20 1 1 3
20 2 1 3
20 3 1 3
20 4 1 3
20 5 1 3
20 6 0 2
20 7 1 3
20 8 2 5
20 9 1 3
20 10 1 5
20 11 1 3
20 12 1 3
20 13 1 3
20 14 1 3
20 15 0 2
20 16 1 4
20 17 1 3
20 18 1 3
20 19 1 3
20 20 1 3
20 21 1 3
20 22 1 3
20 23 1 3
20 24 0 2
20 25 0 2
20 26 0 2
20 27 0 2
20 28 0 2
20 29 1 3
20 30 0 2
20 31 0 2
20 32 1 3
20 33 1 3
20 34 1 3
20 35 0 2
20 36 0 2
20 37 0 2
20 38 1 3
20 39 0 2
20 40 0 2
20 41 0 2
20 42 1 3
20 43 1 3
20 44 1 3
20 45 1 4
20 46 0 2
20 47 1 3
20 48 1 3
20 49 1 3
20 50 0 2
20 51 0 2
20 52 0 2
20 53 1 3
20 54 0 2
20 55 1 4
20 56 0 2
20 57 0 2
20 58 0 2
20 59 1 3
20 60 1 3
20 61 1 3
20 62 1 3
20 63 1 3
20 64 7 14
20 65 3 10
20 66 3 11
20 67 4 9
20 68 2 11
20 69 6 13
20 70 5 11
20 71 1 3
20 72 1 3
20 73 1 3
20 74 1 3
20 75 3 7
20 76 5 13
20 77 3 10
20 78 5 12
20 79 1 6
20 80 5 10
20 81 2 7
20 82 4 9
20 83 6 14
20 84 0 3
20 85 0 3
20 86 3 7
20 87 4 11
20 88 1 3
20 89 1 3
20 90 7 11
20 91 7 12
20 92 2 4
20 93 5 12
20 94 0 1
20 95 0 1
20 96 0 1
20 97 0 2
20 98 5 14
20 99 4 11
20 100 6 13
21 1 5 11
21 2 6 10
21 3 1 9
21 4 2 7
21 5 3 8
21 6 1 3
21 7 1 3
21 8 1 3
21 9 1 3
21 10 1 3
21 11 0 2
21 12 1 3
21 13 2 5
21 14 1 3
21 15 1 5
21 16 1 3
21 17 1 3
21 18 1 3
21 19 1 3
21 20 0 2
21 21 1 4
21 22 1 3
21 23 1 3
21 24 1 3
21 25 1 3
21 26 1 3
21 27 1 3
21 28 1 3
21 29 0 2
21 30 0 2
21 31 0 2
21 32 0 2
21 33 0 2
21 34 1 3
21 35 0 2
21 36 1 3
21 37 0 2
21 38 1 4
21 39 1 3
21 40 0 2
21 41 1 3
21 42 0 2
21 43 0 2
21 44 1 3
21 45 0 2
21 46 0 2
21 47 1 3
21 48 1 3
21 49 1 3
21 50 0 2
21 51 1 3
21 52 0 2
21 53 0 2
21 54 1 4
21 55 1 3
21 56 0 2
21 57 1 3
21 58 1 3
21 59 0 2
21 60 1 3
21 61 1 3
21 62 1 3
21 63 1 3
21 64 0 2
21 65 1 3
21 66 1 3
21 67 1 3
21 68 0 2
21 69 0 2
21 70 1 3
21 71 1 3
21 72 1 3
21 73 0 2
21 74 3 8
21 75 1 3
21 76 5 10
21 77 9 13
21 78 5 9
21 79 9 13
21 80 7 12
21 81 2 12
21 82 0 2
21 83 0 2
21 84 0 1
21 85 0 2
21 86 0 1
21 87 0 2
21 88 5 12
21 89 1 6
21 90 6 13
21 91 2 12
21 92 2 9
21 93 2 12
21 94 0 1
21 95 5 12
21 96 3 7
21 97 3 8
21 98 2 3
21 99 2 7
21 100 4 12
22 1 1 3
22 2 1 3
22 3 1 3
22 4 1 3
22 5 1 3
22 6 0 2
22 7 1 3
22 8 2 5
22 9 1 3
22 10 1 5
22 11 1 3
22 12 1 3
22 13 1 3
22 14 1 3
22 15 0 2
22 16 1 4
22 17 1 3
22 18 1 3
22 19 1 3
22 20 1 3
22 21 1 3
22 22 1 3
22 23 1 3
22 24 0 2
22 25 0 2
22 26 0 2
22 27 0 2
22 28 0 2
22 29 0 2
22 30 1 3
22 31 1 3
22 32 0 2
22 33 0 2
22 34 0 2
22 35 0 2
22 36 1 3
22 37 1 3
22 38 1 4
22 39 5 10
22 40 1 3
22 41 1 3
22 42 0 2
22 43 0 2
22 44 0 2
22 45 0 2
22 46 1 3
22 47 0 2
22 48 1 3
22 49 0 2
22 50 0 2
22 51 0 2
22 52 1 4
22 53 1 3
22 54 0 2
22 55 1 9
22 56 2 11
22 57 4 12
22 58 6 14
22 59 3 12
22 60 4 8
22 61 1 3
22 62 2 4
22 63 2 9
22 64 1 4
22 65 4 10
22 66 4 9
22 67 3 9
22 68 6 8
22 69 4 10
22 70 1 8
22 71 6 10
22 72 3 8
22 73 4 10
22 74 1 3
22 75 1 3
22 76 7 11
22 77 6 11
22 78 2 5
22 79 1 2
22 80 1 3
22 81 0 5
22 82 5 11
22 83 8 10
22 84 2 7
22 85 5 9
22 86 3 12
22 87 5 9
22 88 9 14
22 89 4 8
22 90 0 1
22 91 0 2
22 92 0 2
22 93 0 2
22 94 0 2
22 95 0 2
22 96 0 1
22 97 0 10
22 98 2 10
22 99 0 1
22 100 3 8
23 1 1 3
23 2 1 3
23 3 1 3
23 4 1 3
23 5 1 3
23 6 0 2
23 7 1 3
23 8 2 5
23 9 1 3
23 10 1 5
23 11 1 3
23 12 1 3
23 13 1 3
23 14 1 3
23 15 0 2
23 16 1 4
23 17 1 3
23 18 1 3
23 19 1 3
23 20 1 3
23 21 1 3
23 22 1 3
23 23 1 3
23 24 0 2
23 25 0 2
23 26 0 2
23 27 0 2
23 28 0 2
23 29 0 2
23 30 1 3
23 31 1 3
23 32 0 2
23 33 0 2
23 34 0 2
23 35 0 2
23 36 1 4
23 37 3 6
23 38 0 2
23 39 2 4
23 40 0 2
23 41 1 3
23 42 1 3
23 43 0 2
23 44 0 2
23 45 1 3
23 46 0 2
23 47 1 3
23 48 1 3
23 49 0 2
23 50 0 2
23 51 0 2
23 52 1 3
23 53 1 3
23 54 0 2
23 55 0 2
23 56 1 3
23 57 1 3
23 58 0 2
23 59 0 2
23 60 0 2
23 61 0 2
23 62 1 3
23 63 4 11
23 64 1 3
23 65 1 3
23 66 2 8
23 67 1 3
23 68 5 12
23 69 6 11
23 70 5 8
23 71 1 2
23 72 1 2
23 73 1 3
23 74 2 5
23 75 2 5
23 76 1 4
23 77 2 5
23 78 7 12
23 79 6 10
23 80 2 7
23 81 6 9
23 82 3 10
23 83 0 3
23 84 2 7
23 85 0 2
23 86 0 2
23 87 0 2
23 88 0 1
23 89 0 2
23 90 4 9
23 91 0 3
23 92 2 8
23 93 1 3
23 94 0 1
23 95 1 3
23 96 3 8
23 97 2 8
23 98 4 9
23 99 3 10
23 100 8 13
24 1 1 3
24 2 1 3
24 3 1 3
24 4 1 3
24 5 1 3
24 6 0 2
24 7 1 3
24 8 2 5
24 9 1 3
24 10 1 5
24 11 1 3
24 12 1 3
24 13 1 3
24 14 1 3
24 15 0 2
24 16 1 4
24 17 1 3
24 18 1 3
24 19 1 3
24 20 1 3
24 21 1 3
24 22 1 3
24 23 1 3
24 24 0 2
24 25 0 2
24 26 0 2
24 27 0 2
24 28 0 2
24 29 0 2
24 30 1 3
24 31 0 2
24 32 3 5
24 33 0 2
24 34 1 3
24 35 1 3
24 36 0 2
24 37 0 2
24 38 1 3
24 39 0 2
24 40 1 4
24 41 1 3
24 42 1 3
24 43 0 2
24 44 0 3
24 45 1 3
24 46 0 2
24 47 1 3
24 48 5 9
24 49 1 3
24 50 0 2
24 51 1 3
24 52 0 2
24 53 0 2
24 54 0 2
24 55 1 3
24 56 1 3
24 57 0 2
24 58 0 2
24 59 1 3
24 60 0 2
24 61 1 3
24 62 0 2
24 63 0 2
24 64 1 3
24 65 1 4
24 66 4 9
24 67 2 7
24 68 5 9
24 69 3 7
24 70 4 9
24 71 3 11
24 72 6 12
24 73 3 11
24 74 3 10
24 75 1 3
24 76 5 11
24 77 7 11
24 78 1 3
24 79 1 2
24 80 1 2
24 81 1 3
24 82 2 6
24 83 2 5
24 84 2 7
24 85 4 7
24 86 0 2
24 87 0 2
24 88 0 1
24 89 0 2
24 90 3 8
24 91 3 8
24 92 1 3
24 93 0 2
24 94 2 10
24 95 2 9
24 96 4 7
24 97 6 9
24 98 0 1
24 99 6 11
24 100 1 4
25 1 1 3
25 2 1 3
25 3 1 3
25 4 1 3
25 5 1 3
25 6 0 2
25 7 1 3
25 8 2 5
25 9 1 3
25 10 1 5
25 11 1 3
25 12 1 3
25 13 1 3
25 14 1 3
25 15 0 2
25 16 1 4
25 17 1 3
25 18 1 3
25 19 1 3
25 20 1 3
25 21 1 3
25 22 1 3
25 23 1 3
25 24 0 2
25 25 0 2
25 26 0 2
25 27 0 2
25 28 0 2
25 29 0 2
25 30 1 3
25 31 1 3
25 32 0 2
25 33 1 3
25 34 1 3
25 35 0 2
25 36 0 2
25 37 0 2
25 38 0 2
25 39 1 3
25 40 0 2
25 41 1 3
25 42 0 2
25 43 1 3
25 44 2 4
25 45 1 3
25 46 0 2
25 47 0 2
25 48 1 3
25 49 0 3
25 50 1 3
25 51 1 3
25 52 0 2
25 53 1 3
25 54 0 2
25 55 0 2
25 56 0 2
25 57 0 2
25 58 1 3
25 59 0 2
25 60 1 3
25 61 1 3
25 62 1 3
25 63 1 4
25 64 0 2
25 65 1 3
25 66 1 3
25 67 0 2
25 68 1 3
25 69 0 2
25 70 0 2
25 71 5 13
25 72 3 6
25 73 4 14
25 74 1 3
25 75 1 9
25 76 1 3
25 77 5 11
25 78 2 8
25 79 1 7
25 80 9 11
25 81 4 9
25 82 9 13
25 83 3 8
25 84 1 3
25 85 1 2
25 86 4 8
25 87 1 3
25 88 2 3
25 89 0 1
25 90 0 1
25 91 1 7
25 92 0 2
25 93 0 1
25 94 0 6
25 95 1 4
25 96 1 4
25 97 0 1
25 98 0 2
25 99 0 1
25 100 3 10
26 1 4 10
26 2 4 6
26 3 1 3
26 4 1 3
26 5 1 3
26 6 1 3
26 7 1 3
26 8 0 2
26 9 1 3
26 10 2 5
26 11 1 3
26 12 1 5
26 13 1 3
26 14 1 3
26 15 1 3
26 16 1 3
26 17 0 2
26 18 1 4
26 19 1 3
26 20 1 3
26 21 1 3
26 22 1 3
26 23 1 3
26 24 1 3
26 25 1 3
26 26 0 2
26 27 0 2
26 28 0 2
26 29 0 2
26 30 0 2
26 31 0 2
26 32 1 3
26 33 1 3
26 34 1 3
26 35 0 2
26 36 1 3
26 37 0 2
26 38 1 3
26 39 0 2
26 40 1 3
26 41 1 3
26 42 1 3
26 43 0 2
26 44 0 2
26 45 0 2
26 46 1 3
26 47 0 2
26 48 1 3
26 49 0 2
26 50 1 3
26 51 1 3
26 52 7 12
26 53 1 3
26 54 0 2
26 55 0 2
26 56 1 3
26 57 1 3
26 58 0 2
26 59 0 2
26 60 0 2
26 61 1 3
26 62 1 3
26 63 1 3
26 64 0 2
26 65 1 3
26 66 1 3
26 67 1 5
26 68 0 3
26 69 1 3
26 70 4 10
26 71 2 3
26 72 1 3
26 73 4 10
26 74 6 12
26 75 3 11
26 76 2 11
26 77 2 4
26 78 1 3
26 79 3 4
26 80 0 2
26 81 3 9
26 82 4 7
26 83 4 11
26 84 3 8
26 85 3 11
26 86 2 9
26 87 7 10
26 88 4 6
26 89 0 3
26 90 6 11
26 91 0 1
26 92 0 1
26 93 0 11
26 94 0 3
26 95 0 2
26 96 0 2
26 97 0 2
26 98 1 3
26 99 1 4
26 100 9 13
27 1 2 3
27 2 1 3
27 3 1 3
27 4 1 3
27 5 1 3
27 6 1 3
27 7 0 2
27 8 1 3
27 9 2 5
27 10 1 3
27 11 1 5
27 12 1 3
27 13 1 3
27 14 1 3
27 15 1 3
27 16 0 2
27 17 1 4
27 18 1 3
27 19 1 3
27 20 1 3
27 21 1 3
27 22 1 3
27 23 1 3
27 24 1 3
27 25 0 2
27 26 0 2
27 27 0 2
27 28 0 2
27 29 0 2
27 30 0 2
27 31 0 2
27 32 1 3
27 33 0 2
27 34 1 3
27 35 1 3
27 36 1 3
27 37 1 3
27 38 4 7
27 39 1 3
27 40 0 2
27 41 0 2
27 42 1 3
27 43 1 3
27 44 0 2
27 45 5 12
27 46 0 2
27 47 0 3
27 48 1 3
27 49 0 2
27 50 1 3
27 51 1 3
27 52 0 2
27 53 0 2
27 54 0 2
27 55 0 2
27 56 0 3
27 57 1 3
27 58 1 3
27 59 1 3
27 60 1 3
27 61 0 2
27 62 0 2
27 63 0 2
27 64 1 3
27 65 1 4
27 66 1 3
27 67 0 2
27 68 0 2
27 69 5 11
27 70 0 2
27 71 6 8
27 72 7 13
27 73 5 10
27 74 6 12
27 75 3 6
27 76 6 12
27 77 6 13
27 78 4 6
27 79 5 10
27 80 3 12
27 81 4 10
27 82 3 7
27 83 4 9
27 84 3 8
27 85 1 4
27 86 1 3
27 87 4 12
27 88 4 11
27 89 4 11
27 90 0 1
27 91 0 1
27 92 0 1
27 93 10 13
27 94 0 6
27 95 0 2
27 96 0 3
27 97 0 2
27 98 0 2
27 99 7 13
27 100 3 8
28 1 2 5
28 2 1 3
28 3 1 3
28 4 1 3
28 5 1 3
28 6 1 3
28 7 0 2
28 8 1 3
28 9 2 5
28 10 1 3
28 11 1 5
28 12 1 3
28 13 1 3
28 14 1 3
28 15 1 3
28 16 0 2
28 17 1 4
28 18 1 3
28 19 1 3
28 20 1 3
28 21 1 3
28 22 1 3
28 23 1 3
28 24 1 3
28 25 0 2
28 26 0 2
28 27 0 2
28 28 0 2
28 29 0 2
28 30 0 2
28 31 0 2
28 32 1 3
28 33 0 2
28 34 0 2
28 35 5 11
28 36 0 2
28 37 0 2
28 38 1 3
28 39 0 2
28 40 1 3
28 41 1 3
28 42 0 3
28 43 2 5
28 44 0 2
28 45 0 2
28 46 1 3
28 47 1 3
28 48 0 2
28 49 1 3
28 50 1 3
28 51 1 3
28 52 0 2
28 53 0 2
28 54 0 2
28 55 1 3
28 56 1 3
28 57 0 3
28 58 1 3
28 59 1 3
28 60 0 3
28 61 1 3
28 62 1 3
28 63 2 5
28 64 0 2
28 65 0 2
28 66 0 2
28 67 0 2
28 68 1 3
28 69 1 3
28 70 1 3
28 71 1 3
28 72 1 3
28 73 0 2
28 74 1 3
28 75 1 3
28 76 1 3
28 77 0 2
28 78 6 11
28 79 6 9
28 80 4 12
28 81 2 6
28 82 5 8
28 83 3 6
28 84 4 6
28 85 7 13
28 86 2 3
28 87 6 12
28 88 4 8
28 89 7 12
28 90 0 1
28 91 1 2
28 92 0 2
28 93 4 9
28 94 4 13
28 95 3 9
28 96 2 5
28 97 3 8
28 98 3 12
28 99 1 3
28 100 2 9
29 1 1 3
29 2 1 3
29 3 1 3
29 4 1 3
29 5 1 3
29 6 0 2
29 7 1 3
29 8 2 5
29 9 1 3
29 10 1 5
29 11 1 3
29 12 1 3
29 13 1 3
29 14 1 3
29 15 0 2
29 16 1 4
29 17 1 3
29 18 1 3
29 19 1 3
29 20 1 3
29 21 1 3
29 22 1 3
29 23 1 3
29 24 0 2
29 25 0 2
29 26 0 2
29 27 0 2
29 28 0 2
29 29 0 2
29 30 0 6
29 31 1 4
29 32 1 3
29 33 1 3
29 34 1 3
29 35 0 2
29 36 0 2
29 37 1 3
29 38 1 3
29 39 1 3
29 40 1 3
29 41 0 2
29 42 1 3
29 43 1 3
29 44 0 2
29 45 1 3
29 46 0 2
29 47 0 2
29 48 0 2
29 49 1 3
29 50 0 3
29 51 1 3
29 52 0 2
29 53 0 2
29 54 1 3
29 55 0 2
29 56 0 3
29 57 1 3
29 58 1 3
29 59 1 3
29 60 0 2
29 61 0 2
29 62 0 2
29 63 1 3
29 64 0 2
29 65 1 3
29 66 0 2
29 67 1 4
29 68 1 3
29 69 1 3
29 70 1 3
29 71 0 2
29 72 0 2
29 73 2 7
29 74 2 5
29 75 4 11
29 76 2 8
29 77 2 8
29 78 2 5
29 79 3 10
29 80 3 12
29 81 7 8
29 82 1 3
29 83 2 3
29 84 2 3
29 85 5 14
29 86 3 9
29 87 5 12
29 88 2 5
29 89 3 14
29 90 4 8
29 91 1 2
29 92 0 1
29 93 10 12
29 94 5 12
29 95 10 12
29 96 3 6
29 97 4 9
29 98 4 10
29 99 4 9
29 100 4 11
30 1 1 3
30 2 1 3
30 3 8 11
30 4 0 2
30 5 0 2
30 6 6 12
30 7 4 12
30 8 0 6
30 9 7 13
30 10 1 3
30 11 1 3
30 12 1 3
30 13 1 3
30 14 1 3
30 15 0 2
30 16 1 3
30 17 2 5
30 18 1 3
30 19 1 5
30 20 1 3
30 21 1 3
30 22 1 3
30 23 1 3
30 24 0 2
30 25 1 4
30 26 1 3
30 27 1 3
30 28 1 3
30 29 1 3
30 30 1 3
30 31 1 3
30 32 1 3
30 33 0 2
30 34 0 2
30 35 0 2
30 36 0 2
30 37 0 2
30 38 0 2
30 39 0 6
30 40 0 2
30 41 0 2
30 42 1 3
30 43 0 2
30 44 1 3
30 45 0 2
30 46 0 2
30 47 1 3
30 48 1 3
30 49 1 4
30 50 0 2
30 51 0 2
30 52 1 3
30 53 1 3
30 54 1 3
30 55 0 2
30 56 1 3
30 57 0 2
30 58 1 3
30 59 0 2
30 60 0 2
30 61 1 3
30 62 0 2
30 63 0 2
30 64 0 2
30 65 0 3
30 66 1 3
30 67 0 3
30 68 0 2
30 69 1 3
30 70 1 3
30 71 1 3
30 72 0 5
30 73 1 3
30 74 0 2
30 75 0 3
30 76 3 7
30 77 0 2
30 78 0 2
30 79 1 3
30 80 2 6
30 81 5 12
30 82 3 9
30 83 1 12
30 84 6 11
30 85 3 4
30 86 5 7
30 87 1 7
30 88 2 10
30 89 0 1
30 90 1 2
30 91 0 2
30 92 0 1
30 93 1 2
30 94 4 10
30 95 4 10
30 96 1 3
30 97 1 3
30 98 1 3
30 99 2 8
30 100 5 12
31 1 1 13
31 2 1 3
31 3 1 3
31 4 1 3
31 5 1 3
31 6 1 3
31 7 0 2
31 8 1 3
31 9 2 5
31 10 1 3
31 11 1 5
31 12 1 3
31 13 1 3
31 14 1 3
31 15 1 3
31 16 0 2
31 17 1 4
31 18 1 3
31 19 1 3
31 20 1 3
31 21 1 3
31 22 1 3
31 23 1 3
31 24 0 2
31 25 0 2
31 26 0 2
31 27 1 3
31 28 1 3
31 29 0 2
31 30 0 2
31 31 2 5
31 32 1 3
31 33 1 3
31 34 0 2
31 35 0 2
31 36 0 2
31 37 0 2
31 38 0 2
31 39 0 2
31 40 0 2
31 41 1 3
31 42 1 3
31 43 1 3
31 44 0 2
31 45 0 3
31 46 1 3
31 47 0 2
31 48 0 2
31 49 1 3
31 50 0 2
31 51 1 3
31 52 0 3
31 53 1 3
31 54 1 3
31 55 1 3
31 56 3 5
31 57 0 2
31 58 1 4
31 59 0 2
31 60 0 2
31 61 1 3
31 62 0 2
31 63 8 11
31 64 3 9
31 65 0 2
31 66 0 2
31 67 0 2
31 68 6 11
31 69 3 7
31 70 3 8
31 71 6 12
31 72 1 3
31 73 4 12
31 74 6 13
31 75 6 11
31 76 3 5
31 77 2 4
31 78 8 15
31 79 4 6
31 80 1 3
31 81 0 6
31 82 1 3
31 83 1 3
31 84 7 13
31 85 5 12
31 86 0 1
31 87 0 1
31 88 1 2
31 89 0 1
31 90 0 1
31 91 1 7
31 92 3 9
31 93 6 10
31 94 2 11
31 95 3 7
31 96 1 3
31 97 0 2
31 98 3 10
31 99 1 11
31 100 6 11
32 1 7 13
32 2 1 13
32 3 1 3
32 4 1 3
32 5 1 3
32 6 1 3
32 7 1 3
32 8 0 2
32 9 1 3
32 10 2 5
32 11 1 3
32 12 1 5
32 13 1 3
32 14 1 3
32 15 1 3
32 16 1 3
32 17 0 2
32 18 1 4
32 19 1 3
32 20 1 3
32 21 1 3
32 22 1 3
32 23 1 3
32 24 1 3
32 25 0 2
32 26 0 2
32 27 0 2
32 28 1 3
32 29 1 3
32 30 0 2
32 31 0 2
32 32 0 2
32 33 0 2
32 34 1 3
32 35 1 3
32 36 0 2
32 37 1 3
32 38 1 3
32 39 1 3
32 40 1 3
32 41 1 3
32 42 0 2
32 43 1 3
32 44 0 2
32 45 0 2
32 46 1 3
32 47 0 2
32 48 0 2
32 49 1 3
32 50 1 3
32 51 1 3
32 52 0 2
32 53 0 2
32 54 1 3
32 55 0 2
32 56 1 3
32 57 0 2
32 58 0 3
32 59 0 2
32 60 0 2
32 61 0 2
32 62 0 2
32 63 1 3
32 64 1 3
32 65 0 2
32 66 1 3
32 67 1 3
32 68 0 2
32 69 0 3
32 70 1 3
32 71 0 2
32 72 1 3
32 73 5 7
32 74 1 7
32 75 5 14
32 76 3 7
32 77 8 11
32 78 0 2
32 79 0 2
32 80 2 7
32 81 5 11
32 82 4 7
32 83 5 10
32 84 1 3
32 85 2 6
32 86 4 10
32 87 1 3
32 88 2 4
32 89 3 12
32 90 0 1
32 91 0 1
32 92 0 1
32 93 0 1
32 94 2 11
32 95 1 9
32 96 5 13
32 97 1 3
32 98 1 10
32 99 5 11
32 100 6 11
33 1 1 5
33 2 1 13
33 3 1 3
33 4 1 2
33 5 4 14
33 6 7 13
33 7 1 3
33 8 1 3
33 9 1 3
33 10 6 10
33 11 5 10
33 12 1 3
33 13 1 3
33 14 1 3
33 15 1 3
33 16 1 3
33 17 1 3
33 18 0 2
33 19 1 3
33 20 2 5
33 21 1 3
33 22 1 5
33 23 1 3
33 24 1 3
33 25 1 3
33 26 1 3
33 27 0 2
33 28 1 4
33 29 1 3
33 30 1 3
33 31 1 3
33 32 1 3
33 33 1 3
33 34 1 3
33 35 0 2
33 36 0 2
33 37 0 2
33 38 1 3
33 39 1 3
33 40 0 2
33 41 0 2
33 42 0 2
33 43 0 3
33 44 0 3
33 45 1 3
33 46 0 2
33 47 1 3
33 48 1 3
33 49 0 2
33 50 1 3
33 51 0 2
33 52 1 3
33 53 1 3
33 54 0 2
33 55 1 3
33 56 2 4
33 57 1 3
33 58 1 3
33 59 0 2
33 60 0 2
33 61 0 2
33 62 1 3
33 63 0 2
33 64 1 3
33 65 1 3
33 66 0 2
33 67 1 3
33 68 1 3
33 69 0 3
33 70 2 6
33 71 4 7
33 72 1 3
33 73 0 2
33 74 1 3
33 75 0 2
33 76 0 2
33 77 0 2
33 78 0 2
33 79 3 9
33 80 5 10
33 81 4 11
33 82 5 10
33 83 2 4
33 84 5 11
33 85 1 4
33 86 4 12
33 87 0 1
33 88 0 1
33 89 0 1
33 90 0 1
33 91 0 1
33 92 0 2
33 93 3 8
33 94 7 10
33 95 0 2
33 96 0 2
33 97 5 11
33 98 4 9
33 99 1 3
33 100 1 4
34 1 1 13
34 2 1 3
34 3 1 3
34 4 1 3
34 5 1 3
34 6 1 3
34 7 0 2
34 8 1 3
34 9 2 5
34 10 1 3
34 11 1 5
34 12 1 3
34 13 1 3
34 14 1 3
34 15 1 3
34 16 0 2
34 17 1 4
34 18 1 3
34 19 1 3
34 20 1 3
34 21 0 2
34 22 0 2
34 23 0 2
34 24 0 2
34 25 1 3
34 26 0 2
34 27 0 2
34 28 0 2
34 29 1 3
34 30 1 3
34 31 1 3
34 32 0 2
34 33 0 2
34 34 0 2
34 35 0 2
34 36 1 3
34 37 0 2
34 38 0 2
34 39 0 2
34 40 1 3
34 41 4 8
34 42 1 3
34 43 0 2
34 44 1 3
34 45 7 11
34 46 1 3
34 47 1 3
34 48 1 3
34 49 0 2
34 50 1 3
34 51 1 4
34 52 1 3
34 53 1 3
34 54 0 2
34 55 1 5
34 56 7 13
34 57 4 9
34 58 1 3
34 59 1 3
34 60 1 3
34 61 1 3
34 62 7 7
34 63 1 3
34 64 1 2
34 65 1 3
34 66 6 10
34 67 5 12
34 68 5 10
34 69 1 3
34 70 1 3
34 71 1 3
34 72 1 3
34 73 1 3
34 74 0 2
34 75 0 2
34 76 0 2
34 77 0 2
34 78 6 10
34 79 5 12
34 80 3 8
34 81 5 10
34 82 6 11
34 83 2 5
34 84 5 9
34 85 0 3
34 86 2 4
34 87 4 10
34 88 4 14
34 89 1 3
34 90 0 1
34 91 0 1
34 92 0 2
34 93 0 1
34 94 0 1
34 95 0 1
34 96 0 2
34 97 2 7
34 98 1 3
34 99 0 1
34 100 8 12
35 1 1 13
35 2 1 3
35 3 1 3
35 4 1 3
35 5 1 3
35 6 1 3
35 7 0 2
35 8 1 3
35 9 2 5
35 10 1 3
35 11 1 5
35 12 1 3
35 13 1 3
35 14 1 3
35 15 1 3
35 16 0 2
35 17 1 4
35 18 1 3
35 19 1 3
35 20 1 3
35 21 0 2
35 22 0 2
35 23 0 2
35 24 0 2
35 25 1 3
35 26 0 2
35 27 0 2
35 28 0 2
35 29 1 3
35 30 1 3
35 31 0 2
35 32 1 3
35 33 1 3
35 34 1 4
35 35 1 3
35 36 1 3
35 37 1 3
35 38 0 2
35 39 1 3
35 40 1 3
35 41 0 2
35 42 0 2
35 43 0 2
35 44 0 2
35 45 1 3
35 46 1 3
35 47 0 2
35 48 1 3
35 49 1 3
35 50 0 2
35 51 0 2
35 52 0 2
35 53 1 3
35 54 0 2
35 55 1 3
35 56 0 2
35 57 1 3
35 58 1 3
35 59 1 3
35 60 1 3
35 61 0 2
35 62 1 3
35 63 0 2
35 64 1 3
35 65 4 9
35 66 6 9
35 67 1 3
35 68 1 3
35 69 1 3
35 70 9 13
35 71 1 3
35 72 1 3
35 73 2 4
35 74 4 10
35 75 0 2
35 76 4 7
35 77 0 2
35 78 0 2
35 79 0 2
35 80 6 13
35 81 5 12
35 82 4 9
35 83 2 3
35 84 3 8
35 85 4 10
35 86 3 9
35 87 0 2
35 88 0 1
35 89 1 3
35 90 0 2
35 91 0 1
35 92 3 11
35 93 0 2
35 94 0 1
35 95 4 14
35 96 0 8
35 97 4 10
35 98 5 8
35 99 1 9
35 100 1 8
36 1 1 13
36 2 1 3
36 3 1 3
36 4 1 3
36 5 1 3
36 6 1 3
36 7 0 2
36 8 1 3
36 9 2 5
36 10 1 3
36 11 1 5
36 12 1 3
36 13 1 3
36 14 1 3
36 15 1 3
36 16 0 2
36 17 1 4
36 18 1 3
36 19 1 3
36 20 1 3
36 21 0 2
36 22 0 2
36 23 0 2
36 24 0 2
36 25 1 3
36 26 0 2
36 27 0 2
36 28 0 2
36 29 1 3
36 30 1 3
36 31 1 3
36 32 0 2
36 33 1 3
36 34 0 2
36 35 1 3
36 36 1 3
36 37 1 3
36 38 4 9
36 39 0 2
36 40 1 3
36 41 3 8
36 42 0 3
36 43 1 3
36 44 1 3
36 45 7 10
36 46 0 2
36 47 1 3
36 48 1 3
36 49 0 2
36 50 1 3
36 51 0 2
36 52 0 2
36 53 1 3
36 54 1 3
36 55 8 10
36 56 1 3
36 57 0 2
36 58 0 2
36 59 1 3
36 60 1 3
36 61 0 2
36 62 0 2
36 63 1 3
36 64 2 5
36 65 0 2
36 66 1 4
36 67 4 14
36 68 1 3
36 69 1 3
36 70 1 3
36 71 5 8
36 72 1 3
36 73 1 3
36 74 1 3
36 75 1 3
36 76 2 4
36 77 5 13
36 78 6 11
36 79 11 12
36 80 1 3
36 81 1 3
36 82 2 3
36 83 0 2
36 84 0 2
36 85 2 12
36 86 3 9
36 87 3 7
36 88 0 1
36 89 2 3
36 90 1 6
36 91 0 1
36 92 0 2
36 93 0 2
36 94 0 1
36 95 0 1
36 96 0 2
36 97 1 4
36 98 0 2
36 99 5 10
36 100 2 8
37 1 1 13
37 2 2 8
37 3 1 3
37 4 3 11
37 5 1 3
37 6 1 3
37 7 1 3
37 8 1 3
37 9 1 3
37 10 0 2
37 11 1 3
37 12 2 5
37 13 1 3
37 14 1 5
37 15 1 3
37 16 1 3
37 17 1 3
37 18 1 3
37 19 0 2
37 20 1 4
37 21 1 3
37 22 1 3
37 23 1 3
37 24 0 2
37 25 0 2
37 26 0 2
37 27 0 2
37 28 1 3
37 29 0 2
37 30 0 2
37 31 0 2
37 32 1 3
37 33 1 3
37 34 0 2
37 35 0 2
37 36 10 12
37 37 1 3
37 38 1 3
37 39 0 2
37 40 1 3
37 41 1 3
37 42 1 3
37 43 1 3
37 44 0 2
37 45 5 11
37 46 1 3
37 47 1 3
37 48 0 2
37 49 0 2
37 50 0 2
37 51 0 2
37 52 0 2
37 53 1 3
37 54 1 3
37 55 0 2
37 56 1 3
37 57 1 3
37 58 5 10
37 59 1 3
37 60 0 2
37 61 1 3
37 62 2 5
37 63 5 14
37 64 1 3
37 65 1 3
37 66 1 3
37 67 1 3
37 68 1 3
37 69 1 3
37 70 1 3
37 71 1 3
37 72 4 14
37 73 5 9
37 74 1 3
37 75 5 12
37 76 0 2
37 77 0 2
37 78 5 9
37 79 8 12
37 80 7 10
37 81 6 9
37 82 3 7
37 83 2 3
37 84 0 2
37 85 0 1
37 86 0 2
37 87 0 2
37 88 0 1
37 89 0 2
37 90 0 2
37 91 0 2
37 92 2 4
37 93 1 3
37 94 3 9
37 95 3 8
37 96 5 9
37 97 2 10
37 98 9 12
37 99 1 3
37 100 5 11
38 1 3 11
38 2 1 3
38 3 1 3
38 4 1 3
38 5 1 3
38 6 1 3
38 7 0 2
38 8 1 3
38 9 2 5
38 10 1 3
38 11 1 5
38 12 1 3
38 13 1 3
38 14 1 3
38 15 1 3
38 16 0 2
38 17 1 4
38 18 1 3
38 19 1 3
38 20 1 3
38 21 0 2
38 22 0 2
38 23 0 2
38 24 0 2
38 25 1 3
38 26 0 2
38 27 0 2
38 28 0 2
38 29 1 3
38 30 1 3
38 31 1 3
38 32 1 3
38 33 0 2
38 34 1 3
38 35 1 3
38 36 0 2
38 37 1 3
38 38 1 3
38 39 0 2
38 40 0 2
38 41 1 3
38 42 2 4
38 43 0 2
38 44 0 2
38 45 0 2
38 46 0 2
38 47 0 2
38 48 0 2
38 49 0 2
38 50 0 2
38 51 1 3
38 52 1 3
38 53 1 4
38 54 0 2
38 55 1 3
38 56 0 3
38 57 1 3
38 58 0 2
38 59 1 3
38 60 0 2
38 61 0 2
38 62 0 2
38 63 1 13
38 64 4 13
38 65 5 14
38 66 6 9
38 67 5 10
38 68 4 12
38 69 1 3
38 70 2 8
38 71 4 11
38 72 3 11
38 73 1 3
38 74 1 7
38 75 2 13
38 76 1 3
38 77 1 3
38 78 1 3
38 79 1 3
38 80 1 3
38 81 7 10
38 82 0 2
38 83 0 2
38 84 0 2
38 85 0 1
38 86 0 1
38 87 2 3
38 88 0 2
38 89 0 2
38 90 1 3
38 91 5 12
38 92 2 4
38 93 2 10
38 94 2 9
38 95 1 3
38 96 5 12
38 97 6 12
38 98 1 3
38 99 1 3
38 100 0 2
39 1 1 3
39 2 1 3
39 3 1 3
39 4 1 3
39 5 1 3
39 6 0 2
39 7 1 3
39 8 2 5
39 9 1 3
39 10 1 5
39 11 1 3
39 12 1 3
39 13 1 3
39 14 1 3
39 15 0 2
39 16 1 4
39 17 1 3
39 18 1 3
39 19 1 3
39 20 0 2
39 21 0 2
39 22 0 2
39 23 0 2
39 24 1 3
39 25 0 2
39 26 0 2
39 27 0 2
39 28 1 3
39 29 1 3
39 30 0 2
39 31 0 2
39 32 1 3
39 33 0 2
39 34 0 2
39 35 1 4
39 36 0 2
39 37 1 3
39 38 0 2
39 39 1 3
39 40 1 3
39 41 0 2
39 42 0 2
39 43 0 2
39 44 1 3
39 45 1 3
39 46 0 2
39 47 1 4
39 48 1 3
39 49 0 2
39 50 1 3
39 51 1 7
39 52 2 4
39 53 2 6
39 54 0 2
39 55 0 2
39 56 0 2
39 57 1 3
39 58 0 2
39 59 4 11
39 60 5 9
39 61 5 12
39 62 3 9
39 63 1 4
39 64 5 10
39 65 3 10
39 66 4 8
39 67 4 11
39 68 3 8
39 69 4 5
39 70 6 9
39 71 3 11
39 72 1 3
39 73 1 3
39 74 4 8
39 75 2 4
39 76 1 3
39 77 3 12
39 78 2 5
39 79 0 1
39 80 0 2
39 81 0 1
39 82 0 2
39 83 3 6
39 84 0 2
39 85 0 2
39 86 0 2
39 87 0 8
39 88 2 12
39 89 1 3
39 90 0 1
39 91 1 3
39 92 0 2
39 93 1 3
39 94 0 2
39 95 0 2
39 96 3 7
39 97 1 2
39 98 3 13
39 99 1 3
39 100 4 8
40 1 1 3
40 2 1 3
40 3 1 3
40 4 1 3
40 5 1 3
40 6 0 2
40 7 1 3
40 8 2 5
40 9 1 3
40 10 1 5
40 11 1 3
40 12 1 3
40 13 1 3
40 14 1 3
40 15 0 2
40 16 1 4
40 17 1 3
40 18 1 3
40 19 1 3
40 20 0 2
40 21 0 2
40 22 0 2
40 23 0 2
40 24 1 3
40 25 0 2
40 26 0 2
40 27 0 2
40 28 1 3
40 29 1 3
40 30 0 2
40 31 1 3
40 32 1 3
40 33 0 2
40 34 0 2
40 35 0 2
40 36 1 3
40 37 0 2
40 38 0 2
40 39 0 2
40 40 0 2
40 41 0 2
40 42 0 2
40 43 0 2
40 44 1 3
40 45 0 2
40 46 1 3
40 47 0 2
40 48 0 2
40 49 0 2
40 50 0 2
40 51 0 2
40 52 0 2
40 53 0 2
40 54 0 2
40 55 0 2
40 56 0 2
40 57 0 2
40 58 0 2
40 59 1 3
40 60 1 3
40 61 0 2
40 62 0 2
40 63 1 3
40 64 0 2
40 65 2 5
40 66 0 2
40 67 0 2
40 68 3 11
40 69 4 10
40 70 2 12
40 71 3 11
40 72 6 13
40 73 1 3
40 74 1 3
40 75 1 3
40 76 1 3
40 77 2 7
40 78 6 11
40 79 3 10
40 80 2 12
40 81 5 11
40 82 1 3
40 83 3 7
40 84 2 7
40 85 0 2
40 86 1 3
40 87 0 2
40 88 0 2
40 89 0 2
40 90 0 2
40 91 0 2
40 92 1 3
40 93 1 5
40 94 1 2
40 95 5 12
40 96 6 13
40 97 3 9
40 98 1 8
40 99 3 14
40 100 3 7
41 1 1 3
41 2 1 3
41 3 1 3
41 4 1 3
41 5 1 3
41 6 0 2
41 7 1 3
41 8 2 5
41 9 1 3
41 10 1 5
41 11 1 3
41 12 1 3
41 13 1 3
41 14 1 3
41 15 0 2
41 16 1 4
41 17 1 3
41 18 1 3
41 19 1 3
41 20 0 2
41 21 0 2
41 22 0 2
41 23 0 2
41 24 1 3
41 25 0 2
41 26 0 2
41 27 0 2
41 28 1 3
41 29 1 3
41 30 0 2
41 31 0 2
41 32 0 2
41 33 1 3
41 34 1 3
41 35 0 2
41 36 1 3
41 37 1 3
41 38 0 2
41 39 0 2
41 40 0 2
41 41 0 2
41 42 0 2
41 43 0 2
41 44 0 2
41 45 0 2
41 46 1 3
41 47 0 2
41 48 0 2
41 49 0 2
41 50 0 2
41 51 1 3
41 52 0 2
41 53 0 2
41 54 0 2
41 55 1 3
41 56 0 2
41 57 0 2
41 58 1 3
41 59 0 2
41 60 0 2
41 61 0 2
41 62 0 2
41 63 1 3
41 64 0 2
41 65 2 12
41 66 3 8
41 67 7 10
41 68 3 9
41 69 4 12
41 70 1 5
41 71 1 10
41 72 1 3
41 73 4 11
41 74 2 9
41 75 1 3
41 76 1 3
41 77 4 12
41 78 3 11
41 79 4 8
41 80 4 7
41 81 1 3
41 82 2 6
41 83 7 13
41 84 0 3
41 85 3 10
41 86 3 6
41 87 0 1
41 88 0 1
41 89 0 2
41 90 1 3
41 91 0 2
41 92 3 7
41 93 0 7
41 94 2 7
41 95 1 4
41 96 2 6
41 97 1 2
41 98 4 11
41 99 0 2
41 100 1 10
42 1 1 3
42 2 1 3
42 3 1 3
42 4 1 3
42 5 1 3
42 6 0 2
42 7 1 3
42 8 2 5
42 9 1 3
42 10 1 5
42 11 1 3
42 12 1 3
42 13 1 3
42 14 1 3
42 15 0 2
42 16 1 4
42 17 1 3
42 18 1 3
42 19 1 3
42 20 0 2
42 21 0 2
42 22 0 2
42 23 0 2
42 24 1 3
42 25 0 2
42 26 0 2
42 27 0 2
42 28 1 3
42 29 1 3
42 30 0 2
42 31 1 6
42 32 0 2
42 33 0 2
42 34 0 2
42 35 0 2
42 36 0 2
42 37 1 3
42 38 0 2
42 39 1 3
42 40 1 3
42 41 0 2
42 42 1 3
42 43 1 3
42 44 0 2
42 45 1 3
42 46 0 2
42 47 1 3
42 48 0 2
42 49 1 3
42 50 1 3
42 51 0 2
42 52 0 2
42 53 0 2
42 54 1 3
42 55 0 2
42 56 0 2
42 57 0 2
42 58 1 3
42 59 0 2
42 60 0 2
42 61 0 2
42 62 1 3
42 63 1 3
42 64 1 3
42 65 0 2
42 66 0 2
42 67 0 2
42 68 1 3
42 69 0 2
42 70 0 2
42 71 1 3
42 72 0 2
42 73 0 2
42 74 1 3
42 75 0 2
42 76 0 2
42 77 2 6
42 78 1 3
42 79 8 13
42 80 1 3
42 81 4 11
42 82 4 13
42 83 7 14
42 84 7 13
42 85 6 8
42 86 5 13
42 87 1 3
42 88 3 11
42 89 2 11
42 90 0 2
42 91 6 11
42 92 0 2
42 93 0 1
42 94 5 7
42 95 12 13
42 96 6 14
42 97 3 12
42 98 2 5
42 99 0 2
42 100 1 11
43 1 2 11
43 2 1 3
43 3 1 3
43 4 1 3
43 5 1 3
43 6 1 3
43 7 0 2
43 8 1 3
43 9 2 5
43 10 1 3
43 11 1 5
43 12 1 3
43 13 1 3
43 14 1 3
43 15 1 3
43 16 0 2
43 17 1 4
43 18 1 3
43 19 1 3
43 20 1 3
43 21 0 2
43 22 0 2
43 23 0 2
43 24 0 2
43 25 1 3
43 26 0 2
43 27 0 2
43 28 0 2
43 29 1 3
43 30 1 3
43 31 0 2
43 32 1 3
43 33 0 2
43 34 1 3
43 35 1 3
43 36 0 2
43 37 2 5
43 38 0 2
43 39 0 2
43 40 0 2
43 41 0 2
43 42 1 3
43 43 1 3
43 44 1 3
43 45 1 3
43 46 0 2
43 47 0 2
43 48 0 2
43 49 0 2
43 50 1 3
43 51 0 2
43 52 0 2
43 53 1 7
43 54 1 3
43 55 0 2
43 56 1 3
43 57 0 2
43 58 0 2
43 59 1 3
43 60 1 3
43 61 1 3
43 62 1 3
43 63 0 2
43 64 0 2
43 65 1 3
43 66 0 2
43 67 0 2
43 68 1 3
43 69 0 2
43 70 0 2
43 71 1 3
43 72 0 2
43 73 0 2
43 74 5 13
43 75 6 14
43 76 4 8
43 77 2 4
43 78 1 2
43 79 1 5
43 80 4 5
43 81 2 10
43 82 2 11
43 83 4 10
43 84 4 13
43 85 3 14
43 86 1 3
43 87 5 13
43 88 4 12
43 89 3 6
43 90 5 10
43 91 7 12
43 92 5 11
43 93 0 2
43 94 0 1
43 95 2 8
43 96 3 9
43 97 1 3
43 98 0 2
43 99 0 2
43 100 2 7
44 1 2 8
44 2 1 3
44 3 1 3
44 4 1 3
44 5 1 3
44 6 1 3
44 7 0 2
44 8 1 3
44 9 2 5
44 10 1 3
44 11 1 5
44 12 1 3
44 13 1 3
44 14 1 3
44 15 1 3
44 16 0 2
44 17 1 4
44 18 1 3
44 19 1 3
44 20 1 3
44 21 0 2
44 22 0 2
44 23 0 2
44 24 0 2
44 25 1 3
44 26 0 2
44 27 0 2
44 28 0 2
44 29 1 3
44 30 1 3
44 31 1 3
44 32 0 2
44 33 1 3
44 34 1 3
44 35 1 3
44 36 1 3
44 37 1 3
44 38 0 2
44 39 0 2
44 40 5 14
44 41 0 2
44 42 0 2
44 43 0 2
44 44 2 4
44 45 0 2
44 46 1 3
44 47 1 3
44 48 0 2
44 49 0 2
44 50 0 2
44 51 0 2
44 52 1 3
44 53 0 2
44 54 1 3
44 55 0 2
44 56 0 2
44 57 1 3
44 58 0 2
44 59 0 2
44 60 1 3
44 61 0 2
44 62 0 2
44 63 1 3
44 64 0 2
44 65 1 3
44 66 0 2
44 67 0 2
44 68 0 2
44 69 1 3
44 70 0 2
44 71 1 3
44 72 2 11
44 73 4 10
44 74 4 12
44 75 5 11
44 76 2 5
44 77 3 7
44 78 4 10
44 79 2 5
44 80 4 11
44 81 7 10
44 82 4 6
44 83 2 8
44 84 1 5
44 85 1 3
44 86 1 3
44 87 4 9
44 88 5 13
44 89 3 10
44 90 0 1
44 91 0 2
44 92 0 2
44 93 0 2
44 94 1 3
44 95 2 11
44 96 1 10
44 97 3 9
44 98 1 3
44 99 0 2
44 100 1 3
45 1 2 8
45 2 5 9
45 3 0 2
45 4 6 15
45 5 6 11
45 6 1 3
45 7 1 3
45 8 1 3
45 9 1 3
45 10 1 3
45 11 0 2
45 12 1 3
45 13 2 5
45 14 1 3
45 15 1 5
45 16 1 3
45 17 1 3
45 18 1 3
45 19 1 3
45 20 0 2
45 21 1 4
45 22 1 3
45 23 1 3
45 24 1 3
45 25 0 2
45 26 0 2
45 27 0 2
45 28 0 2
45 29 1 3
45 30 0 2
45 31 0 2
45 32 0 2
45 33 1 3
45 34 1 3
45 35 0 2
45 36 1 3
45 37 6 8
45 38 0 2
45 39 0 2
45 40 1 3
45 41 1 3
45 42 0 2
45 43 0 2
45 44 1 3
45 45 0 2
45 46 1 3
45 47 1 3
45 48 1 3
45 49 0 2
45 50 1 3
45 51 1 3
45 52 1 3
45 53 2 5
45 54 0 2
45 55 7 10
45 56 0 2
45 57 1 3
45 58 0 2
45 59 0 2
45 60 1 4
45 61 0 2
45 62 0 2
45 63 1 3
45 64 1 3
45 65 0 2
45 66 1 3
45 67 1 3
45 68 1 3
45 69 1 3
45 70 1 3
45 71 7 13
45 72 6 10
45 73 5 12
45 74 1 3
45 75 1 3
45 76 1 3
45 77 1 2
45 78 4 9
45 79 5 9
45 80 7 11
45 81 0 2
45 82 0 2
45 83 0 2
45 84 0 2
45 85 1 3
45 86 0 2
45 87 0 2
45 88 2 8
45 89 5 12
45 90 2 9
45 91 4 8
45 92 2 12
45 93 0 2
45 94 1 3
45 95 0 1
45 96 1 3
45 97 3 13
45 98 1 10
45 99 4 8
45 100 5 13
46 1 1 3
46 2 1 3
46 3 1 3
46 4 1 3
46 5 1 3
46 6 0 2
46 7 1 3
46 8 2 5
46 9 1 3
46 10 1 5
46 11 1 3
46 12 1 3
46 13 1 3
46 14 1 3
46 15 0 2
46 16 1 4
46 17 1 3
46 18 1 3
46 19 1 3
46 20 0 2
46 21 0 2
46 22 0 2
46 23 0 2
46 24 1 3
46 25 0 2
46 26 0 2
46 27 1 3
46 28 0 2
46 29 0 2
46 30 1 3
46 31 1 3
46 32 0 2
46 33 1 3
46 34 0 2
46 35 1 3
46 36 1 3
46 37 1 3
46 38 0 2
46 39 1 3
46 40 0 2
46 41 0 2
46 42 1 3
46 43 0 2
46 44 0 2
46 45 0 2
46 46 0 2
46 47 1 3
46 48 0 2
46 49 1 3
46 50 0 2
46 51 0 2
46 52 1 3
46 53 1 3
46 54 1 3
46 55 0 2
46 56 0 2
46 57 1 3
46 58 1 3
46 59 0 2
46 60 1 3
46 61 1 3
46 62 1 3
46 63 0 2
46 64 0 2
46 65 1 3
46 66 0 2
46 67 0 2
46 68 4 10
46 69 4 9
46 70 4 10
46 71 6 15
46 72 5 9
46 73 1 3
46 74 1 2
46 75 1 3
46 76 1 3
46 77 1 2
46 78 1 3
46 79 1 3
46 80 2 6
46 81 6 11
46 82 0 2
46 83 1 3
46 84 4 7
46 85 7 12
46 86 2 8
46 87 4 11
46 88 0 2
46 89 0 2
46 90 0 2
46 91 1 5
46 92 0 2
46 93 1 3
46 94 1 3
46 95 4 12
46 96 3 8
46 97 1 10
46 98 7 13
46 99 5 9
46 100 1 8
47 1 1 3
47 2 1 3
47 3 1 3
47 4 1 3
47 5 1 3
47 6 0 2
47 7 1 3
47 8 2 5
47 9 1 3
47 10 1 5
47 11 1 3
47 12 1 3
47 13 1 3
47 14 1 3
47 15 0 2
47 16 1 4
47 17 1 3
47 18 1 3
47 19 1 3
47 20 0 2
47 21 0 2
47 22 0 2
47 23 0 2
47 24 1 3
47 25 0 2
47 26 0 2
47 27 1 3
47 28 0 2
47 29 0 2
47 30 1 3
47 31 0 2
47 32 0 2
47 33 0 2
47 34 1 5
47 35 1 4
47 36 1 3
47 37 1 4
47 38 1 3
47 39 0 2
47 40 0 2
47 41 0 2
47 42 1 3
47 43 0 2
47 44 1 3
47 45 1 3
47 46 0 2
47 47 0 2
47 48 1 3
47 49 1 3
47 50 0 2
47 51 1 3
47 52 1 3
47 53 0 2
47 54 0 2
47 55 1 3
47 56 0 2
47 57 0 2
47 58 1 3
47 59 0 2
47 60 1 3
47 61 1 3
47 62 0 2
47 63 0 2
47 64 0 2
47 65 1 3
47 66 0 2
47 67 0 2
47 68 0 2
47 69 1 3
47 70 8 11
47 71 12 12
47 72 5 12
47 73 2 12
47 74 3 9
47 75 3 11
47 76 9 11
47 77 2 11
47 78 5 14
47 79 2 5
47 80 4 13
47 81 1 3
47 82 1 3
47 83 1 3
47 84 1 2
47 85 1 3
47 86 2 8
47 87 0 2
47 88 0 2
47 89 0 2
47 90 0 2
47 91 0 2
47 92 0 1
47 93 0 3
47 94 1 4
47 95 2 7
47 96 0 2
47 97 1 3
47 98 2 11
47 99 4 9
47 100 4 13
48 1 1 12
48 2 3 11
48 3 1 3
48 4 1 3
48 5 1 3
48 6 1 3
48 7 1 3
48 8 0 2
48 9 1 3
48 10 2 5
48 11 1 3
48 12 1 5
48 13 1 3
48 14 1 3
48 15 1 3
48 16 1 3
48 17 0 2
48 18 1 4
48 19 1 3
48 20 1 3
48 21 1 3
48 22 0 2
48 23 0 2
48 24 0 2
48 25 0 2
48 26 1 3
48 27 0 2
48 28 0 2
48 29 1 3
48 30 0 2
48 31 0 2
48 32 1 3
48 33 1 3
48 34 0 2
48 35 0 2
48 36 1 3
48 37 1 3
48 38 0 3
48 39 0 2
48 40 1 3
48 41 1 3
48 42 0 2
48 43 0 2
48 44 0 2
48 45 0 2
48 46 1 4
48 47 0 2
48 48 0 2
48 49 0 2
48 50 1 3
48 51 1 3
48 52 1 3
48 53 0 2
48 54 0 2
48 55 0 2
48 56 0 2
48 57 0 2
48 58 0 2
48 59 0 2
48 60 1 3
48 61 1 3
48 62 0 2
48 63 1 3
48 64 5 9
48 65 6 12
48 66 1 7
48 67 3 13
48 68 5 9
48 69 3 7
48 70 4 10
48 71 4 10
48 72 2 8
48 73 6 10
48 74 1 3
48 75 1 2
48 76 1 2
48 77 1 2
48 78 1 3
48 79 1 3
48 80 4 9
48 81 6 11
48 82 4 9
48 83 0 2
48 84 0 1
48 85 0 2
48 86 1 3
48 87 0 2
48 88 0 2
48 89 0 1
48 90 3 9
48 91 3 8
48 92 2 5
48 93 2 10
48 94 1 11
48 95 1 4
48 96 2 8
48 97 1 3
48 98 4 11
48 99 5 9
48 100 0 2
49 1 7 14
49 2 1 3
49 3 1 3
49 4 1 3
49 5 1 3
49 6 1 3
49 7 0 2
49 8 1 3
49 9 2 5
49 10 1 3
49 11 1 5
49 12 1 3
49 13 1 3
49 14 1 3
49 15 1 3
49 16 0 2
49 17 1 4
49 18 1 3
49 19 1 3
49 20 1 3
49 21 0 2
49 22 0 2
49 23 0 2
49 24 0 2
49 25 1 3
49 26 0 2
49 27 0 2
49 28 1 3
49 29 0 2
49 30 1 3
49 31 0 2
49 32 0 2
49 33 0 2
49 34 0 2
49 35 1 3
49 36 0 2
49 37 0 3
49 38 0 2
49 39 0 2
49 40 0 2
49 41 0 2
49 42 0 2
49 43 0 2
49 44 0 2
49 45 1 3
49 46 1 3
49 47 0 2
49 48 1 3
49 49 1 3
49 50 0 2
49 51 0 2
49 52 0 2
49 53 1 4
49 54 0 2
49 55 1 3
49 56 1 3
49 57 1 3
49 58 0 2
49 59 0 2
49 60 1 3
49 61 0 2
49 62 1 4
49 63 0 2
49 64 6 7
49 65 1 12
49 66 1 2
49 67 1 2
49 68 1 2
49 69 1 2
49 70 1 3
49 71 1 2
49 72 1 3
49 73 5 7
49 74 0 5
49 75 4 7
49 76 3 6
49 77 3 11
49 78 3 7
49 79 5 12
49 80 6 11
49 81 2 7
49 82 4 13
49 83 5 10
49 84 0 1
49 85 0 2
49 86 0 1
49 87 1 3
49 88 0 2
49 89 0 2
49 90 3 9
49 91 1 3
49 92 0 2
49 93 0 3
49 94 2 5
49 95 4 11
49 96 1 3
49 97 7 9
49 98 3 13
49 99 5 10
49 100 4 12
50 1 1 3
50 2 1 3
50 3 1 3
50 4 1 3
50 5 1 3
50 6 0 2
50 7 1 3
50 8 2 5
50 9 1 3
50 10 1 5
50 11 1 3
50 12 1 3
50 13 1 3
50 14 1 3
50 15 0 2
50 16 1 4
50 17 1 3
50 18 1 3
50 19 1 3
50 20 0 2
50 21 0 2
50 22 0 2
50 23 0 2
50 24 1 3
50 25 0 2
50 26 0 2
50 27 1 3
50 28 0 2
50 29 1 3
50 30 0 2
50 31 0 2
50 32 0 2
50 33 1 5
50 34 1 3
50 35 0 2
50 36 1 3
50 37 0 2
50 38 0 2
50 39 1 3
50 40 1 3
50 41 0 2
50 42 0 2
50 43 0 2
50 44 0 2
50 45 0 2
50 46 0 2
50 47 0 2
50 48 1 3
50 49 0 2
50 50 0 2
50 51 1 4
50 52 0 2
50 53 1 3
50 54 0 2
50 55 0 2
50 56 0 2
50 57 2 4
50 58 0 2
50 59 1 3
50 60 0 2
50 61 0 2
50 62 0 2
50 63 0 2
50 64 1 3
50 65 7 14
50 66 2 8
50 67 2 13
50 68 3 10
50 69 6 8
50 70 4 8
50 71 3 12
50 72 3 13
50 73 4 9
50 74 3 8
50 75 1 5
50 76 1 6
50 77 7 12
50 78 1 2
50 79 1 3
50 80 4 9
50 81 8 13
50 82 1 3
50 83 3 12
50 84 3 8
50 85 0 2
50 86 0 1
50 87 0 2
50 88 0 2
50 89 0 1
50 90 3 8
50 91 0 5
50 92 4 9
50 93 0 2
50 94 0 2
50 95 0 2
50 96 4 13
50 97 2 5
50 98 3 11
50 99 3 12
50 100 2 8
51 1 1 3
51 2 1 3
51 3 1 3
51 4 1 3
51 5 1 3
51 6 0 2
51 7 1 3
51 8 2 5
51 9 1 3
51 10 1 5
51 11 1 3
51 12 1 3
51 13 1 3
51 14 1 3
51 15 0 2
51 16 1 4
51 17 1 3
51 18 1 3
51 19 1 3
51 20 0 2
51 21 0 2
51 22 0 2
51 23 0 2
51 24 1 3
51 25 0 2
51 26 0 2
51 27 1 3
51 28 0 2
51 29 1 3
51 30 0 2
51 31 0 2
51 32 0 2
51 33 0 2
51 34 0 2
51 35 0 2
51 36 0 2
51 37 1 3
51 38 0 2
51 39 0 2
51 40 0 2
51 41 0 2
51 42 0 2
51 43 0 2
51 44 0 2
51 45 0 2
51 46 1 3
51 47 0 2
51 48 1 3
51 49 1 3
51 50 0 2
51 51 0 2
51 52 1 3
51 53 0 2
51 54 0 2
51 55 0 2
51 56 0 2
51 57 0 2
51 58 0 2
51 59 0 2
51 60 0 2
51 61 0 2
51 62 0 2
51 63 0 2
51 64 0 2
51 65 0 2
51 66 0 2
51 67 1 3
51 68 0 2
51 69 0 2
51 70 0 2
51 71 1 3
51 72 1 3
51 73 8 12
51 74 1 12
51 75 2 4
51 76 4 10
51 77 4 13
51 78 3 11
51 79 0 4
51 80 3 12
51 81 9 12
51 82 4 8
51 83 1 3
51 84 1 3
51 85 1 2
51 86 1 3
51 87 4 10
51 88 0 1
51 89 0 2
51 90 4 12
51 91 0 8
51 92 2 4
51 93 2 10
51 94 0 2
51 95 0 2
51 96 2 8
51 97 1 5
51 98 4 7
51 99 2 11
51 100 0 3
52 1 1 3
52 2 1 3
52 3 1 3
52 4 1 3
52 5 1 3
52 6 0 2
52 7 1 3
52 8 2 5
52 9 1 3
52 10 1 5
52 11 1 3
52 12 1 3
52 13 1 3
52 14 1 3
52 15 0 2
52 16 1 4
52 17 1 3
52 18 1 3
52 19 1 3
52 20 0 2
52 21 0 2
52 22 0 2
52 23 0 2
52 24 1 3
52 25 0 2
52 26 0 2
52 27 1 3
52 28 0 2
52 29 1 3
52 30 0 2
52 31 0 2
52 32 0 2
52 33 0 2
52 34 0 2
52 35 0 2
52 36 1 3
52 37 0 2
52 38 1 3
52 39 1 3
52 40 0 2
52 41 0 2
52 42 0 2
52 43 0 2
52 44 0 2
52 45 0 2
52 46 0 3
52 47 0 2
52 48 3 8
52 49 0 2
52 50 1 3
52 51 0 2
52 52 0 2
52 53 0 2
52 54 0 2
52 55 0 2
52 56 0 2
52 57 1 3
52 58 1 3
52 59 0 2
52 60 0 2
52 61 0 2
52 62 0 2
52 63 0 2
52 64 0 3
52 65 1 3
52 66 0 2
52 67 1 5
52 68 0 2
52 69 0 2
52 70 0 2
52 71 0 2
52 72 1 3
52 73 0 2
52 74 5 12
52 75 2 9
52 76 8 11
52 77 7 12
52 78 1 3
52 79 5 13
52 80 0 2
52 81 2 4
52 82 1 3
52 83 1 2
52 84 3 7
52 85 1 3
52 86 1 3
52 87 1 3
52 88 1 4
52 89 2 4
52 90 5 10
52 91 3 6
52 92 0 2
52 93 0 1
52 94 4 11
52 95 1 4
52 96 2 11
52 97 2 10
52 98 1 4
52 99 1 5
52 100 2 5
53 1 1 3
53 2 1 3
53 3 1 3
53 4 1 3
53 5 1 3
53 6 0 2
53 7 1 3
53 8 2 5
53 9 1 3
53 10 1 5
53 11 1 3
53 12 1 3
53 13 1 3
53 14 1 3
53 15 0 2
53 16 1 4
53 17 1 3
53 18 1 3
53 19 1 3
53 20 0 2
53 21 0 2
53 22 0 2
53 23 0 2
53 24 1 3
53 25 0 2
53 26 0 2
53 27 1 3
53 28 0 2
53 29 1 3
53 30 0 2
53 31 1 3
53 32 0 2
53 33 0 2
53 34 1 3
53 35 1 3
53 36 0 2
53 37 1 3
53 38 0 2
53 39 0 2
53 40 1 3
53 41 0 2
53 42 0 3
53 43 0 2
53 44 0 2
53 45 0 2
53 46 0 2
53 47 0 2
53 48 0 2
53 49 0 2
53 50 1 4
53 51 1 3
53 52 0 2
53 53 0 2
53 54 1 3
53 55 0 2
53 56 1 3
53 57 0 2
53 58 0 2
53 59 1 3
53 60 0 2
53 61 1 3
53 62 1 3
53 63 1 3
53 64 1 4
53 65 0 2
53 66 0 2
53 67 0 2
53 68 1 3
53 69 0 2
53 70 0 2
53 71 0 2
53 72 1 3
53 73 1 3
53 74 2 7
53 75 1 2
53 76 4 9
53 77 4 13
53 78 1 3
53 79 1 3
53 80 7 13
53 81 5 10
53 82 1 3
53 83 0 2
53 84 0 2
53 85 3 8
53 86 3 12
53 87 4 9
53 88 6 11
53 89 1 5
53 90 0 2
53 91 1 3
53 92 0 2
53 93 1 3
53 94 3 8
53 95 0 2
53 96 1 3
53 97 6 12
53 98 2 6
53 99 5 10
53 100 1 4
54 1 1 3
54 2 1 3
54 3 1 3
54 4 1 3
54 5 1 3
54 6 0 2
54 7 1 3
54 8 2 5
54 9 1 3
54 10 1 5
54 11 1 3
54 12 1 3
54 13 1 3
54 14 1 3
54 15 0 2
54 16 1 4
54 17 1 3
54 18 1 3
54 19 1 3
54 20 0 2
54 21 0 2
54 22 0 2
54 23 0 2
54 24 1 3
54 25 0 2
54 26 0 2
54 27 1 3
54 28 0 2
54 29 1 3
54 30 0 2
54 31 0 2
54 32 1 3
54 33 0 3
54 34 0 2
54 35 0 2
54 36 0 2
54 37 0 2
54 38 0 2
54 39 0 3
54 40 0 2
54 41 0 2
54 42 1 3
54 43 1 3
54 44 0 2
54 45 0 2
54 46 0 3
54 47 1 3
54 48 0 2
54 49 0 3
54 50 0 2
54 51 0 2
54 52 0 2
54 53 0 3
54 54 1 3
54 55 1 3
54 56 1 3
54 57 0 3
54 58 1 4
54 59 1 3
54 60 0 2
54 61 1 3
54 62 0 2
54 63 0 2
54 64 0 2
54 65 0 2
54 66 0 2
54 67 0 2
54 68 1 3
54 69 0 2
54 70 0 2
54 71 0 3
54 72 3 9
54 73 2 5
54 74 7 11
54 75 0 2
54 76 0 2
54 77 0 2
54 78 0 5
54 79 6 13
54 80 1 9
54 81 1 9
54 82 3 6
54 83 5 11
54 84 4 12
54 85 1 3
54 86 1 3
54 87 2 7
54 88 5 11
54 89 4 8
54 90 5 11
54 91 5 8
54 92 3 7
54 93 0 2
54 94 0 2
54 95 0 2
54 96 5 13
54 97 0 2
54 98 1 3
54 99 0 14
54 100 1 7
55 1 1 3
55 2 1 3
55 3 1 3
55 4 1 3
55 5 1 3
55 6 0 2
55 7 1 3
55 8 2 5
55 9 1 3
55 10 1 5
55 11 1 3
55 12 1 3
55 13 1 3
55 14 1 3
55 15 0 2
55 16 1 4
55 17 1 3
55 18 1 3
55 19 1 3
55 20 0 2
55 21 0 2
55 22 0 2
55 23 0 2
55 24 1 3
55 25 0 2
55 26 0 2
55 27 1 3
55 28 0 2
55 29 1 3
55 30 0 2
55 31 1 3
55 32 0 2
55 33 0 2
55 34 0 3
55 35 0 2
55 36 0 2
55 37 1 3
55 38 0 2
55 39 0 2
55 40 1 3
55 41 0 2
55 42 1 4
55 43 1 3
55 44 0 2
55 45 0 2
55 46 1 3
55 47 0 2
55 48 0 3
55 49 0 3
55 50 1 3
55 51 0 2
55 52 1 3
55 53 1 3
55 54 1 3
55 55 0 3
55 56 1 3
55 57 1 3
55 58 0 3
55 59 1 3
55 60 0 2
55 61 0 2
55 62 0 2
55 63 1 3
55 64 0 2
55 65 1 3
55 66 1 3
55 67 0 3
55 68 1 3
55 69 1 3
55 70 1 3
55 71 1 3
55 72 7 11
55 73 0 2
55 74 0 3
55 75 1 8
55 76 4 10
55 77 1 9
55 78 3 5
55 79 5 8
55 80 4 11
55 81 1 3
55 82 1 3
55 83 1 3
55 84 7 11
55 85 0 2
55 86 0 2
55 87 0 1
55 88 0 2
55 89 2 10
55 90 5 8
55 91 6 14
55 92 4 8
55 93 1 3
55 94 3 10
55 95 3 10
55 96 4 9
55 97 7 13
55 98 4 12
55 99 5 12
55 100 5 11
56 1 3 6
56 2 1 4
56 3 1 3
56 4 1 3
56 5 1 3
56 6 1 3
56 7 1 3
56 8 0 2
56 9 1 3
56 10 2 5
56 11 1 3
56 12 1 5
56 13 1 3
56 14 1 3
56 15 1 3
56 16 1 3
56 17 0 2
56 18 1 4
56 19 1 3
56 20 1 3
56 21 1 3
56 22 0 2
56 23 0 2
56 24 0 2
56 25 0 2
56 26 1 3
56 27 0 2
56 28 0 2
56 29 1 3
56 30 0 2
56 31 1 3
56 32 0 2
56 33 0 3
56 34 1 3
56 35 0 2
56 36 1 3
56 37 0 2
56 38 1 3
56 39 0 2
56 40 0 2
56 41 0 2
56 42 1 3
56 43 0 2
56 44 1 3
56 45 1 3
56 46 0 3
56 47 0 2
56 48 0 2
56 49 1 3
56 50 0 2
56 51 1 3
56 52 0 2
56 53 0 2
56 54 0 2
56 55 0 2
56 56 0 2
56 57 1 3
56 58 0 2
56 59 1 3
56 60 1 3
56 61 1 3
56 62 0 2
56 63 1 3
56 64 1 3
56 65 0 2
56 66 0 2
56 67 1 3
56 68 3 9
56 69 3 7
56 70 4 13
56 71 2 8
56 72 5 12
56 73 7 10
56 74 4 8
56 75 1 3
56 76 2 6
56 77 1 3
56 78 4 9
56 79 0 2
56 80 0 2
56 81 3 8
56 82 8 13
56 83 5 10
56 84 1 9
56 85 1 3
56 86 5 9
56 87 5 8
56 88 7 13
56 89 3 8
56 90 0 2
56 91 0 2
56 92 0 2
56 93 0 2
56 94 1 12
56 95 2 11
56 96 3 11
56 97 3 11
56 98 0 6
56 99 3 10
56 100 5 12
57 1 1 3
57 2 1 3
57 3 1 3
57 4 1 3
57 5 1 3
57 6 0 2
57 7 1 3
57 8 2 5
57 9 1 3
57 10 1 5
57 11 1 3
57 12 1 3
57 13 1 3
57 14 1 3
57 15 0 2
57 16 1 4
57 17 1 3
57 18 1 3
57 19 1 3
57 20 0 2
57 21 0 2
57 22 0 2
57 23 0 2
57 24 1 3
57 25 0 2
57 26 0 2
57 27 1 3
57 28 0 2
57 29 1 3
57 30 1 3
57 31 0 2
57 32 0 2
57 33 1 3
57 34 0 2
57 35 1 3
57 36 0 3
57 37 1 3
57 38 1 3
57 39 0 2
57 40 0 2
57 41 1 3
57 42 0 2
57 43 1 3
57 44 5 13
57 45 1 3
57 46 0 2
57 47 0 2
57 48 1 4
57 49 0 2
57 50 0 2
57 51 1 3
57 52 2 5
57 53 0 2
57 54 0 2
57 55 0 2
57 56 2 5
57 57 1 3
57 58 4 7
57 59 1 3
57 60 0 2
57 61 1 3
57 62 0 2
57 63 0 2
57 64 0 2
57 65 0 2
57 66 0 2
57 67 1 3
57 68 1 3
57 69 1 3
57 70 1 3
57 71 0 3
57 72 0 2
57 73 7 14
57 74 5 10
57 75 1 3
57 76 6 10
57 77 3 6
57 78 1 4
57 79 2 4
57 80 3 12
57 81 1 3
57 82 1 3
57 83 3 8
57 84 3 8
57 85 2 6
57 86 1 3
57 87 0 2
57 88 4 13
57 89 2 5
57 90 1 3
57 91 4 13
57 92 4 9
57 93 0 2
57 94 0 2
57 95 0 2
57 96 0 2
57 97 0 2
57 98 1 3
57 99 0 2
57 100 2 8
58 1 0 2
58 2 4 10
58 3 2 3
58 4 2 5
58 5 3 12
58 6 1 3
58 7 1 3
58 8 1 3
58 9 1 3
58 10 1 3
58 11 0 2
58 12 1 3
58 13 2 5
58 14 1 3
58 15 1 5
58 16 1 3
58 17 1 3
58 18 1 3
58 19 1 3
58 20 0 2
58 21 1 4
58 22 1 3
58 23 1 3
58 24 1 3
58 25 0 2
58 26 0 2
58 27 0 2
58 28 0 2
58 29 1 3
58 30 0 2
58 31 0 2
58 32 1 3
58 33 0 2
58 34 1 3
58 35 1 3
58 36 1 3
58 37 4 12
58 38 0 2
58 39 0 2
58 40 0 2
58 41 1 3
58 42 0 2
58 43 0 2
58 44 1 3
58 45 0 2
58 46 1 3
58 47 0 2
58 48 0 2
58 49 1 3
58 50 0 2
58 51 0 2
58 52 0 2
58 53 0 2
58 54 1 3
58 55 0 2
58 56 0 2
58 57 0 2
58 58 1 3
58 59 1 3
58 60 0 2
58 61 0 2
58 62 1 3
58 63 1 3
58 64 0 2
58 65 1 3
58 66 0 2
58 67 1 3
58 68 0 3
58 69 1 3
58 70 8 13
58 71 6 12
58 72 4 10
58 73 2 4
58 74 4 9
58 75 3 12
58 76 2 7
58 77 4 8
58 78 1 3
58 79 3 11
58 80 3 10
58 81 3 7
58 82 5 9
58 83 2 8
58 84 5 13
58 85 1 8
58 86 0 2
58 87 0 2
58 88 0 2
58 89 0 2
58 90 0 1
58 91 0 2
58 92 0 2
58 93 8 13
58 94 1 11
58 95 1 3
58 96 1 3
58 97 0 2
58 98 1 11
58 99 5 14
58 100 4 11
59 1 1 3
59 2 1 3
59 3 1 3
59 4 1 3
59 5 1 3
59 6 0 2
59 7 1 3
59 8 2 5
59 9 1 3
59 10 1 5
59 11 1 3
59 12 1 3
59 13 1 3
59 14 1 3
59 15 0 2
59 16 1 4
59 17 1 3
59 18 1 3
59 19 1 3
59 20 0 2
59 21 0 2
59 22 0 2
59 23 0 2
59 24 1 3
59 25 0 2
59 26 0 2
59 27 0 2
59 28 0 2
59 29 1 3
59 30 0 2
59 31 1 3
59 32 0 2
59 33 1 3
59 34 0 2
59 35 0 2
59 36 0 2
59 37 0 2
59 38 0 2
59 39 0 2
59 40 0 2
59 41 1 3
59 42 0 2
59 43 1 3
59 44 0 2
59 45 1 3
59 46 0 2
59 47 3 5
59 48 1 3
59 49 0 2
59 50 1 3
59 51 0 2
59 52 0 2
59 53 0 2
59 54 0 2
59 55 0 2
59 56 1 3
59 57 1 3
59 58 1 3
59 59 1 3
59 60 1 3
59 61 0 2
59 62 0 2
59 63 1 3
59 64 1 3
59 65 1 3
59 66 4 10
59 67 1 3
59 68 1 3
59 69 2 3
59 70 2 3
59 71 2 9
59 72 3 7
59 73 4 10
59 74 0 2
59 75 0 2
59 76 0 2
59 77 0 2
59 78 5 10
59 79 3 12
59 80 11 14
59 81 2 5
59 82 2 5
59 83 4 12
59 84 3 10
59 85 2 4
59 86 1 3
59 87 1 3
59 88 1 3
59 89 5 11
59 90 3 8
59 91 8 10
59 92 0 1
59 93 0 1
59 94 0 2
59 95 3 10
59 96 3 9
59 97 3 10
59 98 4 7
59 99 6 11
59 100 2 7
60 1 1 3
60 2 1 3
60 3 1 3
60 4 1 3
60 5 1 3
60 6 0 2
60 7 1 3
60 8 2 5
60 9 1 3
60 10 1 5
60 11 1 3
60 12 1 3
60 13 1 3
60 14 1 3
60 15 0 2
60 16 1 4
60 17 1 3
60 18 1 3
60 19 1 3
60 20 0 2
60 21 0 2
60 22 0 2
60 23 0 2
60 24 1 3
60 25 0 2
60 26 0 2
60 27 0 2
60 28 0 2
60 29 1 3
60 30 0 2
60 31 0 2
60 32 0 2
60 33 0 2
60 34 1 3
60 35 0 2
60 36 1 3
60 37 0 2
60 38 1 3
60 39 1 3
60 40 0 2
60 41 0 2
60 42 1 3
60 43 0 2
60 44 0 2
60 45 0 2
60 46 1 3
60 47 1 3
60 48 0 2
60 49 2 5
60 50 0 2
60 51 0 2
60 52 0 2
60 53 0 2
60 54 1 3
60 55 1 3
60 56 1 3
60 57 1 3
60 58 1 3
60 59 0 2
60 60 1 3
60 61 0 2
60 62 0 2
60 63 0 2
60 64 0 2
60 65 0 2
60 66 0 2
60 67 0 2
60 68 8 11
60 69 0 2
60 70 0 2
60 71 0 2
60 72 5 12
60 73 5 11
60 74 1 3
60 75 1 11
60 76 6 13
60 77 4 11
60 78 6 9
60 79 3 5
60 80 6 12
60 81 6 12
60 82 3 10
60 83 6 9
60 84 2 5
60 85 1 4
60 86 1 4
60 87 3 8
60 88 1 2
60 89 0 2
60 90 0 2
60 91 0 2
60 92 4 8
60 93 2 7
60 94 1 8
60 95 5 7
60 96 1 3
60 97 0 2
60 98 2 5
60 99 0 2
60 100 4 7
61 1 1 3
61 2 1 3
61 3 1 3
61 4 1 3
61 5 1 3
61 6 0 2
61 7 1 3
61 8 2 5
61 9 1 3
61 10 1 5
61 11 1 3
61 12 1 3
61 13 1 3
61 14 1 3
61 15 0 2
61 16 1 4
61 17 1 3
61 18 1 3
61 19 1 3
61 20 0 2
61 21 0 2
61 22 0 2
61 23 0 2
61 24 1 3
61 25 0 2
61 26 0 2
61 27 0 2
61 28 0 2
61 29 1 3
61 30 0 2
61 31 0 2
61 32 0 2
61 33 0 2
61 34 0 2
61 35 5 9
61 36 0 2
61 37 0 2
61 38 0 2
61 39 0 2
61 40 0 2
61 41 0 2
61 42 0 2
61 43 1 3
61 44 1 3
61 45 0 2
61 46 1 3
61 47 0 2
61 48 1 3
61 49 1 3
61 50 0 2
61 51 0 2
61 52 0 2
61 53 5 12
61 54 0 2
61 55 1 4
61 56 0 2
61 57 7 12
61 58 0 2
61 59 0 2
61 60 1 3
61 61 1 3
61 62 1 3
61 63 1 3
61 64 0 2
61 65 0 2
61 66 0 2
61 67 0 2
61 68 0 2
61 69 1 3
61 70 0 2
61 71 1 3
61 72 0 2
61 73 0 2
61 74 1 11
61 75 4 9
61 76 5 10
61 77 2 5
61 78 1 6
61 79 7 13
61 80 1 4
61 81 1 3
61 82 1 3
61 83 1 2
61 84 2 11
61 85 1 3
61 86 1 3
61 87 3 8
61 88 5 9
61 89 1 12
61 90 0 2
61 91 0 2
61 92 0 2
61 93 0 2
61 94 4 9
61 95 2 4
61 96 0 1
61 97 2 7
61 98 1 9
61 99 0 2
61 100 0 2
62 1 3 12
62 2 0 9
62 3 1 3
62 4 1 3
62 5 1 3
62 6 1 3
62 7 1 3
62 8 0 2
62 9 1 3
62 10 2 5
62 11 1 3
62 12 1 5
62 13 1 3
62 14 1 3
62 15 1 3
62 16 1 3
62 17 0 2
62 18 1 4
62 19 1 3
62 20 1 3
62 21 1 3
62 22 0 2
62 23 0 2
62 24 0 2
62 25 0 2
62 26 1 3
62 27 0 2
62 28 0 2
62 29 0 2
62 30 0 2
62 31 1 3
62 32 0 2
62 33 1 3
62 34 0 2
62 35 0 2
62 36 0 2
62 37 0 2
62 38 0 2
62 39 0 2
62 40 0 2
62 41 0 2
62 42 1 3
62 43 1 3
62 44 1 3
62 45 0 3
62 46 1 3
62 47 0 2
62 48 1 3
62 49 0 2
62 50 1 3
62 51 0 2
62 52 0 2
62 53 0 2
62 54 0 2
62 55 1 3
62 56 0 2
62 57 1 3
62 58 0 2
62 59 1 3
62 60 0 2
62 61 1 3
62 62 0 2
62 63 0 2
62 64 5 11
62 65 1 10
62 66 1 2
62 67 4 9
62 68 2 8
62 69 1 3
62 70 0 2
62 71 0 2
62 72 5 13
62 73 3 5
62 74 6 8
62 75 4 11
62 76 0 2
62 77 0 2
62 78 3 11
62 79 0 1
62 80 0 2
62 81 0 2
62 82 0 2
62 83 3 14
62 84 0 2
62 85 5 9
62 86 2 13
62 87 0 2
62 88 0 2
62 89 1 2
62 90 2 7
62 91 3 12
62 92 7 14
62 93 1 5
62 94 5 9
62 95 5 12
62 96 5 12
62 97 6 13
62 98 3 10
62 99 5 13
62 100 2 7
63 1 1 11
63 2 2 8
63 3 1 3
63 4 1 3
63 5 1 3
63 6 1 3
63 7 1 3
63 8 0 2
63 9 1 3
63 10 2 5
63 11 1 3
63 12 1 5
63 13 1 3
63 14 1 3
63 15 1 3
63 16 1 3
63 17 0 2
63 18 1 4
63 19 1 3
63 20 1 3
63 21 1 3
63 22 0 2
63 23 0 2
63 24 0 2
63 25 0 2
63 26 1 3
63 27 0 2
63 28 0 2
63 29 0 2
63 30 0 2
63 31 0 2
63 32 1 3
63 33 0 2
63 34 1 3
63 35 0 2
63 36 0 2
63 37 0 2
63 38 0 2
63 39 0 2
63 40 1 3
63 41 0 2
63 42 1 3
63 43 1 3
63 44 0 2
63 45 0 2
63 46 0 2
63 47 1 3
63 48 1 3
63 49 1 3
63 50 1 3
63 51 0 2
63 52 1 3
63 53 0 2
63 54 1 3
63 55 1 3
63 56 1 3
63 57 1 3
63 58 0 2
63 59 1 3
63 60 1 3
63 61 0 2
63 62 1 3
63 63 0 9
63 64 2 7
63 65 5 12
63 66 4 8
63 67 1 3
63 68 3 9
63 69 6 14
63 70 8 10
63 71 4 9
63 72 1 3
63 73 4 11
63 74 0 2
63 75 0 2
63 76 0 2
63 77 3 12
63 78 5 12
63 79 3 4
63 80 7 11
63 81 5 13
63 82 8 11
63 83 0 1
63 84 0 1
63 85 0 2
63 86 0 2
63 87 0 2
63 88 0 2
63 89 0 2
63 90 0 1
63 91 0 2
63 92 4 12
63 93 2 8
63 94 4 9
63 95 4 10
63 96 8 11
63 97 5 15
63 98 5 12
63 99 5 13
63 100 4 11
64 1 2 11
64 2 1 11
64 3 2 5
64 4 1 3
64 5 1 3
64 6 1 3
64 7 1 3
64 8 1 3
64 9 0 2
64 10 1 3
64 11 2 5
64 12 1 3
64 13 1 5
64 14 1 3
64 15 1 3
64 16 1 3
64 17 1 3
64 18 0 2
64 19 1 4
64 20 1 3
64 21 1 3
64 22 1 3
64 23 0 2
64 24 0 2
64 25 0 2
64 26 0 2
64 27 1 3
64 28 0 2
64 29 0 2
64 30 0 2
64 31 0 2
64 32 0 2
64 33 1 3
64 34 1 3
64 35 0 2
64 36 0 2
64 37 0 2
64 38 1 3
64 39 0 2
64 40 1 3
64 41 1 3
64 42 1 3
64 43 0 2
64 44 0 2
64 45 0 2
64 46 1 3
64 47 1 3
64 48 0 2
64 49 0 2
64 50 0 2
64 51 1 3
64 52 0 2
64 53 0 2
64 54 0 2
64 55 1 3
64 56 1 3
64 57 0 2
64 58 0 2
64 59 1 3
64 60 1 3
64 61 0 2
64 62 1 3
64 63 1 3
64 64 1 3
64 65 0 2
64 66 0 2
64 67 1 6
64 68 1 3
64 69 1 3
64 70 3 11
64 71 5 13
64 72 3 7
64 73 1 3
64 74 3 8
64 75 3 7
64 76 5 10
64 77 2 8
64 78 5 13
64 79 6 11
64 80 2 7
64 81 1 12
64 82 0 2
64 83 0 2
64 84 0 2
64 85 0 1
64 86 0 1
64 87 0 2
64 88 0 2
64 89 3 5
64 90 0 5
64 91 1 3
64 92 0 2
64 93 7 11
64 94 2 5
64 95 2 5
64 96 5 8
64 97 4 10
64 98 6 8
64 99 4 13
64 100 4 10
65 1 1 11
65 2 2 11
65 3 1 3
65 4 1 3
65 5 1 3
65 6 1 3
65 7 1 3
65 8 0 2
65 9 1 3
65 10 2 5
65 11 1 3
65 12 1 5
65 13 1 3
65 14 1 3
65 15 1 3
65 16 1 3
65 17 0 2
65 18 1 4
65 19 1 3
65 20 1 3
65 21 1 3
65 22 0 2
65 23 0 2
65 24 0 2
65 25 0 2
65 26 1 3
65 27 0 2
65 28 0 2
65 29 0 2
65 30 0 2
65 31 1 3
65 32 1 3
65 33 0 2
65 34 0 2
65 35 1 3
65 36 1 3
65 37 0 2
65 38 1 3
65 39 0 2
65 40 1 3
65 41 0 2
65 42 1 3
65 43 0 2
65 44 0 2
65 45 2 6
65 46 0 2
65 47 0 2
65 48 1 3
65 49 0 2
65 50 0 2
65 51 0 3
65 52 1 3
65 53 1 3
65 54 1 3
65 55 1 4
65 56 0 2
65 57 1 3
65 58 0 2
65 59 0 2
65 60 0 2
65 61 0 3
65 62 1 3
65 63 4 7
65 64 6 11
65 65 6 9
65 66 1 9
65 67 4 10
65 68 5 14
65 69 4 13
65 70 6 13
65 71 5 11
65 72 3 12
65 73 5 8
65 74 2 7
65 75 5 15
65 76 2 5
65 77 4 11
65 78 6 14
65 79 3 11
65 80 1 3
65 81 1 3
65 82 1 3
65 83 6 13
65 84 0 1
65 85 0 1
65 86 0 2
65 87 1 5
65 88 0 1
65 89 0 2
65 90 0 2
65 91 0 2
65 92 0 1
65 93 0 3
65 94 0 2
65 95 1 3
65 96 0 2
65 97 3 11
65 98 4 11
65 99 0 2
65 100 0 2
66 1 1 3
66 2 1 3
66 3 1 3
66 4 1 3
66 5 1 3
66 6 0 2
66 7 1 3
66 8 2 5
66 9 1 3
66 10 1 5
66 11 1 3
66 12 1 3
66 13 1 3
66 14 1 3
66 15 0 2
66 16 1 4
66 17 1 3
66 18 1 3
66 19 1 3
66 20 0 2
66 21 0 2
66 22 0 2
66 23 0 2
66 24 1 3
66 25 0 2
66 26 0 2
66 27 0 2
66 28 0 2
66 29 0 2
66 30 1 3
66 31 0 2
66 32 0 2
66 33 1 3
66 34 0 3
66 35 0 2
66 36 0 2
66 37 1 3
66 38 1 3
66 39 0 2
66 40 0 2
66 41 0 2
66 42 1 3
66 43 0 2
66 44 0 2
66 45 1 3
66 46 0 2
66 47 0 2
66 48 1 3
66 49 1 3
66 50 1 3
66 51 0 2
66 52 0 2
66 53 0 2
66 54 0 2
66 55 1 3
66 56 0 2
66 57 0 2
66 58 1 4
66 59 0 2
66 60 0 2
66 61 1 4
66 62 1 3
66 63 0 4
66 64 1 3
66 65 0 2
66 66 0 2
66 67 1 3
66 68 2 12
66 69 1 11
66 70 6 10
66 71 2 5
66 72 2 7
66 73 2 11
66 74 1 7
66 75 1 3
66 76 4 9
66 77 4 10
66 78 3 8
66 79 2 6
66 80 5 8
66 81 3 12
66 82 1 3
66 83 1 3
66 84 0 2
66 85 0 2
66 86 1 3
66 87 0 1
66 88 0 1
66 89 1 3
66 90 0 2
66 91 0 1
66 92 0 1
66 93 0 1
66 94 0 2
66 95 0 2
66 96 3 12
66 97 0 2
66 98 1 8
66 99 4 11
66 100 0 2
67 1 1 3
67 2 1 3
67 3 1 3
67 4 1 3
67 5 1 3
67 6 0 2
67 7 1 3
67 8 2 5
67 9 1 3
67 10 1 5
67 11 1 3
67 12 1 3
67 13 1 3
67 14 1 3
67 15 0 2
67 16 1 4
67 17 1 3
67 18 1 3
67 19 1 3
67 20 0 2
67 21 0 2
67 22 0 2
67 23 0 2
67 24 1 3
67 25 0 2
67 26 0 2
67 27 0 2
67 28 0 2
67 29 0 2
67 30 1 3
67 31 1 3
67 32 0 2
67 33 0 2
67 34 0 2
67 35 1 3
67 36 0 2
67 37 1 3
67 38 0 2
67 39 1 4
67 40 1 3
67 41 0 2
67 42 1 3
67 43 0 2
67 44 1 3
67 45 0 2
67 46 1 3
67 47 0 2
67 48 0 2
67 49 0 2
67 50 0 2
67 51 0 2
67 52 0 2
67 53 0 2
67 54 1 3
67 55 0 2
67 56 1 3
67 57 1 3
67 58 1 3
67 59 0 2
67 60 0 2
67 61 0 2
67 62 1 4
67 63 0 2
67 64 1 3
67 65 1 3
67 66 0 2
67 67 1 3
67 68 0 2
67 69 1 3
67 70 0 2
67 71 0 2
67 72 7 10
67 73 3 12
67 74 5 10
67 75 1 6
67 76 4 13
67 77 3 5
67 78 3 10
67 79 5 13
67 80 5 10
67 81 5 12
67 82 2 5
67 83 1 3
67 84 0 4
67 85 9 11
67 86 0 1
67 87 0 2
67 88 0 2
67 89 0 2
67 90 0 2
67 91 4 10
67 92 5 10
67 93 4 7
67 94 1 3
67 95 1 3
67 96 0 2
67 97 0 2
67 98 2 5
67 99 4 9
67 100 6 10
68 1 1 3
68 2 1 3
68 3 1 3
68 4 1 3
68 5 1 3
68 6 0 2
68 7 1 3
68 8 2 5
68 9 1 3
68 10 1 5
68 11 1 3
68 12 1 3
68 13 1 3
68 14 1 3
68 15 0 2
68 16 1 4
68 17 1 3
68 18 1 3
68 19 1 3
68 20 0 2
68 21 0 2
68 22 0 2
68 23 0 2
68 24 1 3
68 25 0 2
68 26 0 2
68 27 0 2
68 28 0 2
68 29 0 2
68 30 1 3
68 31 0 2
68 32 1 3
68 33 0 2
68 34 0 2
68 35 0 2
68 36 0 2
68 37 0 2
68 38 1 3
68 39 0 2
68 40 0 2
68 41 3 12
68 42 0 2
68 43 0 2
68 44 1 3
68 45 0 2
68 46 1 3
68 47 0 2
68 48 0 2
68 49 0 2
68 50 1 3
68 51 0 2
68 52 0 2
68 53 0 2
68 54 1 3
68 55 1 3
68 56 0 2
68 57 1 3
68 58 0 2
68 59 1 3
68 60 0 2
68 61 0 2
68 62 1 3
68 63 1 3
68 64 1 3
68 65 0 2
68 66 0 2
68 67 1 3
68 68 1 3
68 69 1 3
68 70 0 2
68 71 0 2
68 72 5 12
68 73 4 13
68 74 2 11
68 75 1 3
68 76 3 7
68 77 6 13
68 78 5 12
68 79 5 10
68 80 1 3
68 81 5 12
68 82 1 3
68 83 1 3
68 84 5 8
68 85 10 11
68 86 6 11
68 87 0 2
68 88 0 1
68 89 0 2
68 90 1 4
68 91 1 11
68 92 0 5
68 93 4 11
68 94 1 3
68 95 0 2
68 96 0 2
68 97 1 3
68 98 6 12
68 99 0 2
68 100 0 2
69 1 1 3
69 2 1 3
69 3 1 3
69 4 1 3
69 5 1 3
69 6 0 2
69 7 1 3
69 8 2 5
69 9 1 3
69 10 1 5
69 11 1 3
69 12 1 3
69 13 1 3
69 14 1 3
69 15 0 2
69 16 1 4
69 17 1 3
69 18 1 3
69 19 1 3
69 20 0 2
69 21 0 2
69 22 0 2
69 23 0 2
69 24 1 3
69 25 0 2
69 26 0 2
69 27 0 2
69 28 0 2
69 29 0 2
69 30 1 3
69 31 0 2
69 32 1 3
69 33 1 3
69 34 0 2
69 35 1 3
69 36 0 2
69 37 0 2
69 38 0 2
69 39 1 3
69 40 0 2
69 41 0 2
69 42 0 2
69 43 1 3
69 44 0 2
69 45 1 3
69 46 0 2
69 47 1 3
69 48 0 2
69 49 0 3
69 50 0 2
69 51 0 2
69 52 0 2
69 53 1 3
69 54 0 2
69 55 1 3
69 56 1 3
69 57 0 2
69 58 0 2
69 59 0 2
69 60 0 2
69 61 0 2
69 62 2 6
69 63 1 12
69 64 1 4
69 65 2 7
69 66 1 6
69 67 0 3
69 68 1 3
69 69 1 3
69 70 1 3
69 71 1 3
69 72 1 3
69 73 3 13
69 74 8 12
69 75 3 11
69 76 2 10
69 77 5 9
69 78 3 10
69 79 9 13
69 80 3 10
69 81 2 8
69 82 4 9
69 83 3 11
69 84 1 3
69 85 3 5
69 86 0 2
69 87 0 2
69 88 3 10
69 89 2 9
69 90 1 7
69 91 3 10
69 92 1 7
69 93 0 2
69 94 1 5
69 95 6 11
69 96 4 6
69 97 6 11
69 98 5 10
69 99 4 11
69 100 1 7
70 1 1 3
70 2 1 3
70 3 1 3
70 4 1 3
70 5 1 3
70 6 0 2
70 7 1 3
70 8 2 5
70 9 1 3
70 10 1 5
70 11 1 3
70 12 1 3
70 13 1 3
70 14 1 3
70 15 0 2
70 16 1 4
70 17 1 3
70 18 1 3
70 19 1 3
70 20 0 2
70 21 0 2
70 22 0 2
70 23 0 2
70 24 1 3
70 25 0 2
70 26 0 2
70 27 0 2
70 28 0 2
70 29 0 2
70 30 1 3
70 31 1 3
70 32 0 3
70 33 1 3
70 34 0 2
70 35 1 3
70 36 1 3
70 37 0 2
70 38 0 2
70 39 1 3
70 40 0 2
70 41 0 2
70 42 0 2
70 43 0 2
70 44 1 3
70 45 0 2
70 46 1 3
70 47 0 2
70 48 1 3
70 49 1 3
70 50 1 3
70 51 0 2
70 52 0 2
70 53 0 2
70 54 0 2
70 55 1 3
70 56 1 3
70 57 1 3
70 58 1 3
70 59 0 2
70 60 0 2
70 61 1 3
70 62 0 2
70 63 0 2
70 64 0 2
70 65 1 3
70 66 0 2
70 67 0 2
70 68 1 4
70 69 0 2
70 70 0 2
70 71 1 3
70 72 1 3
70 73 0 2
70 74 1 3
70 75 2 4
70 76 6 10
70 77 9 13
70 78 5 11
70 79 5 9
70 80 5 12
70 81 1 5
70 82 4 10
70 83 2 4
70 84 5 8
70 85 1 3
70 86 5 10
70 87 4 8
70 88 1 3
70 89 3 10
70 90 2 4
70 91 4 10
70 92 0 2
70 93 6 12
70 94 0 3
70 95 0 2
70 96 1 3
70 97 0 2
70 98 1 4
70 99 3 8
70 100 5 15
71 1 1 3
71 2 1 3
71 3 1 3
71 4 1 3
71 5 1 3
71 6 0 2
71 7 1 3
71 8 2 5
71 9 1 3
71 10 1 5
71 11 1 3
71 12 1 3
71 13 1 3
71 14 1 3
71 15 0 2
71 16 1 4
71 17 1 3
71 18 1 3
71 19 1 3
71 20 0 2
71 21 0 2
71 22 0 2
71 23 0 2
71 24 1 3
71 25 0 2
71 26 0 2
71 27 0 2
71 28 0 2
71 29 0 2
71 30 1 3
71 31 7 10
71 32 0 2
71 33 0 2
71 34 0 2
71 35 0 2
71 36 0 2
71 37 1 3
71 38 0 2
71 39 0 2
71 40 1 3
71 41 1 3
71 42 0 2
71 43 1 3
71 44 1 3
71 45 1 3
71 46 0 2
71 47 1 3
71 48 1 3
71 49 1 3
71 50 2 5
71 51 0 2
71 52 2 5
71 53 0 2
71 54 0 2
71 55 0 2
71 56 0 2
71 57 0 2
71 58 1 3
71 59 1 3
71 60 0 2
71 61 0 2
71 62 1 3
71 63 1 3
71 64 0 3
71 65 0 2
71 66 0 2
71 67 0 2
71 68 0 2
71 69 0 2
71 70 1 3
71 71 5 13
71 72 3 9
71 73 5 10
71 74 2 8
71 75 3 8
71 76 6 13
71 77 3 7
71 78 1 2
71 79 1 3
71 80 1 3
71 81 2 4
71 82 1 3
71 83 1 3
71 84 4 8
71 85 5 12
71 86 5 13
71 87 4 11
71 88 4 10
71 89 0 2
71 90 0 2
71 91 0 2
71 92 0 2
71 93 3 14
71 94 0 3
71 95 0 2
71 96 1 9
71 97 0 2
71 98 0 2
71 99 5 12
71 100 1 3
72 1 1 3
72 2 1 3
72 3 1 3
72 4 1 3
72 5 1 3
72 6 0 2
72 7 1 3
72 8 2 5
72 9 1 3
72 10 1 5
72 11 1 3
72 12 1 3
72 13 1 3
72 14 1 3
72 15 0 2
72 16 1 4
72 17 1 3
72 18 1 3
72 19 1 3
72 20 0 2
72 21 0 2
72 22 0 2
72 23 0 2
72 24 1 3
72 25 0 2
72 26 0 2
72 27 0 2
72 28 0 2
72 29 0 2
72 30 1 3
72 31 1 3
72 32 0 2
72 33 0 2
72 34 0 2
72 35 0 2
72 36 0 2
72 37 0 2
72 38 1 3
72 39 0 2
72 40 0 2
72 41 0 2
72 42 2 9
72 43 0 2
72 44 0 2
72 45 1 3
72 46 0 2
72 47 1 5
72 48 0 2
72 49 1 3
72 50 0 2
72 51 1 3
72 52 0 2
72 53 1 3
72 54 0 2
72 55 1 3
72 56 0 2
72 57 0 2
72 58 0 2
72 59 0 2
72 60 0 2
72 61 1 3
72 62 0 2
72 63 0 2
72 64 1 3
72 65 1 3
72 66 0 2
72 67 0 2
72 68 0 2
72 69 3 12
72 70 1 2
72 71 1 2
72 72 1 3
72 73 2 7
72 74 5 11
72 75 5 10
72 76 6 12
72 77 0 3
72 78 1 3
72 79 5 10
72 80 1 3
72 81 8 14
72 82 0 2
72 83 0 2
72 84 0 2
72 85 0 2
72 86 0 2
72 87 1 8
72 88 2 9
72 89 0 3
72 90 7 12
72 91 10 14
72 92 4 9
72 93 0 2
72 94 0 2
72 95 10 15
72 96 2 8
72 97 2 5
72 98 7 15
72 99 5 14
72 100 8 12
73 1 3 13
73 2 5 9
73 3 1 3
73 4 1 3
73 5 1 3
73 6 1 3
73 7 1 3
73 8 0 2
73 9 1 3
73 10 2 5
73 11 1 3
73 12 1 5
73 13 1 3
73 14 1 3
73 15 1 3
73 16 1 3
73 17 0 2
73 18 1 4
73 19 1 3
73 20 1 3
73 21 1 3
73 22 0 2
73 23 0 2
73 24 0 2
73 25 0 2
73 26 1 3
73 27 0 2
73 28 0 2
73 29 0 2
73 30 0 2
73 31 0 2
73 32 1 3
73 33 1 3
73 34 1 3
73 35 0 2
73 36 1 3
73 37 0 2
73 38 1 3
73 39 1 4
73 40 1 3
73 41 1 3
73 42 0 2
73 43 0 2
73 44 1 3
73 45 0 2
73 46 1 3
73 47 0 2
73 48 0 2
73 49 0 2
73 50 0 2
73 51 0 2
73 52 1 3
73 53 0 2
73 54 0 2
73 55 1 3
73 56 0 2
73 57 0 2
73 58 1 3
73 59 0 2
73 60 0 2
73 61 0 2
73 62 0 2
73 63 0 2
73 64 0 2
73 65 0 2
73 66 1 5
73 67 3 12
73 68 1 3
73 69 1 3
73 70 1 3
73 71 2 11
73 72 7 13
73 73 1 3
73 74 7 12
73 75 5 12
73 76 1 3
73 77 1 3
73 78 1 3
73 79 2 7
73 80 5 14
73 81 2 7
73 82 7 12
73 83 1 6
73 84 0 2
73 85 0 2
73 86 0 1
73 87 0 2
73 88 0 2
73 89 1 9
73 90 1 7
73 91 0 11
73 92 1 3
73 93 0 2
73 94 1 7
73 95 2 9
73 96 2 5
73 97 4 10
73 98 1 7
73 99 6 14
73 100 5 10
74 1 5 12
74 2 1 3
74 3 1 3
74 4 1 3
74 5 1 3
74 6 1 3
74 7 0 2
74 8 1 3
74 9 2 5
74 10 1 3
74 11 1 5
74 12 1 3
74 13 1 3
74 14 1 3
74 15 1 3
74 16 0 2
74 17 1 4
74 18 1 3
74 19 1 3
74 20 1 3
74 21 0 2
74 22 0 2
74 23 0 2
74 24 0 2
74 25 1 3
74 26 0 2
74 27 0 2
74 28 0 2
74 29 0 2
74 30 0 2
74 31 1 3
74 32 1 3
74 33 0 2
74 34 0 2
74 35 1 3
74 36 0 2
74 37 0 2
74 38 1 3
74 39 1 3
74 40 0 2
74 41 0 2
74 42 0 2
74 43 0 2
74 44 0 2
74 45 1 3
74 46 1 3
74 47 0 2
74 48 0 2
74 49 1 3
74 50 0 2
74 51 0 4
74 52 1 3
74 53 0 2
74 54 1 3
74 55 1 3
74 56 0 2
74 57 1 3
74 58 1 3
74 59 0 2
74 60 1 3
74 61 1 3
74 62 0 2
74 63 0 2
74 64 0 2
74 65 0 3
74 66 1 3
74 67 2 8
74 68 4 13
74 69 4 8
74 70 3 13
74 71 6 9
74 72 4 9
74 73 1 3
74 74 1 3
74 75 3 5
74 76 5 9
74 77 1 4
74 78 1 6
74 79 3 10
74 80 3 9
74 81 5 9
74 82 1 3
74 83 1 3
74 84 1 3
74 85 1 3
74 86 2 9
74 87 1 3
74 88 1 8
74 89 3 6
74 90 5 8
74 91 8 12
74 92 0 2
74 93 1 3
74 94 0 2
74 95 0 2
74 96 4 10
74 97 0 2
74 98 0 2
74 99 2 10
74 100 3 10
75 1 1 3
75 2 1 3
75 3 1 3
75 4 1 3
75 5 1 3
75 6 0 2
75 7 1 3
75 8 2 5
75 9 1 3
75 10 1 5
75 11 1 3
75 12 1 3
75 13 1 3
75 14 1 3
75 15 0 2
75 16 1 4
75 17 1 3
75 18 1 3
75 19 1 3
75 20 0 2
75 21 0 2
75 22 0 2
75 23 0 2
75 24 1 3
75 25 0 2
75 26 0 2
75 27 0 2
75 28 0 2
75 29 0 2
75 30 1 3
75 31 1 3
75 32 0 2
75 33 0 2
75 34 0 2
75 35 0 2
75 36 0 2
75 37 1 3
75 38 0 2
75 39 0 2
75 40 1 3
75 41 1 3
75 42 0 2
75 43 1 3
75 44 0 2
75 45 0 3
75 46 0 2
75 47 0 2
75 48 0 2
75 49 0 2
75 50 1 3
75 51 1 3
75 52 1 3
75 53 0 2
75 54 1 3
75 55 1 3
75 56 1 3
75 57 0 2
75 58 0 2
75 59 0 2
75 60 1 3
75 61 1 3
75 62 1 3
75 63 0 2
75 64 1 5
75 65 1 3
75 66 0 2
75 67 0 2
75 68 0 2
75 69 3 13
75 70 1 3
75 71 1 3
75 72 3 9
75 73 4 10
75 74 1 3
75 75 1 2
75 76 1 3
75 77 5 12
75 78 3 13
75 79 2 11
75 80 1 7
75 81 1 3
75 82 2 5
75 83 4 10
75 84 2 10
75 85 2 7
75 86 0 1
75 87 0 2
75 88 0 2
75 89 4 11
75 90 0 2
75 91 6 12
75 92 1 5
75 93 1 5
75 94 2 5
75 95 1 3
75 96 4 11
75 97 4 14
75 98 4 8
75 99 2 9
75 100 2 9
76 1 1 3
76 2 1 3
76 3 1 3
76 4 1 3
76 5 1 3
76 6 0 2
76 7 1 3
76 8 2 5
76 9 1 3
76 10 1 5
76 11 1 3
76 12 1 3
76 13 1 3
76 14 1 3
76 15 0 2
76 16 1 4
76 17 1 3
76 18 1 3
76 19 1 3
76 20 0 2
76 21 0 2
76 22 0 2
76 23 0 2
76 24 1 3
76 25 0 2
76 26 0 2
76 27 0 2
76 28 0 2
76 29 0 2
76 30 1 3
76 31 0 2
76 32 1 3
76 33 1 3
76 34 1 3
76 35 0 2
76 36 0 2
76 37 0 2
76 38 0 2
76 39 0 2
76 40 0 3
76 41 1 3
76 42 0 2
76 43 1 3
76 44 0 2
76 45 1 3
76 46 1 3
76 47 0 2
76 48 0 2
76 49 1 3
76 50 1 3
76 51 1 3
76 52 1 3
76 53 0 2
76 54 0 2
76 55 1 3
76 56 1 3
76 57 0 2
76 58 1 3
76 59 0 6
76 60 0 2
76 61 0 2
76 62 0 2
76 63 0 2
76 64 1 3
76 65 1 3
76 66 0 2
76 67 0 2
76 68 0 2
76 69 0 2
76 70 1 3
76 71 2 12
76 72 7 15
76 73 3 13
76 74 3 8
76 75 4 9
76 76 1 3
76 77 7 13
76 78 3 12
76 79 7 11
76 80 1 4
76 81 1 3
76 82 1 3
76 83 1 3
76 84 1 7
76 85 1 4
76 86 4 10
76 87 1 2
76 88 6 12
76 89 3 9
76 90 0 2
76 91 0 2
76 92 3 12
76 93 0 3
76 94 2 4
76 95 0 2
76 96 0 2
76 97 4 10
76 98 3 11
76 99 1 3
76 100 2 7
77 1 1 3
77 2 1 3
77 3 1 3
77 4 1 3
77 5 1 3
77 6 0 2
77 7 1 3
77 8 2 5
77 9 1 3
77 10 1 5
77 11 1 3
77 12 1 3
77 13 1 3
77 14 1 3
77 15 0 2
77 16 1 4
77 17 1 3
77 18 1 3
77 19 1 3
77 20 0 2
77 21 0 2
77 22 0 2
77 23 0 2
77 24 1 3
77 25 0 2
77 26 0 2
77 27 0 2
77 28 0 2
77 29 0 2
77 30 1 3
77 31 1 3
77 32 0 2
77 33 2 5
77 34 1 3
77 35 1 3
77 36 1 3
77 37 0 2
77 38 0 2
77 39 0 3
77 40 0 2
77 41 0 2
77 42 0 2
77 43 0 2
77 44 0 2
77 45 1 3
77 46 0 2
77 47 1 3
77 48 0 2
77 49 0 2
77 50 1 3
77 51 1 3
77 52 0 2
77 53 1 3
77 54 1 3
77 55 1 3
77 56 0 2
77 57 0 2
77 58 0 2
77 59 1 3
77 60 0 2
77 61 0 2
77 62 0 2
77 63 0 2
77 64 1 3
77 65 1 3
77 66 0 2
77 67 1 3
77 68 0 2
77 69 0 2
77 70 0 2
77 71 0 2
77 72 0 2
77 73 1 4
77 74 5 12
77 75 1 3
77 76 4 12
77 77 2 4
77 78 5 12
77 79 5 12
77 80 2 5
77 81 4 7
77 82 10 9
77 83 1 3
77 84 0 3
77 85 6 13
77 86 3 7
77 87 2 7
77 88 1 8
77 89 0 2
77 90 0 1
77 91 0 2
77 92 0 2
77 93 5 12
77 94 0 2
77 95 6 11
77 96 2 9
77 97 3 7
77 98 0 2
77 99 1 4
77 100 1 6
78 1 1 5
78 2 1 3
78 3 1 3
78 4 1 3
78 5 1 3
78 6 1 3
78 7 0 2
78 8 1 3
78 9 2 5
78 10 1 3
78 11 1 5
78 12 1 3
78 13 1 3
78 14 1 3
78 15 1 3
78 16 0 2
78 17 1 4
78 18 1 3
78 19 1 3
78 20 1 3
78 21 0 2
78 22 0 2
78 23 0 2
78 24 0 2
78 25 1 3
78 26 0 2
78 27 0 2
78 28 0 2
78 29 0 2
78 30 0 2
78 31 1 3
78 32 0 2
78 33 1 3
78 34 1 3
78 35 0 2
78 36 0 2
78 37 0 2
78 38 0 2
78 39 0 2
78 40 0 2
78 41 0 2
78 42 0 2
78 43 0 2
78 44 1 3
78 45 1 3
78 46 0 2
78 47 0 2
78 48 0 2
78 49 1 4
78 50 1 3
78 51 1 3
78 52 0 2
78 53 1 3
78 54 2 5
78 55 0 2
78 56 0 2
78 57 1 3
78 58 1 3
78 59 2 4
78 60 0 2
78 61 0 2
78 62 0 2
78 63 0 2
78 64 0 2
78 65 1 4
78 66 1 3
78 67 1 3
78 68 1 3
78 69 0 2
78 70 2 5
78 71 2 9
78 72 2 9
78 73 5 11
78 74 5 15
78 75 1 3
78 76 1 10
78 77 4 8
78 78 2 5
78 79 3 12
78 80 5 9
78 81 5 10
78 82 12 11
78 83 3 10
78 84 3 11
78 85 0 2
78 86 0 2
78 87 0 2
78 88 0 1
78 89 0 6
78 90 4 11
78 91 3 8
78 92 3 10
78 93 0 4
78 94 5 13
78 95 0 2
78 96 0 2
78 97 1 2
78 98 0 2
78 99 2 5
78 100 3 9
79 1 1 5
79 2 1 3
79 3 1 3
79 4 1 3
79 5 1 3
79 6 1 3
79 7 0 2
79 8 1 3
79 9 2 5
79 10 1 3
79 11 1 5
79 12 1 3
79 13 1 3
79 14 1 3
79 15 1 3
79 16 0 2
79 17 1 4
79 18 1 3
79 19 1 3
79 20 1 3
79 21 0 2
79 22 0 2
79 23 0 2
79 24 0 2
79 25 1 3
79 26 0 2
79 27 0 2
79 28 0 2
79 29 0 2
79 30 0 2
79 31 1 3
79 32 0 2
79 33 1 5
79 34 0 2
79 35 1 3
79 36 1 3
79 37 0 2
79 38 0 2
79 39 1 3
79 40 0 2
79 41 1 3
79 42 0 2
79 43 0 2
79 44 1 3
79 45 0 2
79 46 0 2
79 47 1 3
79 48 1 3
79 49 1 3
79 50 1 3
79 51 0 2
79 52 0 2
79 53 0 2
79 54 1 3
79 55 0 2
79 56 0 2
79 57 1 3
79 58 1 3
79 59 1 3
79 60 0 2
79 61 0 2
79 62 2 5
79 63 0 2
79 64 0 2
79 65 1 3
79 66 1 7
79 67 5 12
79 68 5 12
79 69 5 15
79 70 5 11
79 71 6 11
79 72 1 5
79 73 6 12
79 74 5 8
79 75 1 3
79 76 7 12
79 77 2 5
79 78 3 9
79 79 1 9
79 80 5 10
79 81 7 12
79 82 1 7
79 83 2 7
79 84 4 12
79 85 4 10
79 86 6 13
79 87 4 10
79 88 2 8
79 89 0 2
79 90 0 2
79 91 0 2
79 92 0 2
79 93 0 5
79 94 1 9
79 95 7 11
79 96 0 4
79 97 2 4
79 98 1 4
79 99 1 3
79 100 3 12
80 1 6 11
80 2 5 7
80 3 1 3
80 4 1 3
80 5 1 3
80 6 1 3
80 7 1 3
80 8 0 2
80 9 1 3
80 10 2 5
80 11 1 3
80 12 1 5
80 13 1 3
80 14 1 3
80 15 1 3
80 16 1 3
80 17 0 2
80 18 1 4
80 19 1 3
80 20 1 3
80 21 1 3
80 22 0 2
80 23 0 2
80 24 0 2
80 25 0 2
80 26 1 3
80 27 0 2
80 28 0 2
80 29 0 2
80 30 0 2
80 31 0 2
80 32 0 2
80 33 0 2
80 34 0 2
80 35 1 3
80 36 0 2
80 37 0 2
80 38 1 3
80 39 0 2
80 40 0 2
80 41 0 2
80 42 0 2
80 43 0 2
80 44 1 3
80 45 1 5
80 46 0 2
80 47 0 2
80 48 0 2
80 49 1 3
80 50 1 3
80 51 0 2
80 52 1 3
80 53 0 2
80 54 1 3
80 55 0 2
80 56 1 3
80 57 0 2
80 58 1 3
80 59 1 3
80 60 0 2
80 61 0 2
80 62 0 2
80 63 1 3
80 64 0 2
80 65 0 2
80 66 0 2
80 67 0 3
80 68 1 3
80 69 1 3
80 70 1 5
80 71 5 10
80 72 5 9
80 73 2 5
80 74 4 12
80 75 1 5
80 76 9 9
80 77 4 15
80 78 1 3
80 79 4 10
80 80 1 3
80 81 5 9
80 82 4 8
80 83 4 11
80 84 3 13
80 85 6 12
80 86 6 13
80 87 5 9
80 88 1 2
80 89 1 3
80 90 1 3
80 91 1 3
80 92 1 3
80 93 0 2
80 94 0 2
80 95 0 2
80 96 0 2
80 97 0 2
80 98 5 12
80 99 1 10
80 100 3 12
81 1 5 7
81 2 5 13
81 3 2 12
81 4 1 3
81 5 1 2
81 6 3 10
81 7 6 11
81 8 4 13
81 9 1 5
81 10 1 3
81 11 1 3
81 12 1 3
81 13 1 3
81 14 1 3
81 15 0 2
81 16 1 3
81 17 2 5
81 18 1 3
81 19 1 5
81 20 1 3
81 21 1 3
81 22 1 3
81 23 1 3
81 24 0 2
81 25 1 4
81 26 1 3
81 27 1 3
81 28 1 3
81 29 0 2
81 30 0 2
81 31 0 2
81 32 0 2
81 33 1 3
81 34 0 2
81 35 0 2
81 36 0 2
81 37 0 2
81 38 0 2
81 39 0 2
81 40 0 2
81 41 0 2
81 42 0 2
81 43 0 2
81 44 1 5
81 45 1 3
81 46 1 3
81 47 0 2
81 48 0 2
81 49 1 3
81 50 0 2
81 51 0 2
81 52 0 2
81 53 0 2
81 54 1 3
81 55 0 2
81 56 1 3
81 57 0 2
81 58 0 3
81 59 0 2
81 60 1 3
81 61 1 3
81 62 1 3
81 63 1 3
81 64 0 2
81 65 0 2
81 66 1 3
81 67 1 3
81 68 0 2
81 69 0 2
81 70 1 3
81 71 0 2
81 72 0 2
81 73 1 3
81 74 3 7
81 75 5 9
81 76 5 7
81 77 5 12
81 78 3 12
81 79 2 5
81 80 5 9
81 81 4 11
81 82 3 6
81 83 3 4
81 84 4 9
81 85 3 8
81 86 1 5
81 87 1 3
81 88 5 11
81 89 6 10
81 90 3 10
81 91 4 7
81 92 0 2
81 93 0 2
81 94 0 2
81 95 4 11
81 96 0 2
81 97 1 3
81 98 6 11
81 99 0 2
81 100 3 12
82 1 1 3
82 2 1 2
82 3 1 2
82 4 1 3
82 5 1 3
82 6 6 12
82 7 5 11
82 8 1 3
82 9 2 12
82 10 2 8
82 11 4 10
82 12 5 13
82 13 5 7
82 14 3 9
82 15 5 14
82 16 2 5
82 17 6 11
82 18 1 3
82 19 1 3
82 20 1 3
82 21 1 3
82 22 1 3
82 23 0 2
82 24 1 3
82 25 2 5
82 26 1 3
82 27 1 5
82 28 1 3
82 29 1 3
82 30 1 3
82 31 1 3
82 32 0 2
82 33 1 4
82 34 1 3
82 35 1 3
82 36 1 3
82 37 0 2
82 38 0 2
82 39 0 2
82 40 1 3
82 41 0 2
82 42 0 2
82 43 0 2
82 44 0 2
82 45 0 2
82 46 0 2
82 47 1 3
82 48 0 2
82 49 0 2
82 50 1 3
82 51 0 2
82 52 1 3
82 53 1 3
82 54 1 3
82 55 0 2
82 56 1 3
82 57 0 2
82 58 0 2
82 59 0 2
82 60 1 3
82 61 1 3
82 62 1 4
82 63 1 5
82 64 1 3
82 65 0 2
82 66 0 2
82 67 0 2
82 68 0 2
82 69 0 2
82 70 1 3
82 71 0 2
82 72 0 3
82 73 0 2
82 74 1 3
82 75 1 3
82 76 0 2
82 77 1 3
82 78 1 5
82 79 3 10
82 80 1 3
82 81 1 3
82 82 1 4
82 83 7 12
82 84 4 10
82 85 3 11
82 86 4 13
82 87 2 8
82 88 0 2
82 89 2 4
82 90 2 9
82 91 0 11
82 92 0 3
82 93 1 10
82 94 0 2
82 95 3 13
82 96 2 10
82 97 3 7
82 98 3 12
82 99 9 13
82 100 3 5
83 1 2 5
83 2 1 3
83 3 1 3
83 4 1 3
83 5 1 3
83 6 1 3
83 7 0 2
83 8 1 3
83 9 2 5
83 10 1 3
83 11 1 5
83 12 1 3
83 13 1 3
83 14 1 3
83 15 0 2
83 16 1 3
83 17 0 2
83 18 0 2
83 19 0 2
83 20 0 2
83 21 1 3
83 22 1 3
83 23 1 3
83 24 0 2
83 25 0 2
83 26 0 2
83 27 1 3
83 28 0 2
83 29 1 3
83 30 0 2
83 31 3 6
83 32 0 2
83 33 0 2
83 34 1 3
83 35 0 2
83 36 1 3
83 37 1 3
83 38 1 3
83 39 1 3
83 40 4 8
83 41 0 2
83 42 0 2
83 43 1 3
83 44 0 3
83 45 0 2
83 46 0 2
83 47 1 3
83 48 2 5
83 49 0 2
83 50 0 2
83 51 5 7
83 52 0 3
83 53 3 4
83 54 2 5
83 55 2 12
83 56 5 12
83 57 6 11
83 58 3 11
83 59 2 12
83 60 3 9
83 61 8 13
83 62 1 5
83 63 4 10
83 64 1 3
83 65 1 2
83 66 1 2
83 67 1 3
83 68 1 3
83 69 1 4
83 70 1 2
83 71 1 3
83 72 1 2
83 73 1 2
83 74 5 14
83 75 3 5
83 76 2 8
83 77 5 13
83 78 8 9
83 79 1 3
83 80 1 3
83 81 5 10
83 82 4 10
83 83 6 12
83 84 6 9
83 85 5 11
83 86 1 3
83 87 2 9
83 88 3 10
83 89 4 10
83 90 3 7
83 91 0 2
83 92 0 2
83 93 0 2
83 94 0 2
83 95 1 3
83 96 0 2
83 97 7 13
83 98 1 3
83 99 2 6
83 100 7 9
84 1 1 3
84 2 1 3
84 3 1 3
84 4 1 3
84 5 1 3
84 6 0 2
84 7 1 3
84 8 2 5
84 9 1 3
84 10 1 5
84 11 1 3
84 12 1 3
84 13 1 3
84 14 0 2
84 15 1 3
84 16 0 2
84 17 0 2
84 18 0 2
84 19 0 2
84 20 1 3
84 21 1 3
84 22 1 3
84 23 0 2
84 24 0 2
84 25 0 2
84 26 1 3
84 27 0 2
84 28 1 3
84 29 0 2
84 30 0 2
84 31 0 2
84 32 1 3
84 33 0 2
84 34 0 3
84 35 0 2
84 36 0 2
84 37 1 3
84 38 1 3
84 39 0 3
84 40 0 2
84 41 0 2
84 42 1 3
84 43 0 2
84 44 1 3
84 45 0 2
84 46 1 3
84 47 0 2
84 48 0 2
84 49 1 3
84 50 0 2
84 51 1 3
84 52 0 3
84 53 0 2
84 54 0 2
84 55 1 3
84 56 0 2
84 57 0 2
84 58 1 3
84 59 0 2
84 60 5 11
84 61 2 5
84 62 4 12
84 63 2 11
84 64 4 9
84 65 7 13
84 66 3 5
84 67 9 12
84 68 2 6
84 69 5 13
84 70 1 3
84 71 1 3
84 72 1 3
84 73 1 2
84 74 1 2
84 75 1 3
84 76 1 3
84 77 1 3
84 78 1 3
84 79 1 3
84 80 1 3
84 81 1 3
84 82 4 8
84 83 5 10
84 84 5 6
84 85 7 12
84 86 5 10
84 87 0 2
84 88 0 2
84 89 0 2
84 90 0 1
84 91 0 2
84 92 0 2
84 93 2 10
84 94 1 9
84 95 1 3
84 96 2 5
84 97 1 3
84 98 2 4
84 99 4 11
84 100 4 12
85 1 1 7
85 2 4 12
85 3 1 3
85 4 1 3
85 5 1 3
85 6 1 3
85 7 1 3
85 8 0 2
85 9 1 3
85 10 2 5
85 11 1 3
85 12 1 5
85 13 1 3
85 14 1 3
85 15 1 3
85 16 0 2
85 17 1 3
85 18 0 2
85 19 0 2
85 20 0 2
85 21 0 2
85 22 1 3
85 23 1 3
85 24 1 3
85 25 0 2
85 26 0 2
85 27 0 2
85 28 1 3
85 29 0 2
85 30 1 3
85 31 0 2
85 32 0 2
85 33 0 2
85 34 0 2
85 35 0 3
85 36 0 2
85 37 0 4
85 38 0 2
85 39 0 2
85 40 1 3
85 41 1 3
85 42 0 2
85 43 0 2
85 44 1 3
85 45 0 2
85 46 0 2
85 47 0 2
85 48 0 2
85 49 0 2
85 50 0 3
85 51 1 3
85 52 0 2
85 53 0 2
85 54 1 3
85 55 0 2
85 56 1 3
85 57 0 2
85 58 0 2
85 59 0 2
85 60 0 3
85 61 0 3
85 62 0 2
85 63 1 3
85 64 0 2
85 65 1 5
85 66 3 9
85 67 2 5
85 68 1 3
85 69 1 3
85 70 2 10
85 71 3 10
85 72 5 6
85 73 2 4
85 74 4 8
85 75 1 3
85 76 1 3
85 77 1 2
85 78 6 9
85 79 3 7
85 80 4 9
85 81 0 2
85 82 0 2
85 83 0 2
85 84 0 2
85 85 0 1
85 86 0 2
85 87 0 1
85 88 0 2
85 89 1 3
85 90 2 8
85 91 0 9
85 92 0 10
85 93 2 4
85 94 1 3
85 95 1 9
85 96 1 11
85 97 2 5
85 98 4 12
85 99 2 9
85 100 4 8
86 1 1 3
86 2 1 3
86 3 1 3
86 4 1 3
86 5 1 3
86 6 0 2
86 7 1 3
86 8 2 5
86 9 1 3
86 10 1 5
86 11 1 3
86 12 1 3
86 13 1 3
86 14 0 2
86 15 1 3
86 16 0 2
86 17 0 2
86 18 0 2
86 19 0 2
86 20 1 3
86 21 1 3
86 22 1 3
86 23 0 2
86 24 0 2
86 25 0 2
86 26 1 3
86 27 0 2
86 28 1 3
86 29 1 3
86 30 0 2
86 31 1 4
86 32 0 2
86 33 0 2
86 34 1 3
86 35 0 3
86 36 1 3
86 37 7 11
86 38 0 2
86 39 1 3
86 40 0 2
86 41 0 2
86 42 1 3
86 43 0 2
86 44 0 2
86 45 0 2
86 46 1 3
86 47 0 2
86 48 0 2
86 49 1 3
86 50 0 2
86 51 1 3
86 52 0 2
86 53 0 3
86 54 1 3
86 55 0 2
86 56 1 3
86 57 4 7
86 58 0 2
86 59 0 2
86 60 1 3
86 61 1 3
86 62 1 3
86 63 1 3
86 64 0 2
86 65 3 11
86 66 4 12
86 67 4 12
86 68 6 11
86 69 3 8
86 70 1 7
86 71 3 9
86 72 2 8
86 73 4 7
86 74 1 3
86 75 1 2
86 76 1 3
86 77 9 11
86 78 1 5
86 79 1 3
86 80 1 3
86 81 8 12
86 82 0 1
86 83 0 2
86 84 4 13
86 85 0 2
86 86 0 1
86 87 0 2
86 88 0 2
86 89 0 1
86 90 0 2
86 91 0 2
86 92 0 2
86 93 0 6
86 94 1 9
86 95 1 4
86 96 1 8
86 97 1 3
86 98 0 1
86 99 1 10
86 100 5 13
87 1 4 11
87 2 1 3
87 3 1 3
87 4 1 3
87 5 1 3
87 6 1 3
87 7 0 2
87 8 1 3
87 9 2 5
87 10 1 3
87 11 1 5
87 12 1 3
87 13 1 3
87 14 1 3
87 15 0 2
87 16 1 3
87 17 0 2
87 18 0 2
87 19 0 2
87 20 0 2
87 21 1 3
87 22 1 3
87 23 1 3
87 24 0 2
87 25 0 2
87 26 0 2
87 27 1 3
87 28 0 2
87 29 1 3
87 30 1 3
87 31 0 2
87 32 1 3
87 33 0 2
87 34 0 2
87 35 1 3
87 36 1 3
87 37 1 3
87 38 1 3
87 39 0 2
87 40 1 3
87 41 0 2
87 42 0 2
87 43 1 3
87 44 1 3
87 45 1 3
87 46 0 2
87 47 0 2
87 48 0 2
87 49 1 3
87 50 0 2
87 51 0 2
87 52 0 2
87 53 0 2
87 54 1 3
87 55 0 2
87 56 0 2
87 57 1 3
87 58 0 2
87 59 1 3
87 60 0 2
87 61 1 3
87 62 1 3
87 63 0 2
87 64 1 3
87 65 1 3
87 66 0 2
87 67 0 2
87 68 1 3
87 69 1 11
87 70 6 9
87 71 6 9
87 72 4 8
87 73 6 12
87 74 2 5
87 75 1 3
87 76 1 3
87 77 1 3
87 78 1 3
87 79 1 3
87 80 1 3
87 81 6 11
87 82 5 13
87 83 3 6
87 84 0 2
87 85 1 3
87 86 0 1
87 87 0 1
87 88 0 1
87 89 0 1
87 90 0 2
87 91 1 3
87 92 0 2
87 93 0 1
87 94 0 3
87 95 1 6
87 96 1 10
87 97 0 1
87 98 0 2
87 99 6 12
87 100 6 13
88 1 1 3
88 2 1 3
88 3 1 3
88 4 1 3
88 5 1 3
88 6 0 2
88 7 1 3
88 8 2 5
88 9 1 3
88 10 1 5
88 11 1 3
88 12 1 3
88 13 1 3
88 14 0 2
88 15 1 3
88 16 0 2
88 17 0 2
88 18 0 2
88 19 0 2
88 20 1 3
88 21 1 3
88 22 1 3
88 23 0 2
88 24 0 2
88 25 0 2
88 26 1 3
88 27 0 2
88 28 1 3
88 29 1 3
88 30 1 3
88 31 1 3
88 32 1 3
88 33 1 3
88 34 1 3
88 35 0 2
88 36 0 2
88 37 0 2
88 38 0 2
88 39 0 2
88 40 0 2
88 41 0 2
88 42 1 3
88 43 0 2
88 44 1 3
88 45 0 2
88 46 1 4
88 47 1 3
88 48 1 3
88 49 0 2
88 50 0 2
88 51 1 3
88 52 1 3
88 53 1 3
88 54 0 2
88 55 1 3
88 56 0 2
88 57 1 3
88 58 0 2
88 59 0 2
88 60 0 2
88 61 0 2
88 62 0 2
88 63 2 12
88 64 4 11
88 65 3 11
88 66 4 11
88 67 1 2
88 68 1 3
88 69 1 3
88 70 3 7
88 71 5 9
88 72 4 7
88 73 6 12
88 74 1 3
88 75 3 6
88 76 1 7
88 77 4 12
88 78 6 14
88 79 0 1
88 80 0 1
88 81 0 2
88 82 0 2
88 83 0 1
88 84 0 1
88 85 0 2
88 86 1 3
88 87 6 11
88 88 0 2
88 89 0 4
88 90 1 7
88 91 0 2
88 92 1 3
88 93 1 3
88 94 1 4
88 95 3 9
88 96 4 11
88 97 8 14
88 98 4 10
88 99 6 11
88 100 1 7
89 1 1 3
89 2 1 3
89 3 1 3
89 4 1 3
89 5 1 3
89 6 0 2
89 7 1 3
89 8 2 5
89 9 1 3
89 10 1 5
89 11 1 3
89 12 1 3
89 13 1 3
89 14 0 2
89 15 1 3
89 16 0 2
89 17 0 2
89 18 0 2
89 19 0 2
89 20 1 3
89 21 1 3
89 22 1 3
89 23 0 2
89 24 0 2
89 25 0 2
89 26 1 3
89 27 0 2
89 28 1 3
89 29 1 3
89 30 1 3
89 31 1 3
89 32 0 2
89 33 1 3
89 34 0 2
89 35 1 3
89 36 1 3
89 37 1 3
89 38 0 2
89 39 1 3
89 40 1 3
89 41 1 3
89 42 1 3
89 43 0 2
89 44 0 2
89 45 1 3
89 46 0 2
89 47 1 3
89 48 3 7
89 49 0 2
89 50 0 2
89 51 1 3
89 52 0 2
89 53 0 2
89 54 1 3
89 55 0 2
89 56 0 2
89 57 1 3
89 58 1 3
89 59 0 2
89 60 0 2
89 61 1 3
89 62 0 2
89 63 1 3
89 64 0 2
89 65 1 3
89 66 0 2
89 67 0 2
89 68 0 2
89 69 1 3
89 70 2 6
89 71 4 13
89 72 1 6
89 73 1 3
89 74 1 3
89 75 8 14
89 76 2 11
89 77 2 4
89 78 1 7
89 79 1 6
89 80 5 11
89 81 2 6
89 82 3 9
89 83 3 7
89 84 0 1
89 85 0 1
89 86 0 2
89 87 0 2
89 88 1 3
89 89 0 1
89 90 0 12
89 91 0 3
89 92 0 4
89 93 0 2
89 94 0 2
89 95 1 12
89 96 5 10
89 97 6 9
89 98 6 12
89 99 1 8
89 100 6 12
90 1 1 3
90 2 1 3
90 3 1 3
90 4 1 3
90 5 1 3
90 6 0 2
90 7 1 3
90 8 2 5
90 9 1 3
90 10 1 5
90 11 1 3
90 12 1 3
90 13 1 3
90 14 0 2
90 15 1 3
90 16 0 2
90 17 0 2
90 18 0 2
90 19 0 2
90 20 1 3
90 21 1 3
90 22 1 3
90 23 0 2
90 24 0 2
90 25 0 2
90 26 1 3
90 27 0 2
90 28 1 3
90 29 1 3
90 30 1 3
90 31 0 2
90 32 1 3
90 33 0 2
90 34 0 2
90 35 1 3
90 36 1 4
90 37 1 3
90 38 1 3
90 39 1 3
90 40 0 2
90 41 1 3
90 42 1 3
90 43 0 2
90 44 1 3
90 45 0 2
90 46 1 3
90 47 0 2
90 48 0 2
90 49 0 2
90 50 0 2
90 51 0 2
90 52 0 2
90 53 0 2
90 54 0 2
90 55 0 2
90 56 0 2
90 57 1 3
90 58 0 2
90 59 0 2
90 60 1 3
90 61 0 2
90 62 0 2
90 63 3 9
90 64 4 9
90 65 4 12
90 66 4 6
90 67 1 3
90 68 5 11
90 69 8 12
90 70 1 3
90 71 1 2
90 72 7 10
90 73 2 8
90 74 1 3
90 75 1 3
90 76 1 3
90 77 4 14
90 78 4 14
90 79 3 8
90 80 6 11
90 81 8 14
90 82 5 12
90 83 6 11
90 84 5 11
90 85 0 3
90 86 0 2
90 87 0 1
90 88 0 1
90 89 0 1
90 90 0 1
90 91 0 2
90 92 1 4
90 93 3 9
90 94 1 3
90 95 1 9
90 96 4 12
90 97 3 10
90 98 1 3
90 99 1 3
90 100 1 7
91 1 3 10
91 2 8 11
91 3 3 12
91 4 4 9
91 5 1 3
91 6 5 14
91 7 1 3
91 8 1 3
91 9 1 3
91 10 1 3
91 11 1 3
91 12 0 2
91 13 1 3
91 14 2 5
91 15 1 3
91 16 1 5
91 17 1 3
91 18 1 3
91 19 1 3
91 20 0 2
91 21 1 3
91 22 0 2
91 23 0 2
91 24 0 2
91 25 0 2
91 26 1 3
91 27 1 3
91 28 1 3
91 29 0 2
91 30 0 2
91 31 0 2
91 32 1 3
91 33 0 2
91 34 1 3
91 35 1 3
91 36 1 3
91 37 1 3
91 38 0 2
91 39 1 3
91 40 1 3
91 41 0 2
91 42 0 2
91 43 0 2
91 44 1 3
91 45 1 3
91 46 1 3
91 47 0 2
91 48 0 2
91 49 0 2
91 50 1 3
91 51 0 2
91 52 1 3
91 53 1 3
91 54 1 3
91 55 1 3
91 56 0 2
91 57 1 3
91 58 3 9
91 59 0 2
91 60 1 3
91 61 1 3
91 62 0 2
91 63 0 2
91 64 0 2
91 65 0 2
91 66 1 3
91 67 0 2
91 68 1 3
91 69 4 11
91 70 0 2
91 71 1 3
91 72 1 3
91 73 1 8
91 74 1 3
91 75 1 3
91 76 4 9
91 77 8 12
91 78 2 5
91 79 0 1
91 80 0 2
91 81 0 1
91 82 0 1
91 83 0 2
91 84 6 8
91 85 1 3
91 86 1 6
91 87 5 14
91 88 9 11
91 89 3 6
91 90 5 11
91 91 0 3
91 92 0 3
91 93 6 11
91 94 4 10
91 95 1 8
91 96 1 3
91 97 3 13
91 98 4 11
91 99 1 5
91 100 4 12
92 1 0 3
92 2 3 10
92 3 3 10
92 4 1 3
92 5 1 3
92 6 1 3
92 7 1 3
92 8 1 3
92 9 0 2
92 10 1 3
92 11 2 5
92 12 1 3
92 13 1 5
92 14 1 3
92 15 1 3
92 16 1 3
92 17 0 2
92 18 1 3
92 19 0 2
92 20 0 2
92 21 0 2
92 22 0 2
92 23 1 3
92 24 1 3
92 25 1 3
92 26 0 2
92 27 0 2
92 28 1 3
92 29 1 3
92 30 1 3
92 31 1 3
92 32 0 2
92 33 1 3
92 34 0 2
92 35 0 2
92 36 0 2
92 37 0 2
92 38 0 2
92 39 1 3
92 40 0 2
92 41 0 2
92 42 1 3
92 43 0 2
92 44 1 3
92 45 0 2
92 46 1 3
92 47 0 2
92 48 0 2
92 49 0 2
92 50 1 3
92 51 0 2
92 52 0 2
92 53 1 3
92 54 0 2
92 55 0 2
92 56 1 3
92 57 1 3
92 58 1 3
92 59 1 3
92 60 1 3
92 61 1 3
92 62 2 11
92 63 3 12
92 64 2 5
92 65 1 3
92 66 1 3
92 67 1 3
92 68 1 3
92 69 1 3
92 70 1 3
92 71 6 10
92 72 4 9
92 73 4 11
92 74 8 11
92 75 3 7
92 76 5 10
92 77 5 14
92 78 1 7
92 79 0 2
92 80 0 1
92 81 0 1
92 82 0 2
92 83 0 2
92 84 0 1
92 85 0 2
92 86 0 2
92 87 0 2
92 88 3 10
92 89 4 9
92 90 3 7
92 91 1 9
92 92 1 4
92 93 0 1
92 94 0 2
92 95 1 3
92 96 1 5
92 97 4 13
92 98 4 12
92 99 0 9
92 100 6 10
93 1 3 10
93 2 1 3
93 3 1 3
93 4 1 3
93 5 1 3
93 6 1 3
93 7 0 2
93 8 1 3
93 9 2 5
93 10 1 3
93 11 1 5
93 12 1 3
93 13 1 3
93 14 1 3
93 15 0 2
93 16 1 3
93 17 0 2
93 18 0 2
93 19 0 2
93 20 0 2
93 21 1 3
93 22 1 3
93 23 1 3
93 24 0 2
93 25 0 2
93 26 1 3
93 27 1 3
93 28 1 3
93 29 1 3
93 30 1 3
93 31 0 2
93 32 1 3
93 33 1 3
93 34 1 3
93 35 1 4
93 36 1 3
93 37 0 2
93 38 1 3
93 39 1 3
93 40 0 2
93 41 1 3
93 42 0 2
93 43 1 3
93 44 1 3
93 45 1 3
93 46 0 2
93 47 0 2
93 48 1 3
93 49 0 2
93 50 1 3
93 51 0 2
93 52 0 2
93 53 1 3
93 54 0 2
93 55 1 3
93 56 1 3
93 57 1 3
93 58 1 3
93 59 0 2
93 60 0 2
93 61 1 3
93 62 0 2
93 63 1 3
93 64 1 3
93 65 0 3
93 66 0 7
93 67 2 11
93 68 0 8
93 69 2 5
93 70 7 13
93 71 7 14
93 72 3 10
93 73 11 12
93 74 4 8
93 75 1 6
93 76 2 5
93 77 1 3
93 78 1 3
93 79 1 3
93 80 1 3
93 81 1 3
93 82 1 3
93 83 5 8
93 84 4 8
93 85 3 7
93 86 10 13
93 87 0 1
93 88 0 2
93 89 0 1
93 90 0 2
93 91 0 2
93 92 0 2
93 93 7 11
93 94 1 3
93 95 1 3
93 96 0 2
93 97 0 2
93 98 1 3
93 99 3 9
93 100 10 12
94 1 5 11
94 2 3 10
94 3 1 3
94 4 1 3
94 5 1 3
94 6 1 3
94 7 1 3
94 8 0 2
94 9 1 3
94 10 2 5
94 11 1 3
94 12 1 5
94 13 1 3
94 14 1 3
94 15 1 3
94 16 0 2
94 17 1 3
94 18 0 2
94 19 0 2
94 20 0 2
94 21 0 2
94 22 1 3
94 23 1 3
94 24 1 3
94 25 0 2
94 26 0 2
94 27 1 3
94 28 1 3
94 29 1 3
94 30 1 3
94 31 1 3
94 32 0 2
94 33 1 3
94 34 0 2
94 35 0 2
94 36 0 2
94 37 0 2
94 38 0 2
94 39 1 3
94 40 1 3
94 41 1 3
94 42 1 3
94 43 0 3
94 44 0 2
94 45 1 3
94 46 0 2
94 47 0 2
94 48 0 2
94 49 1 5
94 50 1 3
94 51 1 3
94 52 1 3
94 53 0 2
94 54 0 2
94 55 1 3
94 56 1 3
94 57 1 3
94 58 0 2
94 59 1 3
94 60 1 3
94 61 1 3
94 62 0 2
94 63 4 6
94 64 2 9
94 65 1 4
94 66 0 3
94 67 1 7
94 68 1 3
94 69 1 3
94 70 1 3
94 71 2 7
94 72 1 3
94 73 1 3
94 74 7 11
94 75 5 11
94 76 1 8
94 77 4 11
94 78 1 3
94 79 2 7
94 80 1 5
94 81 4 10
94 82 8 12
94 83 8 12
94 84 0 2
94 85 4 10
94 86 1 3
94 87 1 4
94 88 1 3
94 89 1 3
94 90 4 9
94 91 0 3
94 92 1 3
94 93 1 3
94 94 0 2
94 95 0 2
94 96 1 3
94 97 0 2
94 98 2 5
94 99 2 9
94 100 4 10
95 1 0 3
95 2 2 6
95 3 6 14
95 4 3 10
95 5 1 3
95 6 1 3
95 7 1 3
95 8 1 3
95 9 1 3
95 10 0 2
95 11 1 3
95 12 2 5
95 13 1 3
95 14 1 5
95 15 1 3
95 16 1 3
95 17 1 3
95 18 0 2
95 19 1 3
95 20 0 2
95 21 0 2
95 22 0 2
95 23 0 2
95 24 1 3
95 25 1 3
95 26 1 3
95 27 0 2
95 28 0 2
95 29 1 3
95 30 1 3
95 31 1 3
95 32 1 3
95 33 1 3
95 34 0 2
95 35 1 3
95 36 0 2
95 37 0 2
95 38 1 3
95 39 1 3
95 40 1 5
95 41 0 2
95 42 0 3
95 43 1 3
95 44 1 3
95 45 0 2
95 46 0 2
95 47 0 2
95 48 0 2
95 49 0 2
95 50 0 2
95 51 1 3
95 52 1 3
95 53 0 2
95 54 1 3
95 55 0 2
95 56 1 3
95 57 1 3
95 58 1 3
95 59 1 3
95 60 1 3
95 61 1 3
95 62 1 3
95 63 2 5
95 64 2 4
95 65 1 4
95 66 5 10
95 67 5 13
95 68 2 9
95 69 1 11
95 70 1 5
95 71 3 10
95 72 3 8
95 73 1 3
95 74 1 3
95 75 1 3
95 76 1 3
95 77 4 9
95 78 1 3
95 79 5 9
95 80 0 2
95 81 5 11
95 82 1 3
95 83 6 10
95 84 1 5
95 85 4 6
95 86 1 7
95 87 4 11
95 88 0 2
95 89 6 11
95 90 2 5
95 91 3 9
95 92 3 10
95 93 1 3
95 94 1 3
95 95 1 4
95 96 5 11
95 97 1 3
95 98 1 3
95 99 8 15
95 100 2 11
96 1 5 6
96 2 1 3
96 3 1 4
96 4 1 3
96 5 1 3
96 6 1 3
96 7 1 3
96 8 1 3
96 9 0 2
96 10 1 3
96 11 2 5
96 12 1 3
96 13 1 5
96 14 1 3
96 15 1 3
96 16 1 3
96 17 0 2
96 18 1 3
96 19 0 2
96 20 0 2
96 21 0 2
96 22 0 2
96 23 1 3
96 24 1 3
96 25 1 3
96 26 0 2
96 27 0 2
96 28 1 3
96 29 1 3
96 30 1 3
96 31 1 3
96 32 1 3
96 33 0 2
96 34 0 2
96 35 1 3
96 36 0 2
96 37 0 2
96 38 0 2
96 39 1 3
96 40 1 3
96 41 1 3
96 42 1 3
96 43 0 2
96 44 4 13
96 45 0 2
96 46 1 3
96 47 0 2
96 48 0 2
96 49 1 3
96 50 0 2
96 51 1 3
96 52 1 3
96 53 1 3
96 54 0 2
96 55 0 2
96 56 0 2
96 57 0 2
96 58 0 2
96 59 0 2
96 60 1 3
96 61 0 2
96 62 1 3
96 63 0 2
96 64 0 2
96 65 3 10
96 66 2 6
96 67 2 4
96 68 5 14
96 69 0 3
96 70 1 3
96 71 1 3
96 72 1 3
96 73 6 14
96 74 5 15
96 75 5 8
96 76 1 12
96 77 2 6
96 78 1 3
96 79 5 9
96 80 1 3
96 81 7 14
96 82 3 10
96 83 6 14
96 84 7 11
96 85 1 3
96 86 3 8
96 87 5 13
96 88 3 7
96 89 1 7
96 90 0 2
96 91 0 1
96 92 5 11
96 93 2 9
96 94 1 11
96 95 1 7
96 96 0 5
96 97 1 3
96 98 0 2
96 99 2 4
96 100 4 11
97 1 1 3
97 2 1 4
97 3 1 6
97 4 5 6
97 5 5 7
97 6 1 3
97 7 1 3
97 8 4 8
97 9 1 3
97 10 1 3
97 11 1 3
97 12 1 3
97 13 1 3
97 14 0 2
97 15 1 3
97 16 2 5
97 17 1 3
97 18 1 5
97 19 1 3
97 20 1 3
97 21 1 3
97 22 0 2
97 23 1 3
97 24 0 2
97 25 0 2
97 26 0 2
97 27 0 2
97 28 1 3
97 29 1 3
97 30 1 3
97 31 0 2
97 32 0 2
97 33 1 3
97 34 1 3
97 35 1 3
97 36 3 5
97 37 1 3
97 38 0 2
97 39 1 3
97 40 0 2
97 41 0 2
97 42 0 2
97 43 0 2
97 44 0 2
97 45 0 2
97 46 0 2
97 47 0 2
97 48 0 2
97 49 0 2
97 50 1 3
97 51 0 2
97 52 1 3
97 53 1 3
97 54 1 3
97 55 0 2
97 56 0 2
97 57 1 3
97 58 1 3
97 59 1 3
97 60 0 2
97 61 1 3
97 62 1 3
97 63 1 3
97 64 0 2
97 65 0 2
97 66 0 2
97 67 0 2
97 68 1 3
97 69 0 2
97 70 0 2
97 71 1 3
97 72 1 3
97 73 0 6
97 74 0 2
97 75 3 8
97 76 3 9
97 77 3 9
97 78 2 13
97 79 4 10
97 80 5 11
97 81 3 7
97 82 4 11
97 83 0 2
97 84 1 3
97 85 4 10
97 86 6 13
97 87 2 9
97 88 1 3
97 89 5 10
97 90 0 1
97 91 1 3
97 92 0 2
97 93 1 6
97 94 2 8
97 95 0 2
97 96 0 2
97 97 3 11
97 98 5 11
97 99 4 11
97 100 2 11
98 1 1 3
98 2 1 3
98 3 1 3
98 4 1 3
98 5 1 3
98 6 0 2
98 7 1 3
98 8 2 5
98 9 1 3
98 10 1 5
98 11 1 3
98 12 1 3
98 13 1 3
98 14 0 2
98 15 1 3
98 16 0 2
98 17 0 2
98 18 0 2
98 19 0 2
98 20 1 3
98 21 1 3
98 22 1 3
98 23 0 2
98 24 1 3
98 25 0 2
98 26 1 3
98 27 0 2
98 28 0 2
98 29 1 3
98 30 1 3
98 31 0 2
98 32 1 3
98 33 0 2
98 34 0 2
98 35 1 3
98 36 0 2
98 37 0 2
98 38 0 2
98 39 0 2
98 40 0 2
98 41 1 3
98 42 0 2
98 43 0 2
98 44 0 2
98 45 0 2
98 46 0 2
98 47 4 8
98 48 0 2
98 49 1 3
98 50 0 2
98 51 0 2
98 52 1 3
98 53 0 2
98 54 0 2
98 55 5 12
98 56 0 2
98 57 0 2
98 58 0 2
98 59 2 11
98 60 3 13
98 61 4 13
98 62 4 5
98 63 4 10
98 64 5 7
98 65 4 10
98 66 4 12
98 67 1 3
98 68 3 8
98 69 1 3
98 70 5 6
98 71 4 12
98 72 1 4
98 73 1 6
98 74 2 4
98 75 1 3
98 76 1 3
98 77 1 3
98 78 7 11
98 79 1 3
98 80 1 3
98 81 1 3
98 82 1 3
98 83 1 3
98 84 1 3
98 85 4 8
98 86 1 3
98 87 4 8
98 88 2 6
98 89 4 12
98 90 1 3
98 91 4 14
98 92 0 2
98 93 1 3
98 94 2 4
98 95 1 3
98 96 7 10
98 97 0 3
98 98 2 11
98 99 4 11
98 100 6 14
99 1 1 11
99 2 1 3
99 3 1 3
99 4 1 3
99 5 1 3
99 6 1 3
99 7 1 3
99 8 1 3
99 9 2 11
99 10 7 12
99 11 6 12
99 12 3 9
99 13 4 11
99 14 1 3
99 15 1 3
99 16 16 14
99 17 4 7
99 18 5 11
99 19 3 13
99 20 3 7
99 21 1 3
99 22 1 3
99 23 1 3
99 24 1 3
99 25 1 3
99 26 0 2
99 27 1 3
99 28 2 5
99 29 1 3
99 30 1 5
99 31 1 3
99 32 1 3
99 33 1 3
99 34 0 2
99 35 1 3
99 36 0 2
99 37 0 2
99 38 0 2
99 39 0 2
99 40 1 3
99 41 1 3
99 42 1 3
99 43 0 2
99 44 1 3
99 45 0 2
99 46 1 3
99 47 0 2
99 48 0 2
99 49 1 3
99 50 1 3
99 51 1 3
99 52 1 3
99 53 0 2
99 54 1 3
99 55 1 3
99 56 0 2
99 57 0 2
99 58 0 2
99 59 0 2
99 60 0 2
99 61 0 2
99 62 0 2
99 63 0 2
99 64 1 3
99 65 1 3
99 66 0 2
99 67 0 2
99 68 0 2
99 69 0 2
99 70 0 2
99 71 0 2
99 72 0 2
99 73 0 2
99 74 1 3
99 75 0 2
99 76 0 2
99 77 3 8
99 78 1 3
99 79 1 3
99 80 4 8
99 81 2 15
99 82 5 13
99 83 7 9
99 84 6 12
99 85 2 10
99 86 4 11
99 87 2 11
99 88 0 1
99 89 2 4
99 90 1 3
99 91 2 5
99 92 5 8
99 93 3 11
99 94 1 3
99 95 1 5
99 96 1 11
99 97 1 14
99 98 4 8
99 99 7 14
99 100 0 3
