1 1 7 13
1 2 6 13
1 3 3 11
1 4 5 10
1 5 4 11
1 6 7 15
1 7 2 9
1 8 5 12
1 9 5 9
1 10 3 12
1 11 7 12
1 12 4 8
1 13 4 13
1 14 7 15
1 15 4 11
1 16 3 11
1 17 2 12
1 18 2 10
1 19 2 10
1 20 3 10
1 21 4 11
1 22 2 7
1 23 1 9
1 24 4 8
1 25 4 12
1 26 6 10
1 27 4 11
1 28 5 11
1 29 6 10
1 30 2 8
1 31 5 13
1 32 5 7
1 33 3 10
1 34 6 12
1 35 4 14
1 36 2 12
1 37 9 12
1 38 5 14
1 39 6 10
1 40 5 11
1 41 2 9
1 42 4 8
1 43 1 6
1 44 5 11
1 45 3 13
1 46 7 13
1 47 2 8
1 48 5 14
1 49 6 13
1 50 7 12
1 51 6 10
1 52 2 11
1 53 6 10
1 54 7 12
1 55 5 13
1 56 7 14
1 57 12 13
1 58 6 12
1 59 5 11
1 60 5 13
1 61 6 14
1 62 3 12
1 63 3 8
1 64 2 11
1 65 7 14
1 66 6 13
1 67 9 13
1 68 5 14
1 69 5 11
1 70 5 13
1 71 7 12
1 72 5 14
1 73 5 13
1 74 4 10
1 75 3 7
1 76 7 14
1 77 2 9
1 78 4 13
1 79 5 14
1 80 6 14
1 81 6 11
1 82 7 13
1 83 5 11
1 84 3 12
1 85 6 13
1 86 6 13
1 87 7 14
1 88 2 11
1 89 8 11
1 90 7 14
1 91 3 13
1 92 4 11
1 93 9 14
1 94 5 14
1 95 5 13
1 96 5 11
1 97 4 12
1 98 4 12
1 99 6 12
1 100 3 14
2 1 0 1
2 2 6 13
2 3 7 13
2 4 5 12
2 5 4 11
2 6 4 12
2 7 1 8
2 8 2 12
2 9 4 13
2 10 7 15
2 11 7 15
2 12 6 12
2 13 5 9
2 14 4 11
2 15 2 9
2 16 4 12
2 17 5 10
2 18 7 12
2 19 12 14
2 20 3 11
2 21 3 11
2 22 3 12
2 23 4 11
2 24 3 11
2 25 2 10
2 26 3 11
2 27 2 10
2 28 6 13
2 29 4 13
2 30 4 11
2 31 4 8
2 32 7 12
2 33 2 7
2 34 3 10
2 35 7 14
2 36 3 12
2 37 7 12
2 38 4 8
2 39 3 10
2 40 6 14
2 41 5 13
2 42 5 11
2 43 4 10
2 44 4 12
2 45 6 10
2 46 6 14
2 47 1 12
2 48 5 10
2 49 4 11
2 50 4 14
2 51 4 12
2 52 1 9
2 53 5 13
2 54 6 10
2 55 3 12
2 56 2 8
2 57 7 15
2 58 5 9
2 59 5 13
2 60 2 8
2 61 3 11
2 62 2 11
2 63 4 14
2 64 5 14
2 65 5 11
2 66 6 12
2 67 6 11
2 68 5 10
2 69 4 12
2 70 3 14
2 71 5 11
2 72 1 9
2 73 6 11
2 74 8 14
2 75 5 15
2 76 8 14
2 77 6 14
2 78 5 12
2 79 4 13
2 80 15 14
2 81 5 12
2 82 2 9
2 83 2 14
2 84 8 12
2 85 9 14
2 86 5 14
2 87 8 15
2 88 4 10
2 89 5 11
2 90 5 14
2 91 7 10
2 92 10 14
2 93 6 14
2 94 4 10
2 95 4 12
2 96 6 13
2 97 2 10
2 98 3 13
2 99 2 8
2 100 2 6
3 1 1 8
3 2 2 9
3 3 0 1
3 4 0 1
3 5 0 3
3 6 7 13
3 7 0 2
3 8 6 13
3 9 4 14
3 10 4 8
3 11 7 14
3 12 7 15
3 13 1 11
3 14 3 12
3 15 2 12
3 16 6 13
3 17 5 9
3 18 5 10
3 19 2 10
3 20 4 12
3 21 4 13
3 22 5 13
3 23 7 12
3 24 6 9
3 25 6 14
3 26 2 12
3 27 4 11
3 28 4 11
3 29 4 11
3 30 8 12
3 31 12 14
3 32 5 9
3 33 5 12
3 34 4 8
3 35 4 13
3 36 4 10
3 37 5 13
3 38 4 13
3 39 7 15
3 40 3 11
3 41 3 11
3 42 4 12
3 43 4 13
3 44 7 14
3 45 4 11
3 46 3 12
3 47 4 11
3 48 4 11
3 49 7 14
3 50 4 11
3 51 5 15
3 52 4 13
3 53 7 13
3 54 5 12
3 55 2 10
3 56 6 12
3 57 6 12
3 58 6 13
3 59 3 11
3 60 3 11
3 61 3 11
3 62 4 14
3 63 6 14
3 64 6 14
3 65 5 12
3 66 5 13
3 67 2 7
3 68 3 14
3 69 5 13
3 70 5 13
3 71 3 11
3 72 4 10
3 73 7 13
3 74 6 12
3 75 4 12
3 76 5 10
3 77 4 10
3 78 3 7
3 79 8 13
3 80 6 12
3 81 5 9
3 82 3 8
3 83 3 13
3 84 6 13
3 85 7 14
3 86 5 10
3 87 3 12
3 88 4 11
3 89 8 15
3 90 3 12
3 91 4 11
3 92 5 14
3 93 6 14
3 94 5 14
3 95 4 12
3 96 6 14
3 97 5 10
3 98 5 11
3 99 4 12
3 100 2 8
4 1 4 12
4 2 4 14
4 3 5 11
4 4 5 10
4 5 5 9
4 6 3 12
4 7 10 12
4 8 4 13
4 9 6 13
4 10 5 13
4 11 6 14
4 12 3 8
4 13 5 11
4 14 6 14
4 15 0 1
4 16 0 1
4 17 0 3
4 18 0 1
4 19 0 3
4 20 0 1
4 21 5 11
4 22 1 5
4 23 7 12
4 24 0 2
4 25 3 14
4 26 2 10
4 27 4 8
4 28 4 8
4 29 3 9
4 30 6 13
4 31 2 12
4 32 3 12
4 33 2 7
4 34 1 8
4 35 7 13
4 36 4 9
4 37 7 14
4 38 6 13
4 39 6 9
4 40 7 15
4 41 5 14
4 42 6 12
4 43 4 11
4 44 3 11
4 45 1 11
4 46 4 11
4 47 7 14
4 48 5 11
4 49 4 13
4 50 4 11
4 51 6 10
4 52 2 12
4 53 4 11
4 54 2 9
4 55 4 12
4 56 2 10
4 57 5 15
4 58 7 12
4 59 2 10
4 60 4 13
4 61 4 13
4 62 4 9
4 63 8 12
4 64 5 14
4 65 8 14
4 66 3 9
4 67 7 13
4 68 7 13
4 69 3 13
4 70 2 4
4 71 5 10
4 72 5 13
4 73 2 11
4 74 3 13
4 75 6 12
4 76 6 11
4 77 7 11
4 78 4 10
4 79 6 14
4 80 2 8
4 81 10 12
4 82 6 13
4 83 6 14
4 84 4 12
4 85 3 9
4 86 8 14
4 87 4 13
4 88 5 10
4 89 5 13
4 90 6 13
4 91 3 7
4 92 6 15
4 93 6 12
4 94 6 10
4 95 4 14
4 96 5 11
4 97 10 15
4 98 6 9
4 99 6 8
4 100 0 1
5 1 5 10
5 2 4 10
5 3 4 13
5 4 10 12
5 5 6 13
5 6 2 11
5 7 3 9
5 8 5 13
5 9 6 13
5 10 0 1
5 11 0 1
5 12 0 3
5 13 0 1
5 14 0 3
5 15 0 1
5 16 0 1
5 17 0 1
5 18 0 1
5 19 0 1
5 20 0 1
5 21 0 1
5 22 6 14
5 23 2 10
5 24 4 8
5 25 4 9
5 26 5 11
5 27 1 5
5 28 4 12
5 29 2 10
5 30 7 14
5 31 4 9
5 32 0 2
5 33 5 10
5 34 4 14
5 35 6 14
5 36 7 13
5 37 3 12
5 38 3 14
5 39 3 13
5 40 2 7
5 41 5 9
5 42 7 12
5 43 5 11
5 44 6 13
5 45 8 14
5 46 5 10
5 47 5 11
5 48 2 4
5 49 4 9
5 50 3 8
5 51 5 11
5 52 9 14
5 53 6 15
5 54 1 5
5 55 8 14
5 56 4 10
5 57 5 14
5 58 3 12
5 59 0 3
5 60 8 12
5 61 8 11
5 62 4 8
5 63 8 14
5 64 3 13
5 65 4 10
5 66 3 10
5 67 5 10
5 68 5 12
5 69 4 15
5 70 5 13
5 71 4 13
5 72 6 11
5 73 4 11
5 74 4 10
5 75 4 11
5 76 5 14
5 77 9 13
5 78 4 10
5 79 7 12
5 80 4 6
5 81 6 15
5 82 8 11
5 83 6 13
5 84 2 12
5 85 7 12
5 86 6 14
5 87 4 12
5 88 6 10
5 89 7 15
5 90 8 12
5 91 5 12
5 92 2 10
5 93 4 11
5 94 4 10
5 95 9 15
5 96 4 9
5 97 5 13
5 98 2 7
5 99 2 12
5 100 0 1
6 1 5 10
6 2 4 8
6 3 0 1
6 4 0 1
6 5 0 3
6 6 0 1
6 7 0 3
6 8 0 1
6 9 0 1
6 10 0 1
6 11 0 1
6 12 0 1
6 13 0 1
6 14 0 1
6 15 0 1
6 16 0 1
6 17 0 1
6 18 0 1
6 19 0 1
6 20 0 1
6 21 0 1
6 22 0 1
6 23 0 1
6 24 0 1
6 25 0 1
6 26 1 3
6 27 0 1
6 28 0 1
6 29 0 1
6 30 4 13
6 31 3 11
6 32 4 10
6 33 4 14
6 34 4 9
6 35 2 10
6 36 5 11
6 37 4 10
6 38 3 13
6 39 2 11
6 40 5 14
6 41 6 13
6 42 6 14
6 43 5 13
6 44 6 14
6 45 4 13
6 46 6 13
6 47 1 5
6 48 3 9
6 49 10 12
6 50 2 10
6 51 3 6
6 52 7 14
6 53 4 13
6 54 5 9
6 55 2 10
6 56 5 13
6 57 2 11
6 58 4 11
6 59 4 9
6 60 4 12
6 61 2 12
6 62 1 5
6 63 7 14
6 64 4 13
6 65 3 13
6 66 6 11
6 67 1 12
6 68 4 12
6 69 4 12
6 70 5 14
6 71 6 12
6 72 10 12
6 73 2 11
6 74 6 13
6 75 6 14
6 76 3 9
6 77 3 11
6 78 12 15
6 79 6 13
6 80 3 9
6 81 3 11
6 82 4 9
6 83 4 13
6 84 5 11
6 85 4 12
6 86 4 12
6 87 6 11
6 88 6 13
6 89 6 15
6 90 9 13
6 91 7 15
6 92 3 11
6 93 4 14
6 94 5 11
6 95 9 15
6 96 3 11
6 97 0 3
6 98 1 7
6 99 0 1
6 100 0 1
7 1 3 13
7 2 4 13
7 3 0 1
7 4 0 1
7 5 0 3
7 6 0 1
7 7 0 3
7 8 0 1
7 9 0 1
7 10 0 1
7 11 0 1
7 12 0 1
7 13 0 1
7 14 0 1
7 15 0 1
7 16 0 1
7 17 0 1
7 18 0 1
7 19 0 1
7 20 0 1
7 21 0 1
7 22 0 1
7 23 0 1
7 24 0 1
7 25 0 1
7 26 1 3
7 27 0 1
7 28 0 1
7 29 0 1
7 30 0 1
7 31 0 1
7 32 0 1
7 33 0 1
7 34 0 1
7 35 0 1
7 36 0 1
7 37 0 1
7 38 0 1
7 39 0 1
7 40 1 3
7 41 0 1
7 42 0 1
7 43 0 1
7 44 0 1
7 45 0 1
7 46 0 1
7 47 0 1
7 48 0 3
7 49 0 1
7 50 0 1
7 51 0 1
7 52 0 1
7 53 0 1
7 54 0 1
7 55 0 1
7 56 0 1
7 57 0 1
7 58 0 1
7 59 1 3
7 60 0 1
7 61 0 1
7 62 0 1
7 63 4 8
7 64 4 10
7 65 5 10
7 66 7 13
7 67 4 9
7 68 2 13
7 69 0 2
7 70 0 11
7 71 5 13
7 72 6 12
7 73 2 13
7 74 5 12
7 75 4 9
7 76 6 12
7 77 4 13
7 78 3 9
7 79 10 12
7 80 7 13
7 81 6 13
7 82 3 9
7 83 3 9
7 84 3 9
7 85 10 10
7 86 8 13
7 87 3 12
7 88 5 13
7 89 4 12
7 90 4 13
7 91 6 12
7 92 5 11
7 93 4 14
7 94 1 4
7 95 5 14
7 96 6 15
7 97 0 7
7 98 3 10
7 99 0 1
7 100 0 1
8 1 3 11
8 2 0 1
8 3 0 1
8 4 0 3
8 5 0 1
8 6 0 3
8 7 0 1
8 8 0 1
8 9 0 1
8 10 0 1
8 11 0 1
8 12 0 1
8 13 0 1
8 14 0 1
8 15 0 1
8 16 0 1
8 17 0 1
8 18 0 1
8 19 0 1
8 20 0 1
8 21 0 1
8 22 0 1
8 23 0 1
8 24 0 1
8 25 1 3
8 26 0 1
8 27 0 1
8 28 0 1
8 29 0 1
8 30 0 1
8 31 0 1
8 32 0 1
8 33 0 1
8 34 0 1
8 35 0 1
8 36 0 1
8 37 0 1
8 38 0 1
8 39 0 1
8 40 0 1
8 41 0 1
8 42 0 1
8 43 0 3
8 44 0 1
8 45 0 1
8 46 0 2
8 47 0 1
8 48 0 1
8 49 0 1
8 50 0 1
8 51 0 1
8 52 0 1
8 53 0 1
8 54 0 1
8 55 0 1
8 56 0 1
8 57 0 1
8 58 0 1
8 59 1 4
8 60 0 1
8 61 0 1
8 62 0 1
8 63 0 1
8 64 0 1
8 65 0 1
8 66 0 1
8 67 0 1
8 68 0 1
8 69 0 1
8 70 0 1
8 71 0 1
8 72 0 1
8 73 3 13
8 74 3 15
8 75 6 14
8 76 4 13
8 77 4 10
8 78 4 13
8 79 5 14
8 80 4 14
8 81 5 12
8 82 8 14
8 83 6 13
8 84 8 12
8 85 5 11
8 86 3 12
8 87 4 8
8 88 13 14
8 89 3 7
8 90 6 15
8 91 8 15
8 92 7 10
8 93 2 13
8 94 6 11
8 95 5 10
8 96 6 13
8 97 3 14
8 98 0 1
8 99 0 1
8 100 5 10
9 1 3 11
9 2 0 1
9 3 0 1
9 4 0 3
9 5 0 1
9 6 0 3
9 7 0 1
9 8 0 1
9 9 0 1
9 10 0 1
9 11 0 1
9 12 0 1
9 13 0 1
9 14 0 1
9 15 0 1
9 16 0 1
9 17 0 1
9 18 0 1
9 19 0 1
9 20 0 1
9 21 0 1
9 22 0 1
9 23 0 1
9 24 0 1
9 25 1 3
9 26 0 1
9 27 0 1
9 28 0 1
9 29 0 1
9 30 0 1
9 31 0 1
9 32 0 1
9 33 0 1
9 34 0 1
9 35 3 15
9 36 0 1
9 37 0 1
9 38 0 1
9 39 0 1
9 40 0 1
9 41 0 1
9 42 0 1
9 43 0 1
9 44 0 1
9 45 0 1
9 46 0 1
9 47 0 1
9 48 0 1
9 49 0 1
9 50 0 1
9 51 0 1
9 52 0 1
9 53 0 1
9 54 0 1
9 55 0 1
9 56 0 1
9 57 0 1
9 58 0 1
9 59 0 1
9 60 0 1
9 61 0 1
9 62 0 1
9 63 0 1
9 64 0 1
9 65 0 1
9 66 0 1
9 67 0 1
9 68 0 1
9 69 0 1
9 70 0 1
9 71 0 1
9 72 0 1
9 73 0 1
9 74 0 1
9 75 0 1
9 76 0 1
9 77 0 1
9 78 0 1
9 79 0 1
9 80 0 1
9 81 0 1
9 82 0 1
9 83 0 1
9 84 0 1
9 85 0 1
9 86 0 1
9 87 3 12
9 88 6 15
9 89 6 14
9 90 6 12
9 91 8 11
9 92 13 15
9 93 3 14
9 94 6 11
9 95 5 10
9 96 14 14
9 97 5 12
9 98 3 9
9 99 0 1
9 100 0 1
10 1 3 11
10 2 0 1
10 3 0 1
10 4 0 3
10 5 0 1
10 6 0 3
10 7 0 1
10 8 0 1
10 9 0 1
10 10 0 1
10 11 0 1
10 12 0 1
10 13 0 1
10 14 0 1
10 15 0 1
10 16 0 1
10 17 0 1
10 18 0 1
10 19 0 1
10 20 0 1
10 21 0 1
10 22 0 1
10 23 0 1
10 24 0 1
10 25 1 3
10 26 0 1
10 27 0 1
10 28 0 1
10 29 0 1
10 30 0 1
10 31 0 1
10 32 0 1
10 33 0 1
10 34 0 1
10 35 0 1
10 36 0 1
10 37 0 1
10 38 0 1
10 39 0 1
10 40 0 1
10 41 0 1
10 42 0 1
10 43 0 1
10 44 0 1
10 45 0 1
10 46 0 1
10 47 0 1
10 48 0 1
10 49 0 1
10 50 0 1
10 51 0 1
10 52 0 1
10 53 4 8
10 54 0 1
10 55 0 1
10 56 0 1
10 57 0 1
10 58 0 1
10 59 0 1
10 60 0 1
10 61 0 1
10 62 0 1
10 63 0 1
10 64 0 1
10 65 0 1
10 66 0 1
10 67 0 1
10 68 0 1
10 69 0 1
10 70 0 1
10 71 0 1
10 72 0 1
10 73 0 1
10 74 0 1
10 75 0 1
10 76 0 1
10 77 0 1
10 78 0 1
10 79 0 1
10 80 0 1
10 81 0 1
10 82 0 1
10 83 8 12
10 84 4 8
10 85 4 12
10 86 9 12
10 87 2 13
10 88 3 8
10 89 5 11
10 90 2 6
10 91 2 10
10 92 3 13
10 93 5 14
10 94 7 14
10 95 4 11
10 96 7 13
10 97 3 10
10 98 4 11
10 99 0 1
10 100 0 1
11 1 3 11
11 2 5 13
11 3 3 11
11 4 0 1
11 5 0 1
11 6 0 3
11 7 0 1
11 8 0 3
11 9 0 1
11 10 0 1
11 11 0 1
11 12 0 1
11 13 0 1
11 14 0 1
11 15 0 1
11 16 0 1
11 17 0 1
11 18 0 1
11 19 0 1
11 20 0 1
11 21 0 1
11 22 0 1
11 23 0 1
11 24 0 1
11 25 0 1
11 26 0 1
11 27 1 3
11 28 0 1
11 29 0 1
11 30 0 1
11 31 0 1
11 32 0 1
11 33 0 1
11 34 0 1
11 35 0 1
11 36 0 1
11 37 0 1
11 38 0 1
11 39 0 1
11 40 0 1
11 41 0 1
11 42 0 1
11 43 0 1
11 44 0 1
11 45 0 1
11 46 0 1
11 47 0 1
11 48 0 1
11 49 0 1
11 50 0 1
11 51 0 1
11 52 0 1
11 53 0 1
11 54 0 1
11 55 0 1
11 56 0 1
11 57 0 1
11 58 0 1
11 59 0 1
11 60 0 1
11 61 0 1
11 62 0 1
11 63 0 1
11 64 0 1
11 65 0 1
11 66 0 1
11 67 0 1
11 68 0 1
11 69 0 1
11 70 0 1
11 71 0 2
11 72 0 1
11 73 0 1
11 74 0 1
11 75 0 1
11 76 0 1
11 77 0 1
11 78 0 1
11 79 0 1
11 80 0 1
11 81 0 1
11 82 0 1
11 83 0 1
11 84 0 1
11 85 0 1
11 86 3 14
11 87 3 9
11 88 5 10
11 89 4 11
11 90 3 10
11 91 4 11
11 92 6 13
11 93 6 13
11 94 2 5
11 95 4 14
11 96 4 13
11 97 3 9
11 98 3 8
11 99 0 1
11 100 0 1
12 1 3 11
12 2 3 12
12 3 1 10
12 4 0 1
12 5 0 1
12 6 0 3
12 7 0 1
12 8 0 3
12 9 0 1
12 10 0 1
12 11 0 1
12 12 0 1
12 13 0 1
12 14 0 1
12 15 0 1
12 16 0 1
12 17 0 1
12 18 0 1
12 19 0 1
12 20 0 1
12 21 0 1
12 22 0 1
12 23 0 1
12 24 0 1
12 25 0 1
12 26 0 1
12 27 1 3
12 28 0 1
12 29 0 1
12 30 0 1
12 31 0 1
12 32 0 1
12 33 0 1
12 34 0 1
12 35 0 1
12 36 0 1
12 37 0 1
12 38 0 1
12 39 0 1
12 40 0 1
12 41 0 1
12 42 0 1
12 43 0 1
12 44 0 1
12 45 0 1
12 46 0 1
12 47 0 1
12 48 0 1
12 49 0 1
12 50 0 1
12 51 0 1
12 52 0 1
12 53 0 1
12 54 0 1
12 55 0 1
12 56 0 1
12 57 0 1
12 58 0 1
12 59 0 1
12 60 0 1
12 61 0 1
12 62 0 1
12 63 0 1
12 64 0 1
12 65 0 1
12 66 0 1
12 67 0 1
12 68 0 1
12 69 0 1
12 70 0 1
12 71 0 1
12 72 0 1
12 73 0 1
12 74 0 1
12 75 0 1
12 76 0 1
12 77 0 1
12 78 0 1
12 79 0 1
12 80 0 1
12 81 3 11
12 82 4 8
12 83 5 11
12 84 12 12
12 85 3 8
12 86 5 13
12 87 6 14
12 88 5 13
12 89 5 10
12 90 7 13
12 91 2 12
12 92 9 14
12 93 5 14
12 94 5 14
12 95 5 13
12 96 8 14
12 97 6 15
12 98 3 7
12 99 0 1
12 100 0 1
13 1 3 11
13 2 0 1
13 3 0 1
13 4 0 3
13 5 0 1
13 6 0 3
13 7 0 1
13 8 0 1
13 9 0 1
13 10 0 1
13 11 0 1
13 12 0 1
13 13 0 1
13 14 0 1
13 15 0 1
13 16 0 1
13 17 0 1
13 18 0 1
13 19 0 1
13 20 0 1
13 21 0 1
13 22 0 1
13 23 0 1
13 24 0 1
13 25 1 3
13 26 0 1
13 27 0 1
13 28 0 1
13 29 0 1
13 30 0 1
13 31 0 1
13 32 0 1
13 33 0 1
13 34 0 1
13 35 0 1
13 36 0 1
13 37 0 1
13 38 0 1
13 39 0 1
13 40 0 1
13 41 0 1
13 42 0 1
13 43 1 3
13 44 0 1
13 45 0 1
13 46 0 1
13 47 0 1
13 48 0 1
13 49 0 1
13 50 0 1
13 51 0 1
13 52 0 1
13 53 0 1
13 54 0 1
13 55 0 1
13 56 0 1
13 57 0 1
13 58 0 1
13 59 0 1
13 60 0 1
13 61 0 1
13 62 0 1
13 63 0 1
13 64 0 1
13 65 0 1
13 66 0 1
13 67 0 1
13 68 0 1
13 69 0 1
13 70 0 1
13 71 0 1
13 72 0 1
13 73 0 1
13 74 0 1
13 75 0 1
13 76 0 1
13 77 0 1
13 78 0 1
13 79 0 1
13 80 0 1
13 81 0 1
13 82 0 1
13 83 0 1
13 84 0 1
13 85 0 1
13 86 0 1
13 87 1 10
13 88 7 15
13 89 1 11
13 90 3 12
13 91 3 9
13 92 5 9
13 93 6 11
13 94 4 12
13 95 10 15
13 96 7 14
13 97 4 9
13 98 0 6
13 99 8 12
13 100 0 1
14 1 3 11
14 2 0 1
14 3 0 1
14 4 0 3
14 5 0 1
14 6 0 3
14 7 0 1
14 8 0 1
14 9 0 1
14 10 0 1
14 11 0 1
14 12 0 1
14 13 0 1
14 14 0 1
14 15 0 1
14 16 0 1
14 17 0 1
14 18 0 1
14 19 0 1
14 20 0 1
14 21 0 1
14 22 0 1
14 23 0 1
14 24 0 1
14 25 1 3
14 26 0 1
14 27 0 1
14 28 0 1
14 29 0 1
14 30 0 1
14 31 0 1
14 32 0 1
14 33 0 1
14 34 0 1
14 35 0 1
14 36 0 1
14 37 0 1
14 38 0 1
14 39 3 8
14 40 0 1
14 41 0 1
14 42 0 1
14 43 0 1
14 44 0 1
14 45 0 1
14 46 0 1
14 47 0 1
14 48 0 1
14 49 0 1
14 50 0 1
14 51 0 1
14 52 0 1
14 53 0 1
14 54 0 1
14 55 0 1
14 56 0 1
14 57 0 1
14 58 0 1
14 59 0 1
14 60 1 3
14 61 0 1
14 62 0 1
14 63 0 1
14 64 0 1
14 65 0 1
14 66 0 1
14 67 0 1
14 68 0 1
14 69 0 1
14 70 0 1
14 71 0 1
14 72 0 1
14 73 0 1
14 74 0 1
14 75 0 1
14 76 0 1
14 77 0 1
14 78 0 1
14 79 0 1
14 80 0 1
14 81 0 1
14 82 0 1
14 83 0 1
14 84 0 1
14 85 0 1
14 86 0 1
14 87 6 13
14 88 0 3
14 89 4 10
14 90 5 15
14 91 6 14
14 92 10 14
14 93 2 10
14 94 7 14
14 95 4 11
14 96 1 7
14 97 3 9
14 98 2 6
14 99 3 14
14 100 0 1
15 1 3 11
15 2 4 11
15 3 0 1
15 4 0 1
15 5 0 3
15 6 0 1
15 7 0 3
15 8 0 1
15 9 0 1
15 10 0 1
15 11 0 1
15 12 0 1
15 13 0 1
15 14 0 1
15 15 0 1
15 16 0 1
15 17 0 1
15 18 0 1
15 19 0 1
15 20 0 1
15 21 0 1
15 22 0 1
15 23 0 1
15 24 0 1
15 25 0 1
15 26 1 3
15 27 0 1
15 28 0 1
15 29 0 1
15 30 0 1
15 31 0 1
15 32 0 1
15 33 0 1
15 34 0 1
15 35 0 1
15 36 0 1
15 37 0 1
15 38 0 1
15 39 0 1
15 40 0 1
15 41 0 1
15 42 0 1
15 43 0 1
15 44 0 1
15 45 0 1
15 46 0 1
15 47 0 1
15 48 0 1
15 49 0 1
15 50 0 1
15 51 0 1
15 52 0 1
15 53 0 1
15 54 0 1
15 55 0 1
15 56 0 1
15 57 1 3
15 58 0 1
15 59 0 1
15 60 0 1
15 61 0 1
15 62 0 1
15 63 1 3
15 64 0 1
15 65 0 1
15 66 0 1
15 67 0 1
15 68 0 1
15 69 0 1
15 70 0 1
15 71 0 3
15 72 0 1
15 73 0 1
15 74 0 1
15 75 0 1
15 76 0 1
15 77 0 1
15 78 0 1
15 79 0 1
15 80 0 1
15 81 0 1
15 82 0 1
15 83 0 1
15 84 0 1
15 85 0 1
15 86 2 10
15 87 5 9
15 88 2 5
15 89 9 15
15 90 2 13
15 91 5 10
15 92 9 14
15 93 4 13
15 94 5 8
15 95 3 13
15 96 8 14
15 97 8 14
15 98 0 1
15 99 0 1
15 100 0 1
16 1 3 11
16 2 3 9
16 3 6 13
16 4 4 11
16 5 0 1
16 6 0 1
16 7 0 3
16 8 0 1
16 9 0 3
16 10 0 1
16 11 0 1
16 12 0 1
16 13 0 1
16 14 0 1
16 15 0 1
16 16 0 1
16 17 0 1
16 18 0 1
16 19 0 1
16 20 0 1
16 21 0 1
16 22 0 1
16 23 0 1
16 24 0 1
16 25 0 1
16 26 0 1
16 27 0 1
16 28 1 3
16 29 0 1
16 30 0 1
16 31 0 1
16 32 0 1
16 33 0 1
16 34 0 1
16 35 0 1
16 36 0 1
16 37 0 1
16 38 0 1
16 39 0 1
16 40 0 1
16 41 0 1
16 42 0 1
16 43 0 1
16 44 0 1
16 45 0 1
16 46 0 1
16 47 0 1
16 48 0 1
16 49 0 1
16 50 0 1
16 51 0 1
16 52 0 1
16 53 0 1
16 54 0 1
16 55 0 1
16 56 0 1
16 57 0 1
16 58 0 3
16 59 0 1
16 60 0 1
16 61 0 1
16 62 0 1
16 63 0 1
16 64 0 1
16 65 0 1
16 66 1 3
16 67 0 1
16 68 0 2
16 69 0 1
16 70 0 1
16 71 0 1
16 72 0 1
16 73 0 1
16 74 0 1
16 75 0 1
16 76 0 1
16 77 0 1
16 78 0 1
16 79 0 1
16 80 0 1
16 81 0 1
16 82 0 1
16 83 0 1
16 84 0 1
16 85 0 1
16 86 0 1
16 87 4 14
16 88 4 10
16 89 4 9
16 90 3 13
16 91 6 13
16 92 5 15
16 93 8 13
16 94 8 14
16 95 4 15
16 96 4 13
16 97 7 14
16 98 5 11
16 99 0 1
16 100 0 1
17 1 3 9
17 2 2 11
17 3 7 13
17 4 6 13
17 5 3 11
17 6 4 11
17 7 0 1
17 8 0 1
17 9 0 3
17 10 0 1
17 11 0 3
17 12 0 1
17 13 0 1
17 14 0 1
17 15 0 1
17 16 0 1
17 17 0 1
17 18 0 1
17 19 0 1
17 20 0 1
17 21 0 1
17 22 0 1
17 23 0 1
17 24 0 1
17 25 0 1
17 26 0 1
17 27 0 1
17 28 0 1
17 29 0 1
17 30 1 3
17 31 0 1
17 32 0 1
17 33 0 1
17 34 0 1
17 35 0 1
17 36 0 1
17 37 0 1
17 38 0 1
17 39 0 1
17 40 0 1
17 41 0 1
17 42 0 1
17 43 0 1
17 44 0 1
17 45 0 1
17 46 0 1
17 47 0 1
17 48 0 1
17 49 0 1
17 50 0 1
17 51 0 3
17 52 0 1
17 53 1 7
17 54 0 1
17 55 0 1
17 56 0 1
17 57 0 1
17 58 0 1
17 59 0 1
17 60 0 1
17 61 0 2
17 62 0 1
17 63 0 1
17 64 0 1
17 65 0 1
17 66 0 1
17 67 0 1
17 68 0 1
17 69 0 1
17 70 0 2
17 71 0 1
17 72 0 1
17 73 0 1
17 74 0 1
17 75 0 1
17 76 0 1
17 77 0 1
17 78 0 1
17 79 0 1
17 80 0 1
17 81 0 1
17 82 0 1
17 83 0 1
17 84 1 10
17 85 0 9
17 86 3 9
17 87 4 13
17 88 5 14
17 89 3 14
17 90 5 13
17 91 4 13
17 92 8 13
17 93 2 9
17 94 2 8
17 95 3 11
17 96 0 3
17 97 4 13
17 98 0 1
17 99 0 1
17 100 0 1
18 1 2 11
18 2 3 9
18 3 3 11
18 4 4 11
18 5 2 12
18 6 7 13
18 7 6 13
18 8 4 13
18 9 0 1
18 10 0 1
18 11 0 3
18 12 0 1
18 13 0 3
18 14 0 1
18 15 0 1
18 16 0 1
18 17 0 1
18 18 0 1
18 19 0 1
18 20 0 1
18 21 0 1
18 22 0 1
18 23 0 1
18 24 0 1
18 25 0 1
18 26 0 1
18 27 0 1
18 28 0 1
18 29 0 1
18 30 0 1
18 31 0 1
18 32 1 3
18 33 0 1
18 34 0 1
18 35 0 1
18 36 0 1
18 37 0 1
18 38 0 1
18 39 0 1
18 40 0 1
18 41 0 1
18 42 0 1
18 43 0 1
18 44 0 1
18 45 0 1
18 46 0 2
18 47 2 5
18 48 0 1
18 49 0 1
18 50 0 1
18 51 0 1
18 52 0 1
18 53 0 1
18 54 0 1
18 55 0 1
18 56 0 1
18 57 0 2
18 58 0 1
18 59 0 1
18 60 0 1
18 61 0 1
18 62 0 1
18 63 0 1
18 64 0 1
18 65 0 1
18 66 0 1
18 67 0 1
18 68 0 1
18 69 0 1
18 70 0 1
18 71 0 1
18 72 0 1
18 73 0 1
18 74 0 1
18 75 0 1
18 76 1 2
18 77 0 1
18 78 1 3
18 79 0 1
18 80 0 1
18 81 0 1
18 82 0 1
18 83 0 1
18 84 0 1
18 85 0 1
18 86 3 8
18 87 6 13
18 88 3 8
18 89 4 8
18 90 2 9
18 91 3 10
18 92 3 5
18 93 9 13
18 94 6 10
18 95 0 1
18 96 0 1
18 97 0 1
18 98 0 1
18 99 0 1
18 100 0 1
19 1 3 11
19 2 3 9
19 3 2 11
19 4 4 13
19 5 4 11
19 6 2 12
19 7 5 12
19 8 0 1
19 9 0 1
19 10 0 3
19 11 0 1
19 12 0 3
19 13 0 1
19 14 0 1
19 15 0 1
19 16 0 1
19 17 0 1
19 18 0 1
19 19 0 1
19 20 0 1
19 21 0 1
19 22 0 1
19 23 0 1
19 24 0 1
19 25 0 1
19 26 0 1
19 27 0 1
19 28 0 1
19 29 0 1
19 30 0 1
19 31 0 1
19 32 0 1
19 33 0 1
19 34 0 1
19 35 0 1
19 36 0 1
19 37 0 1
19 38 0 1
19 39 0 1
19 40 0 1
19 41 0 1
19 42 0 1
19 43 0 1
19 44 0 1
19 45 0 1
19 46 0 1
19 47 0 1
19 48 0 1
19 49 0 1
19 50 0 1
19 51 0 1
19 52 1 3
19 53 0 1
19 54 0 1
19 55 0 1
19 56 0 1
19 57 0 1
19 58 0 1
19 59 0 1
19 60 0 1
19 61 0 1
19 62 0 1
19 63 0 1
19 64 0 1
19 65 0 1
19 66 0 1
19 67 0 1
19 68 0 1
19 69 0 1
19 70 0 1
19 71 0 1
19 72 0 1
19 73 0 1
19 74 0 1
19 75 0 1
19 76 0 1
19 77 0 1
19 78 0 1
19 79 0 1
19 80 0 3
19 81 0 1
19 82 0 1
19 83 3 5
19 84 6 13
19 85 3 9
19 86 7 13
19 87 6 12
19 88 4 12
19 89 6 13
19 90 2 7
19 91 6 14
19 92 7 14
19 93 4 15
19 94 5 14
19 95 7 13
19 96 10 13
19 97 4 9
19 98 4 12
19 99 5 12
19 100 0 1
20 1 3 11
20 2 3 9
20 3 4 13
20 4 4 11
20 5 2 11
20 6 5 12
20 7 2 12
20 8 0 1
20 9 0 1
20 10 0 3
20 11 0 1
20 12 0 3
20 13 0 1
20 14 0 1
20 15 0 1
20 16 0 1
20 17 0 1
20 18 0 1
20 19 0 1
20 20 0 1
20 21 0 1
20 22 0 1
20 23 0 1
20 24 0 1
20 25 0 1
20 26 0 1
20 27 0 1
20 28 0 1
20 29 0 1
20 30 0 1
20 31 0 1
20 32 0 1
20 33 0 1
20 34 0 1
20 35 0 1
20 36 0 1
20 37 0 1
20 38 0 1
20 39 0 1
20 40 0 1
20 41 0 1
20 42 0 1
20 43 0 1
20 44 0 1
20 45 0 1
20 46 0 1
20 47 0 1
20 48 0 1
20 49 0 1
20 50 0 1
20 51 0 1
20 52 0 1
20 53 0 1
20 54 0 1
20 55 0 1
20 56 0 1
20 57 0 1
20 58 0 1
20 59 0 1
20 60 0 1
20 61 0 1
20 62 0 1
20 63 0 1
20 64 0 1
20 65 0 1
20 66 0 1
20 67 0 1
20 68 0 1
20 69 0 1
20 70 0 1
20 71 0 1
20 72 0 1
20 73 0 1
20 74 0 1
20 75 0 1
20 76 0 1
20 77 0 1
20 78 0 1
20 79 0 1
20 80 0 1
20 81 0 1
20 82 0 1
20 83 0 1
20 84 2 9
20 85 2 8
20 86 5 13
20 87 4 11
20 88 3 14
20 89 4 10
20 90 4 9
20 91 2 9
20 92 3 11
20 93 11 12
20 94 2 11
20 95 6 10
20 96 6 15
20 97 4 11
20 98 2 7
20 99 0 1
20 100 0 1
21 1 3 9
21 2 3 11
21 3 4 11
21 4 4 13
21 5 2 11
21 6 3 8
21 7 2 12
21 8 5 12
21 9 0 1
21 10 0 1
21 11 0 3
21 12 0 1
21 13 0 3
21 14 0 1
21 15 0 1
21 16 0 1
21 17 0 1
21 18 0 1
21 19 0 1
21 20 0 1
21 21 0 1
21 22 0 1
21 23 0 1
21 24 0 1
21 25 0 1
21 26 0 1
21 27 0 1
21 28 0 1
21 29 0 1
21 30 0 1
21 31 0 1
21 32 0 1
21 33 1 3
21 34 0 1
21 35 0 1
21 36 0 1
21 37 0 1
21 38 0 1
21 39 0 1
21 40 0 1
21 41 0 1
21 42 0 1
21 43 0 1
21 44 0 1
21 45 0 1
21 46 0 1
21 47 0 1
21 48 0 1
21 49 0 1
21 50 0 1
21 51 0 1
21 52 0 1
21 53 0 1
21 54 0 1
21 55 0 1
21 56 0 1
21 57 0 1
21 58 0 1
21 59 0 1
21 60 0 1
21 61 0 1
21 62 0 1
21 63 0 1
21 64 0 1
21 65 0 1
21 66 0 1
21 67 0 1
21 68 0 1
21 69 0 1
21 70 0 1
21 71 0 1
21 72 0 1
21 73 0 1
21 74 0 1
21 75 0 1
21 76 0 1
21 77 0 1
21 78 0 1
21 79 0 1
21 80 0 1
21 81 0 1
21 82 0 1
21 83 0 1
21 84 0 1
21 85 4 12
21 86 1 11
21 87 3 9
21 88 6 8
21 89 3 8
21 90 9 11
21 91 7 11
21 92 6 13
21 93 8 13
21 94 9 12
21 95 5 11
21 96 6 13
21 97 5 12
21 98 6 11
21 99 0 1
21 100 0 1
22 1 4 13
22 2 3 11
22 3 3 9
22 4 1 5
22 5 4 11
22 6 0 1
22 7 0 1
22 8 0 3
22 9 0 1
22 10 0 3
22 11 0 1
22 12 0 1
22 13 0 1
22 14 0 1
22 15 0 1
22 16 0 1
22 17 0 1
22 18 0 1
22 19 0 1
22 20 0 1
22 21 0 1
22 22 0 1
22 23 0 1
22 24 0 1
22 25 0 1
22 26 0 1
22 27 0 1
22 28 0 1
22 29 0 1
22 30 0 1
22 31 0 1
22 32 0 1
22 33 0 1
22 34 0 1
22 35 0 1
22 36 0 1
22 37 0 1
22 38 0 2
22 39 0 1
22 40 0 1
22 41 0 1
22 42 0 1
22 43 0 1
22 44 0 1
22 45 0 1
22 46 0 1
22 47 0 1
22 48 0 1
22 49 0 1
22 50 0 1
22 51 0 1
22 52 0 1
22 53 0 1
22 54 0 1
22 55 0 1
22 56 0 1
22 57 0 1
22 58 0 1
22 59 0 1
22 60 0 1
22 61 0 1
22 62 0 1
22 63 0 1
22 64 0 1
22 65 0 1
22 66 0 1
22 67 0 1
22 68 0 1
22 69 0 1
22 70 0 1
22 71 0 1
22 72 0 1
22 73 0 1
22 74 0 1
22 75 0 1
22 76 0 1
22 77 0 1
22 78 0 1
22 79 0 1
22 80 0 1
22 81 0 1
22 82 4 11
22 83 0 3
22 84 5 12
22 85 5 12
22 86 3 8
22 87 2 11
22 88 2 12
22 89 4 9
22 90 10 14
22 91 4 11
22 92 4 10
22 93 5 12
22 94 8 11
22 95 6 13
22 96 4 12
22 97 2 9
22 98 5 9
22 99 3 8
22 100 0 1
23 1 1 5
23 2 4 13
23 3 3 9
23 4 3 11
23 5 7 13
23 6 4 11
23 7 3 8
23 8 4 15
23 9 4 10
23 10 0 1
23 11 0 1
23 12 0 3
23 13 0 1
23 14 0 3
23 15 0 1
23 16 0 1
23 17 0 1
23 18 0 1
23 19 0 1
23 20 0 1
23 21 0 1
23 22 0 1
23 23 0 1
23 24 0 1
23 25 0 1
23 26 0 1
23 27 0 1
23 28 0 1
23 29 0 1
23 30 0 1
23 31 0 1
23 32 0 1
23 33 0 1
23 34 0 1
23 35 0 1
23 36 0 3
23 37 0 1
23 38 0 1
23 39 0 3
23 40 0 1
23 41 0 1
23 42 0 1
23 43 0 1
23 44 0 1
23 45 0 1
23 46 0 1
23 47 0 1
23 48 0 1
23 49 0 1
23 50 0 1
23 51 0 1
23 52 0 1
23 53 0 1
23 54 0 1
23 55 0 1
23 56 0 1
23 57 0 1
23 58 0 1
23 59 0 1
23 60 0 1
23 61 0 1
23 62 0 1
23 63 0 1
23 64 0 1
23 65 0 1
23 66 0 1
23 67 0 1
23 68 0 1
23 69 0 1
23 70 0 1
23 71 0 1
23 72 0 1
23 73 0 1
23 74 0 1
23 75 0 1
23 76 0 1
23 77 0 1
23 78 0 1
23 79 0 1
23 80 0 1
23 81 0 1
23 82 0 1
23 83 0 1
23 84 0 1
23 85 0 1
23 86 0 1
23 87 0 1
23 88 5 9
23 89 3 5
23 90 1 12
23 91 4 13
23 92 10 14
23 93 0 12
23 94 2 14
23 95 0 4
23 96 6 15
23 97 4 13
23 98 9 13
23 99 5 14
23 100 0 1
24 1 1 5
24 2 4 13
24 3 3 9
24 4 4 12
24 5 7 13
24 6 3 11
24 7 4 11
24 8 4 10
24 9 4 11
24 10 0 1
24 11 0 1
24 12 0 3
24 13 0 1
24 14 0 3
24 15 0 1
24 16 0 1
24 17 0 1
24 18 0 1
24 19 0 1
24 20 0 1
24 21 0 1
24 22 0 1
24 23 0 1
24 24 0 1
24 25 0 1
24 26 0 1
24 27 0 1
24 28 0 1
24 29 0 1
24 30 0 1
24 31 0 1
24 32 0 1
24 33 0 1
24 34 0 1
24 35 0 1
24 36 0 1
24 37 0 1
24 38 0 1
24 39 0 1
24 40 0 1
24 41 0 1
24 42 0 1
24 43 0 1
24 44 0 1
24 45 0 1
24 46 0 1
24 47 0 1
24 48 0 1
24 49 0 1
24 50 0 1
24 51 0 1
24 52 0 1
24 53 0 1
24 54 0 1
24 55 0 1
24 56 0 1
24 57 0 1
24 58 0 1
24 59 0 1
24 60 0 1
24 61 0 1
24 62 0 1
24 63 0 1
24 64 0 1
24 65 0 1
24 66 0 1
24 67 0 1
24 68 0 1
24 69 0 1
24 70 0 1
24 71 0 1
24 72 0 1
24 73 0 1
24 74 0 1
24 75 0 1
24 76 0 1
24 77 0 1
24 78 0 1
24 79 0 1
24 80 0 1
24 81 0 1
24 82 0 1
24 83 0 1
24 84 0 1
24 85 0 1
24 86 0 1
24 87 3 8
24 88 2 11
24 89 4 15
24 90 8 14
24 91 7 14
24 92 6 12
24 93 6 11
24 94 0 3
24 95 6 9
24 96 1 14
24 97 7 13
24 98 7 15
24 99 0 12
24 100 1 4
25 1 1 5
25 2 3 9
25 3 3 11
25 4 5 12
25 5 4 13
25 6 4 12
25 7 6 13
25 8 4 11
25 9 7 13
25 10 0 1
25 11 0 1
25 12 0 3
25 13 0 1
25 14 0 3
25 15 0 1
25 16 0 1
25 17 0 1
25 18 0 1
25 19 0 1
25 20 0 1
25 21 0 1
25 22 0 1
25 23 0 1
25 24 0 1
25 25 0 1
25 26 0 1
25 27 0 1
25 28 0 1
25 29 0 1
25 30 0 1
25 31 0 1
25 32 0 1
25 33 0 1
25 34 0 1
25 35 0 1
25 36 0 1
25 37 0 1
25 38 0 1
25 39 0 1
25 40 0 1
25 41 0 1
25 42 0 1
25 43 0 1
25 44 0 1
25 45 0 1
25 46 0 1
25 47 0 1
25 48 0 1
25 49 0 1
25 50 0 1
25 51 0 1
25 52 0 1
25 53 0 1
25 54 0 1
25 55 0 1
25 56 0 1
25 57 0 1
25 58 0 1
25 59 0 1
25 60 0 1
25 61 0 1
25 62 0 1
25 63 0 1
25 64 0 1
25 65 0 1
25 66 0 1
25 67 0 1
25 68 0 1
25 69 0 1
25 70 0 1
25 71 0 1
25 72 0 1
25 73 0 1
25 74 0 1
25 75 0 1
25 76 0 1
25 77 0 1
25 78 0 1
25 79 4 11
25 80 4 14
25 81 5 12
25 82 4 12
25 83 3 10
25 84 6 12
25 85 7 15
25 86 0 13
25 87 0 14
25 88 5 14
25 89 4 10
25 90 4 9
25 91 5 11
25 92 6 12
25 93 5 14
25 94 4 13
25 95 6 11
25 96 7 13
25 97 5 14
25 98 1 10
25 99 7 15
25 100 0 1
26 1 3 9
26 2 3 11
26 3 1 5
26 4 1 5
26 5 5 12
26 6 6 13
26 7 4 13
26 8 7 13
26 9 4 11
26 10 4 12
26 11 9 14
26 12 0 1
26 13 0 1
26 14 0 3
26 15 0 1
26 16 0 3
26 17 0 1
26 18 0 1
26 19 0 1
26 20 0 1
26 21 0 1
26 22 0 1
26 23 0 1
26 24 0 1
26 25 0 1
26 26 0 1
26 27 0 1
26 28 0 1
26 29 0 1
26 30 0 1
26 31 0 1
26 32 0 1
26 33 0 1
26 34 0 1
26 35 0 1
26 36 0 1
26 37 0 1
26 38 0 1
26 39 0 1
26 40 0 1
26 41 0 1
26 42 0 1
26 43 0 1
26 44 1 4
26 45 0 1
26 46 0 1
26 47 0 1
26 48 0 1
26 49 0 1
26 50 0 1
26 51 0 1
26 52 0 1
26 53 0 1
26 54 0 1
26 55 0 1
26 56 0 1
26 57 0 1
26 58 0 1
26 59 0 1
26 60 0 1
26 61 0 1
26 62 0 1
26 63 0 1
26 64 0 1
26 65 0 1
26 66 0 1
26 67 0 1
26 68 0 1
26 69 0 1
26 70 0 1
26 71 0 1
26 72 0 1
26 73 0 1
26 74 0 1
26 75 0 1
26 76 0 1
26 77 0 1
26 78 0 1
26 79 0 1
26 80 0 1
26 81 0 1
26 82 0 1
26 83 0 1
26 84 0 1
26 85 0 1
26 86 0 1
26 87 0 1
26 88 3 7
26 89 4 12
26 90 2 11
26 91 3 8
26 92 6 11
26 93 3 11
26 94 7 14
26 95 8 12
26 96 4 14
26 97 8 15
26 98 3 11
26 99 4 13
26 100 4 9
27 1 1 6
27 2 1 5
27 3 1 5
27 4 3 9
27 5 3 11
27 6 1 5
27 7 5 12
27 8 4 13
27 9 7 13
27 10 1 13
27 11 4 12
27 12 6 13
27 13 4 11
27 14 2 11
27 15 9 14
27 16 0 1
27 17 0 1
27 18 0 3
27 19 0 1
27 20 0 3
27 21 0 1
27 22 0 1
27 23 0 1
27 24 0 1
27 25 0 1
27 26 0 1
27 27 0 1
27 28 0 1
27 29 0 1
27 30 0 1
27 31 0 1
27 32 0 1
27 33 0 1
27 34 0 1
27 35 0 1
27 36 0 1
27 37 0 1
27 38 0 1
27 39 0 1
27 40 0 1
27 41 0 1
27 42 0 1
27 43 0 1
27 44 0 1
27 45 0 1
27 46 0 1
27 47 0 1
27 48 0 1
27 49 0 1
27 50 0 1
27 51 0 1
27 52 0 1
27 53 0 1
27 54 0 1
27 55 0 1
27 56 0 1
27 57 0 1
27 58 0 1
27 59 0 1
27 60 0 1
27 61 0 1
27 62 0 1
27 63 0 1
27 64 0 1
27 65 0 1
27 66 0 1
27 67 0 1
27 68 0 1
27 69 0 1
27 70 0 1
27 71 0 1
27 72 0 1
27 73 0 1
27 74 0 1
27 75 0 1
27 76 0 1
27 77 0 1
27 78 0 1
27 79 0 1
27 80 0 1
27 81 0 1
27 82 0 1
27 83 0 1
27 84 0 1
27 85 0 1
27 86 0 1
27 87 0 1
27 88 5 11
27 89 8 14
27 90 6 13
27 91 6 13
27 92 8 13
27 93 4 15
27 94 3 11
27 95 3 9
27 96 5 12
27 97 3 9
27 98 2 9
27 99 0 1
27 100 0 1
28 1 1 6
28 2 4 13
28 3 5 12
28 4 1 5
28 5 1 5
28 6 1 5
28 7 3 9
28 8 3 11
28 9 4 12
28 10 4 11
28 11 6 13
28 12 7 13
28 13 1 13
28 14 2 11
28 15 9 14
28 16 4 12
28 17 2 11
28 18 0 1
28 19 0 1
28 20 0 3
28 21 0 1
28 22 0 3
28 23 0 1
28 24 0 1
28 25 0 1
28 26 0 1
28 27 0 1
28 28 0 1
28 29 0 1
28 30 0 1
28 31 0 1
28 32 0 1
28 33 0 1
28 34 0 1
28 35 0 1
28 36 0 1
28 37 0 1
28 38 0 1
28 39 0 1
28 40 0 1
28 41 0 1
28 42 0 1
28 43 0 1
28 44 0 1
28 45 0 1
28 46 0 1
28 47 0 1
28 48 0 1
28 49 0 1
28 50 0 1
28 51 0 1
28 52 0 1
28 53 0 1
28 54 0 1
28 55 0 1
28 56 0 1
28 57 0 1
28 58 0 1
28 59 0 1
28 60 0 1
28 61 0 1
28 62 0 1
28 63 0 1
28 64 0 1
28 65 0 1
28 66 0 1
28 67 0 1
28 68 0 1
28 69 0 1
28 70 0 1
28 71 0 1
28 72 0 1
28 73 0 1
28 74 0 1
28 75 0 1
28 76 0 1
28 77 0 1
28 78 0 1
28 79 0 2
28 80 0 1
28 81 0 1
28 82 0 1
28 83 0 1
28 84 0 1
28 85 0 1
28 86 0 1
28 87 0 1
28 88 0 1
28 89 6 12
28 90 7 12
28 91 2 5
28 92 6 13
28 93 7 13
28 94 7 13
28 95 4 12
28 96 4 14
28 97 7 12
28 98 9 13
28 99 0 1
28 100 0 1
29 1 5 12
29 2 1 5
29 3 3 9
29 4 3 11
29 5 4 13
29 6 1 13
29 7 1 6
29 8 1 5
29 9 1 5
29 10 1 5
29 11 1 11
29 12 6 13
29 13 7 13
29 14 4 12
29 15 1 6
29 16 4 11
29 17 4 12
29 18 4 11
29 19 9 14
29 20 3 7
29 21 0 1
29 22 0 1
29 23 0 3
29 24 0 1
29 25 0 3
29 26 0 1
29 27 0 1
29 28 0 1
29 29 0 1
29 30 0 1
29 31 0 1
29 32 0 1
29 33 0 1
29 34 0 1
29 35 0 1
29 36 0 1
29 37 0 1
29 38 0 1
29 39 0 1
29 40 0 1
29 41 0 1
29 42 0 1
29 43 0 1
29 44 0 1
29 45 2 8
29 46 0 1
29 47 0 1
29 48 0 1
29 49 0 1
29 50 0 1
29 51 0 1
29 52 0 1
29 53 0 1
29 54 0 1
29 55 0 1
29 56 0 1
29 57 0 1
29 58 0 1
29 59 0 1
29 60 0 1
29 61 0 1
29 62 0 1
29 63 0 1
29 64 0 1
29 65 0 1
29 66 0 1
29 67 0 1
29 68 0 1
29 69 0 1
29 70 0 1
29 71 0 1
29 72 0 1
29 73 0 1
29 74 0 1
29 75 0 1
29 76 0 1
29 77 0 1
29 78 0 1
29 79 0 1
29 80 0 1
29 81 4 11
29 82 6 15
29 83 2 12
29 84 2 11
29 85 5 7
29 86 2 11
29 87 5 13
29 88 6 10
29 89 3 12
29 90 3 12
29 91 6 14
29 92 4 13
29 93 6 13
29 94 6 11
29 95 5 13
29 96 4 12
29 97 4 11
29 98 4 12
29 99 0 1
29 100 0 1
30 1 1 6
30 2 1 5
30 3 1 5
30 4 1 5
30 5 1 11
30 6 1 5
30 7 4 11
30 8 4 13
30 9 1 13
30 10 5 12
30 11 1 6
30 12 4 12
30 13 3 9
30 14 3 9
30 15 1 5
30 16 3 11
30 17 7 13
30 18 6 13
30 19 3 14
30 20 1 6
30 21 4 11
30 22 4 12
30 23 5 12
30 24 9 14
30 25 0 1
30 26 0 1
30 27 0 3
30 28 0 1
30 29 0 3
30 30 0 1
30 31 0 1
30 32 0 1
30 33 0 1
30 34 0 1
30 35 0 1
30 36 0 1
30 37 0 1
30 38 0 1
30 39 0 1
30 40 0 1
30 41 0 1
30 42 0 1
30 43 0 1
30 44 0 1
30 45 0 1
30 46 0 1
30 47 0 1
30 48 0 1
30 49 0 1
30 50 0 1
30 51 0 1
30 52 0 1
30 53 0 1
30 54 0 1
30 55 0 1
30 56 0 1
30 57 0 1
30 58 0 1
30 59 0 1
30 60 0 1
30 61 0 1
30 62 0 1
30 63 0 1
30 64 0 3
30 65 0 1
30 66 0 1
30 67 0 1
30 68 0 1
30 69 0 1
30 70 0 1
30 71 0 1
30 72 0 1
30 73 0 1
30 74 0 1
30 75 0 1
30 76 0 1
30 77 0 3
30 78 0 1
30 79 0 1
30 80 0 1
30 81 3 8
30 82 3 7
30 83 7 11
30 84 6 13
30 85 3 5
30 86 6 10
30 87 7 13
30 88 2 6
30 89 3 13
30 90 2 8
30 91 4 14
30 92 6 13
30 93 6 12
30 94 8 13
30 95 2 8
30 96 6 13
30 97 6 14
30 98 4 14
30 99 4 11
30 100 0 1
31 1 4 13
31 2 1 6
31 3 1 5
31 4 1 5
31 5 1 5
31 6 1 11
31 7 1 5
31 8 4 11
31 9 7 13
31 10 3 9
31 11 1 13
31 12 6 13
31 13 1 6
31 14 4 11
31 15 5 12
31 16 4 12
31 17 3 14
31 18 3 11
31 19 3 9
31 20 3 9
31 21 1 5
31 22 7 15
31 23 4 12
31 24 9 14
31 25 1 6
31 26 2 11
31 27 0 1
31 28 0 1
31 29 0 3
31 30 0 1
31 31 0 3
31 32 0 1
31 33 0 1
31 34 3 4
31 35 0 1
31 36 0 1
31 37 0 3
31 38 0 1
31 39 0 1
31 40 0 1
31 41 0 1
31 42 0 1
31 43 0 1
31 44 0 1
31 45 0 1
31 46 0 1
31 47 0 1
31 48 0 1
31 49 0 1
31 50 0 1
31 51 0 1
31 52 2 6
31 53 0 1
31 54 0 1
31 55 0 1
31 56 0 1
31 57 0 1
31 58 0 1
31 59 0 1
31 60 0 1
31 61 0 1
31 62 0 1
31 63 0 1
31 64 0 1
31 65 0 1
31 66 0 1
31 67 0 1
31 68 0 1
31 69 0 1
31 70 0 1
31 71 0 1
31 72 0 1
31 73 5 12
31 74 6 13
31 75 1 6
31 76 4 10
31 77 1 9
31 78 2 4
31 79 6 11
31 80 5 10
31 81 7 15
31 82 6 10
31 83 3 12
31 84 6 12
31 85 6 15
31 86 4 9
31 87 3 13
31 88 10 13
31 89 1 6
31 90 3 12
31 91 5 11
31 92 5 13
31 93 3 15
31 94 6 13
31 95 4 14
31 96 6 10
31 97 7 11
31 98 4 10
31 99 6 14
31 100 0 1
32 1 1 13
32 2 5 12
32 3 1 9
32 4 5 10
32 5 4 13
32 6 3 6
32 7 4 10
32 8 6 13
32 9 1 5
32 10 1 6
32 11 3 14
32 12 1 11
32 13 4 11
32 14 7 13
32 15 7 13
32 16 2 15
32 17 4 11
32 18 1 5
32 19 1 5
32 20 1 5
32 21 7 15
32 22 3 9
32 23 1 5
32 24 3 7
32 25 3 9
32 26 3 9
32 27 3 11
32 28 4 12
32 29 1 6
32 30 4 12
32 31 1 6
32 32 5 13
32 33 3 9
32 34 9 14
32 35 1 9
32 36 4 14
32 37 3 9
32 38 3 9
32 39 9 12
32 40 2 11
32 41 0 1
32 42 0 1
32 43 0 3
32 44 0 1
32 45 0 1
32 46 0 1
32 47 0 1
32 48 0 1
32 49 0 1
32 50 0 1
32 51 0 1
32 52 0 1
32 53 0 1
32 54 0 1
32 55 0 1
32 56 0 1
32 57 0 1
32 58 0 1
32 59 0 1
32 60 0 1
32 61 0 1
32 62 0 1
32 63 0 1
32 64 0 1
32 65 0 1
32 66 0 1
32 67 0 1
32 68 1 4
32 69 0 1
32 70 0 1
32 71 0 1
32 72 0 1
32 73 0 1
32 74 5 13
32 75 4 12
32 76 3 7
32 77 4 7
32 78 3 7
32 79 4 12
32 80 3 8
32 81 4 9
32 82 4 14
32 83 1 7
32 84 2 3
32 85 5 10
32 86 4 14
32 87 6 13
32 88 6 14
32 89 6 14
32 90 5 14
32 91 5 12
32 92 7 15
32 93 5 13
32 94 6 13
32 95 4 10
32 96 1 7
32 97 5 13
32 98 0 1
32 99 0 1
32 100 0 1
33 1 1 5
33 2 1 13
33 3 1 6
33 4 6 13
33 5 1 11
33 6 4 13
33 7 1 5
33 8 1 5
33 9 1 5
33 10 1 5
33 11 1 5
33 12 1 9
33 13 5 10
33 14 4 11
33 15 3 6
33 16 5 12
33 17 3 9
33 18 1 5
33 19 4 10
33 20 3 9
33 21 3 9
33 22 4 12
33 23 3 11
33 24 0 6
33 25 4 11
33 26 7 13
33 27 7 13
33 28 1 6
33 29 2 15
33 30 3 14
33 31 4 12
33 32 3 7
33 33 3 10
33 34 7 13
33 35 4 12
33 36 3 8
33 37 0 1
33 38 0 1
33 39 0 1
33 40 0 1
33 41 0 1
33 42 0 1
33 43 0 1
33 44 0 1
33 45 0 1
33 46 0 1
33 47 0 1
33 48 0 1
33 49 0 1
33 50 0 1
33 51 0 1
33 52 0 1
33 53 0 1
33 54 0 1
33 55 0 1
33 56 0 1
33 57 0 1
33 58 0 1
33 59 0 3
33 60 0 1
33 61 0 1
33 62 0 1
33 63 0 1
33 64 3 9
33 65 0 1
33 66 7 15
33 67 5 12
33 68 3 10
33 69 4 8
33 70 3 8
33 71 1 5
33 72 3 9
33 73 3 11
33 74 2 11
33 75 3 10
33 76 8 15
33 77 5 13
33 78 4 14
33 79 4 11
33 80 8 14
33 81 5 12
33 82 4 12
33 83 3 12
33 84 6 13
33 85 4 14
33 86 5 10
33 87 6 11
33 88 3 9
33 89 4 12
33 90 5 13
33 91 5 15
33 92 4 14
33 93 4 11
33 94 2 13
33 95 6 13
33 96 11 14
33 97 1 7
33 98 2 7
33 99 2 8
33 100 0 1
34 1 1 5
34 2 4 12
34 3 1 11
34 4 4 13
34 5 1 5
34 6 1 6
34 7 5 10
34 8 3 7
34 9 1 5
34 10 1 5
34 11 1 5
34 12 1 5
34 13 1 5
34 14 2 11
34 15 1 9
34 16 1 13
34 17 4 11
34 18 6 13
34 19 5 12
34 20 4 10
34 21 5 12
34 22 8 14
34 23 3 9
34 24 2 12
34 25 3 6
34 26 7 13
34 27 7 13
34 28 3 12
34 29 3 13
34 30 2 15
34 31 3 14
34 32 4 11
34 33 2 5
34 34 7 11
34 35 6 10
34 36 3 9
34 37 3 9
34 38 3 10
34 39 0 6
34 40 3 11
34 41 1 5
34 42 3 11
34 43 7 13
34 44 3 9
34 45 4 13
34 46 0 1
34 47 0 1
34 48 0 1
34 49 0 1
34 50 0 1
34 51 0 1
34 52 0 1
34 53 0 1
34 54 0 1
34 55 0 1
34 56 0 1
34 57 0 1
34 58 0 1
34 59 0 1
34 60 0 1
34 61 0 1
34 62 0 1
34 63 0 1
34 64 0 1
34 65 1 4
34 66 0 1
34 67 0 1
34 68 0 1
34 69 0 1
34 70 0 2
34 71 0 1
34 72 0 1
34 73 0 1
34 74 0 1
34 75 0 1
34 76 0 1
34 77 0 1
34 78 0 1
34 79 0 1
34 80 0 1
34 81 0 1
34 82 1 6
34 83 2 7
34 84 5 12
34 85 4 12
34 86 4 13
34 87 3 8
34 88 5 15
34 89 7 12
34 90 5 13
34 91 4 13
34 92 5 9
34 93 5 11
34 94 3 11
34 95 7 12
34 96 3 13
34 97 2 9
34 98 0 3
34 99 0 5
34 100 0 1
35 1 1 5
35 2 1 6
35 3 2 6
35 4 1 5
35 5 1 5
35 6 1 5
35 7 1 5
35 8 1 5
35 9 1 5
35 10 1 11
35 11 5 12
35 12 3 6
35 13 6 13
35 14 1 10
35 15 4 13
35 16 1 13
35 17 3 7
35 18 5 10
35 19 5 11
35 20 7 13
35 21 7 13
35 22 2 11
35 23 6 10
35 24 5 12
35 25 3 13
35 26 1 5
35 27 1 5
35 28 1 5
35 29 1 9
35 30 2 8
35 31 4 12
35 32 4 10
35 33 4 11
35 34 2 12
35 35 3 9
35 36 3 12
35 37 8 14
35 38 2 5
35 39 0 10
35 40 3 8
35 41 2 11
35 42 8 10
35 43 4 10
35 44 2 15
35 45 5 15
35 46 5 14
35 47 0 1
35 48 0 1
35 49 0 1
35 50 0 1
35 51 0 1
35 52 0 1
35 53 0 1
35 54 0 1
35 55 0 1
35 56 0 1
35 57 0 1
35 58 0 1
35 59 0 1
35 60 0 1
35 61 2 9
35 62 0 1
35 63 0 1
35 64 0 1
35 65 0 1
35 66 0 1
35 67 0 1
35 68 0 1
35 69 0 1
35 70 0 3
35 71 0 1
35 72 0 1
35 73 0 1
35 74 0 1
35 75 4 6
35 76 3 8
35 77 5 12
35 78 3 13
35 79 4 11
35 80 2 12
35 81 3 11
35 82 7 11
35 83 4 11
35 84 3 11
35 85 5 15
35 86 6 13
35 87 8 13
35 88 2 9
35 89 2 5
35 90 2 10
35 91 3 8
35 92 3 10
35 93 1 5
35 94 4 12
35 95 5 13
35 96 3 10
35 97 0 1
35 98 0 1
35 99 0 1
35 100 0 1
36 1 1 5
36 2 1 13
36 3 5 10
36 4 1 6
36 5 1 10
36 6 7 13
36 7 7 13
36 8 1 5
36 9 1 5
36 10 1 5
36 11 1 5
36 12 1 5
36 13 1 5
36 14 1 5
36 15 5 12
36 16 2 6
36 17 3 6
36 18 6 10
36 19 4 8
36 20 1 11
36 21 4 12
36 22 4 13
36 23 3 7
36 24 5 9
36 25 5 11
36 26 6 13
36 27 3 13
36 28 2 11
36 29 5 12
36 30 4 14
36 31 1 9
36 32 3 8
36 33 1 4
36 34 4 10
36 35 3 9
36 36 4 13
36 37 0 6
36 38 1 5
36 39 1 5
36 40 1 5
36 41 2 7
36 42 6 13
36 43 2 8
36 44 0 5
36 45 4 10
36 46 4 11
36 47 6 15
36 48 5 6
36 49 3 9
36 50 0 12
36 51 0 1
36 52 0 1
36 53 0 1
36 54 0 3
36 55 0 1
36 56 0 1
36 57 0 1
36 58 0 1
36 59 0 1
36 60 0 1
36 61 0 1
36 62 0 1
36 63 0 1
36 64 0 4
36 65 0 3
36 66 0 1
36 67 2 5
36 68 0 1
36 69 0 1
36 70 0 1
36 71 0 1
36 72 0 1
36 73 0 1
36 74 0 1
36 75 0 1
36 76 0 1
36 77 0 1
36 78 0 1
36 79 5 9
36 80 7 11
36 81 3 8
36 82 1 6
36 83 4 9
36 84 4 11
36 85 3 14
36 86 2 5
36 87 7 10
36 88 3 9
36 89 9 11
36 90 4 14
36 91 1 11
36 92 3 5
36 93 3 8
36 94 4 10
36 95 1 4
36 96 4 12
36 97 0 8
36 98 4 12
36 99 5 11
36 100 0 1
37 1 1 5
37 2 1 6
37 3 7 13
37 4 7 13
37 5 1 13
37 6 1 10
37 7 6 10
37 8 5 12
37 9 1 5
37 10 1 5
37 11 1 5
37 12 1 5
37 13 1 5
37 14 1 5
37 15 1 5
37 16 5 10
37 17 2 6
37 18 1 6
37 19 1 6
37 20 3 7
37 21 1 11
37 22 2 7
37 23 3 7
37 24 3 13
37 25 4 13
37 26 6 13
37 27 3 6
37 28 3 10
37 29 5 12
37 30 5 11
37 31 4 14
37 32 2 11
37 33 4 8
37 34 4 12
37 35 5 9
37 36 2 5
37 37 1 5
37 38 4 10
37 39 2 9
37 40 1 5
37 41 7 13
37 42 5 12
37 43 3 14
37 44 4 11
37 45 0 1
37 46 0 1
37 47 0 1
37 48 0 1
37 49 0 1
37 50 0 1
37 51 0 1
37 52 3 10
37 53 0 1
37 54 0 1
37 55 0 1
37 56 0 1
37 57 0 1
37 58 0 1
37 59 0 1
37 60 0 1
37 61 0 1
37 62 0 1
37 63 0 1
37 64 0 1
37 65 0 1
37 66 0 1
37 67 0 1
37 68 0 1
37 69 0 1
37 70 0 1
37 71 0 3
37 72 0 1
37 73 0 3
37 74 0 1
37 75 0 1
37 76 7 11
37 77 0 4
37 78 6 11
37 79 4 11
37 80 5 11
37 81 4 10
37 82 4 15
37 83 4 7
37 84 1 7
37 85 5 9
37 86 5 10
37 87 3 9
37 88 3 9
37 89 2 8
37 90 2 7
37 91 6 13
37 92 5 12
37 93 7 14
37 94 6 11
37 95 1 4
37 96 1 5
37 97 5 10
37 98 0 2
37 99 0 1
37 100 0 1
38 1 1 10
38 2 1 6
38 3 1 6
38 4 1 10
38 5 4 14
38 6 6 10
38 7 1 5
38 8 1 5
38 9 1 5
38 10 1 5
38 11 1 5
38 12 1 5
38 13 1 5
38 14 1 5
38 15 1 5
38 16 5 10
38 17 5 10
38 18 1 5
38 19 1 6
38 20 1 6
38 21 1 6
38 22 7 13
38 23 7 13
38 24 3 7
38 25 1 13
38 26 1 11
38 27 5 12
38 28 2 6
38 29 2 6
38 30 2 7
38 31 3 10
38 32 3 7
38 33 4 13
38 34 2 6
38 35 0 6
38 36 3 6
38 37 3 6
38 38 3 9
38 39 6 13
38 40 5 12
38 41 7 12
38 42 2 14
38 43 6 11
38 44 3 13
38 45 1 7
38 46 5 11
38 47 8 11
38 48 4 10
38 49 8 12
38 50 3 12
38 51 4 12
38 52 1 5
38 53 4 11
38 54 0 1
38 55 0 1
38 56 0 1
38 57 0 1
38 58 0 3
38 59 0 1
38 60 0 1
38 61 0 1
38 62 0 1
38 63 0 1
38 64 0 1
38 65 0 1
38 66 0 1
38 67 0 1
38 68 0 1
38 69 0 1
38 70 0 1
38 71 0 1
38 72 0 1
38 73 0 1
38 74 0 1
38 75 0 1
38 76 0 1
38 77 0 1
38 78 0 1
38 79 0 1
38 80 5 11
38 81 4 11
38 82 2 11
38 83 5 15
38 84 3 11
38 85 2 12
38 86 4 9
38 87 2 8
38 88 8 10
38 89 2 9
38 90 12 13
38 91 3 9
38 92 8 12
38 93 3 13
38 94 2 12
38 95 1 5
38 96 3 10
38 97 0 2
38 98 0 1
38 99 0 1
38 100 0 1
39 1 1 6
39 2 1 6
39 3 1 5
39 4 3 7
39 5 2 14
39 6 1 10
39 7 1 10
39 8 1 5
39 9 1 5
39 10 1 5
39 11 1 5
39 12 1 5
39 13 1 5
39 14 1 5
39 15 1 5
39 16 1 5
39 17 1 6
39 18 1 6
39 19 1 6
39 20 1 5
39 21 1 5
39 22 1 5
39 23 1 5
39 24 1 5
39 25 4 14
39 26 1 11
39 27 2 6
39 28 2 6
39 29 2 6
39 30 1 8
39 31 5 10
39 32 5 10
39 33 1 13
39 34 6 10
39 35 5 12
39 36 2 9
39 37 7 13
39 38 7 13
39 39 2 7
39 40 7 12
39 41 7 11
39 42 5 12
39 43 5 11
39 44 5 9
39 45 3 6
39 46 3 12
39 47 2 3
39 48 1 5
39 49 5 12
39 50 6 12
39 51 2 11
39 52 4 11
39 53 6 13
39 54 2 6
39 55 6 13
39 56 1 5
39 57 4 9
39 58 4 10
39 59 1 9
39 60 0 1
39 61 0 1
39 62 0 1
39 63 0 1
39 64 0 1
39 65 0 1
39 66 0 1
39 67 0 1
39 68 0 1
39 69 0 1
39 70 0 1
39 71 0 1
39 72 0 1
39 73 0 1
39 74 0 1
39 75 0 1
39 76 0 1
39 77 0 1
39 78 0 1
39 79 0 1
39 80 0 1
39 81 0 1
39 82 0 1
39 83 0 1
39 84 0 1
39 85 0 1
39 86 0 1
39 87 0 1
39 88 4 8
39 89 5 12
39 90 2 8
39 91 4 10
39 92 5 8
39 93 6 13
39 94 5 10
39 95 4 12
39 96 4 6
39 97 3 11
39 98 8 11
39 99 0 1
39 100 0 1
40 1 1 8
40 2 1 9
40 3 3 7
40 4 1 6
40 5 1 6
40 6 1 6
40 7 1 5
40 8 1 5
40 9 1 5
40 10 1 5
40 11 1 5
40 12 1 5
40 13 1 5
40 14 1 5
40 15 1 5
40 16 1 5
40 17 1 5
40 18 1 5
40 19 1 5
40 20 1 5
40 21 1 5
40 22 1 5
40 23 2 7
40 24 1 6
40 25 1 6
40 26 1 10
40 27 1 10
40 28 1 11
40 29 5 10
40 30 4 14
40 31 2 14
40 32 3 13
40 33 1 5
40 34 2 6
40 35 2 6
40 36 2 6
40 37 2 6
40 38 4 7
40 39 2 10
40 40 2 10
40 41 4 11
40 42 1 5
40 43 1 7
40 44 0 6
40 45 5 14
40 46 4 11
40 47 1 12
40 48 3 11
40 49 4 10
40 50 2 6
40 51 1 5
40 52 4 10
40 53 0 1
40 54 0 1
40 55 0 1
40 56 0 1
40 57 0 1
40 58 0 1
40 59 0 1
40 60 0 1
40 61 0 1
40 62 0 1
40 63 0 1
40 64 0 1
40 65 0 1
40 66 0 1
40 67 0 2
40 68 0 1
40 69 0 1
40 70 0 1
40 71 0 1
40 72 0 1
40 73 0 1
40 74 0 1
40 75 0 1
40 76 0 1
40 77 0 1
40 78 5 10
40 79 2 6
40 80 5 11
40 81 5 10
40 82 4 11
40 83 5 15
40 84 4 10
40 85 4 12
40 86 4 9
40 87 9 10
40 88 5 13
40 89 7 12
40 90 6 13
40 91 3 9
40 92 4 11
40 93 0 2
40 94 4 9
40 95 4 11
40 96 3 8
40 97 5 10
40 98 7 7
40 99 5 11
40 100 0 1
41 1 1 9
41 2 0 8
41 3 5 10
41 4 1 10
41 5 1 10
41 6 3 7
41 7 7 13
41 8 2 10
41 9 3 10
41 10 3 10
41 11 1 8
41 12 1 5
41 13 1 5
41 14 1 5
41 15 1 5
41 16 1 5
41 17 1 5
41 18 1 5
41 19 1 5
41 20 1 5
41 21 1 5
41 22 1 5
41 23 1 5
41 24 1 5
41 25 1 5
41 26 1 5
41 27 1 5
41 28 1 5
41 29 1 5
41 30 1 5
41 31 1 5
41 32 1 5
41 33 2 6
41 34 1 6
41 35 1 6
41 36 1 6
41 37 1 11
41 38 2 7
41 39 1 6
41 40 1 6
41 41 4 14
41 42 5 13
41 43 2 11
41 44 6 12
41 45 4 9
41 46 5 13
41 47 4 10
41 48 0 7
41 49 2 6
41 50 1 6
41 51 1 6
41 52 2 8
41 53 3 10
41 54 3 11
41 55 5 10
41 56 1 4
41 57 1 11
41 58 4 8
41 59 5 14
41 60 1 9
41 61 0 1
41 62 0 1
41 63 0 1
41 64 0 1
41 65 0 1
41 66 0 1
41 67 0 1
41 68 0 1
41 69 0 1
41 70 1 4
41 71 0 1
41 72 0 1
41 73 0 1
41 74 0 1
41 75 0 1
41 76 0 1
41 77 0 1
41 78 0 1
41 79 0 1
41 80 0 1
41 81 0 1
41 82 0 1
41 83 0 1
41 84 0 1
41 85 0 1
41 86 1 6
41 87 1 6
41 88 0 12
41 89 2 9
41 90 4 11
41 91 4 13
41 92 4 13
41 93 1 9
41 94 7 10
41 95 2 11
41 96 2 9
41 97 3 13
41 98 7 9
41 99 3 10
41 100 3 10
42 1 2 10
42 2 1 10
42 3 1 10
42 4 1 10
42 5 5 10
42 6 1 8
42 7 0 8
42 8 1 9
42 9 1 6
42 10 3 7
42 11 7 13
42 12 2 7
42 13 1 5
42 14 1 5
42 15 1 5
42 16 1 5
42 17 1 5
42 18 1 5
42 19 1 5
42 20 1 5
42 21 1 5
42 22 1 5
42 23 1 5
42 24 1 5
42 25 1 5
42 26 1 5
42 27 1 5
42 28 1 5
42 29 1 5
42 30 1 5
42 31 1 5
42 32 1 5
42 33 1 5
42 34 1 5
42 35 1 5
42 36 1 5
42 37 1 5
42 38 1 5
42 39 1 5
42 40 3 5
42 41 2 7
42 42 3 10
42 43 3 10
42 44 3 5
42 45 1 5
42 46 0 8
42 47 1 7
42 48 7 14
42 49 0 1
42 50 0 1
42 51 0 1
42 52 0 1
42 53 0 1
42 54 0 1
42 55 0 1
42 56 0 1
42 57 0 1
42 58 0 1
42 59 2 7
42 60 0 1
42 61 0 1
42 62 0 1
42 63 0 1
42 64 0 1
42 65 0 1
42 66 0 1
42 67 0 1
42 68 4 11
42 69 1 6
42 70 3 10
42 71 3 8
42 72 2 10
42 73 1 7
42 74 6 9
42 75 1 7
42 76 6 13
42 77 3 11
42 78 4 12
42 79 0 5
42 80 2 10
42 81 5 10
42 82 5 11
42 83 1 4
42 84 4 10
42 85 4 11
42 86 1 5
42 87 1 3
42 88 1 9
42 89 4 8
42 90 4 13
42 91 1 7
42 92 5 10
42 93 5 12
42 94 6 12
42 95 6 14
42 96 4 11
42 97 4 13
42 98 2 7
42 99 1 6
42 100 2 6
43 1 0 8
43 2 1 9
43 3 1 10
43 4 1 10
43 5 1 10
43 6 0 7
43 7 2 12
43 8 1 10
43 9 2 7
43 10 2 7
43 11 3 7
43 12 1 5
43 13 1 5
43 14 1 5
43 15 1 5
43 16 1 5
43 17 1 5
43 18 1 5
43 19 1 5
43 20 1 5
43 21 1 5
43 22 1 5
43 23 1 5
43 24 1 5
43 25 1 5
43 26 1 5
43 27 1 5
43 28 1 5
43 29 1 5
43 30 1 5
43 31 1 5
43 32 1 5
43 33 1 5
43 34 1 5
43 35 4 12
43 36 2 10
43 37 1 6
43 38 0 5
43 39 1 8
43 40 5 10
43 41 2 8
43 42 2 7
43 43 7 13
43 44 3 7
43 45 3 7
43 46 1 6
43 47 1 5
43 48 1 10
43 49 3 5
43 50 2 6
43 51 4 7
43 52 3 10
43 53 6 9
43 54 8 11
43 55 4 8
43 56 4 12
43 57 1 5
43 58 2 9
43 59 0 3
43 60 7 10
43 61 3 12
43 62 4 13
43 63 4 10
43 64 1 11
43 65 3 13
43 66 2 9
43 67 0 1
43 68 0 1
43 69 0 1
43 70 0 1
43 71 0 1
43 72 0 1
43 73 0 1
43 74 0 1
43 75 0 2
43 76 0 1
43 77 0 1
43 78 0 1
43 79 0 1
43 80 0 1
43 81 0 1
43 82 1 7
43 83 1 5
43 84 3 10
43 85 1 6
43 86 5 11
43 87 1 6
43 88 4 11
43 89 3 14
43 90 3 8
43 91 4 9
43 92 2 10
43 93 1 9
43 94 4 11
43 95 1 5
43 96 3 10
43 97 2 6
43 98 5 11
43 99 4 10
43 100 2 6
44 1 1 10
44 2 1 10
44 3 1 10
44 4 1 10
44 5 0 8
44 6 1 9
44 7 0 7
44 8 0 5
44 9 3 12
44 10 1 8
44 11 1 10
44 12 3 7
44 13 3 11
44 14 2 7
44 15 1 5
44 16 1 5
44 17 1 5
44 18 1 5
44 19 1 5
44 20 1 5
44 21 1 5
44 22 1 5
44 23 1 5
44 24 1 5
44 25 1 5
44 26 1 5
44 27 1 5
44 28 1 5
44 29 1 5
44 30 1 5
44 31 1 5
44 32 1 5
44 33 1 5
44 34 1 5
44 35 1 5
44 36 1 5
44 37 1 5
44 38 1 5
44 39 2 11
44 40 3 9
44 41 3 7
44 42 5 12
44 43 2 12
44 44 2 7
44 45 2 7
44 46 2 7
44 47 6 12
44 48 4 12
44 49 3 5
44 50 2 6
44 51 3 10
44 52 2 11
44 53 1 6
44 54 2 10
44 55 3 7
44 56 0 7
44 57 0 4
44 58 1 5
44 59 6 11
44 60 1 11
44 61 4 9
44 62 3 10
44 63 1 5
44 64 3 8
44 65 0 1
44 66 0 1
44 67 0 1
44 68 0 1
44 69 0 1
44 70 0 1
44 71 0 1
44 72 0 1
44 73 0 2
44 74 0 1
44 75 0 1
44 76 6 13
44 77 1 6
44 78 9 13
44 79 2 9
44 80 1 5
44 81 1 6
44 82 1 8
44 83 9 13
44 84 1 11
44 85 4 10
44 86 2 12
44 87 2 9
44 88 1 9
44 89 3 11
44 90 2 5
44 91 1 5
44 92 1 5
44 93 4 11
44 94 3 6
44 95 2 7
44 96 3 10
44 97 3 9
44 98 1 10
44 99 3 8
44 100 5 10
45 1 2 5
45 2 1 10
45 3 1 10
45 4 1 10
45 5 1 10
45 6 3 11
45 7 0 5
45 8 0 8
45 9 1 9
45 10 0 7
45 11 3 11
45 12 3 7
45 13 2 8
45 14 1 10
45 15 1 5
45 16 1 5
45 17 1 5
45 18 1 5
45 19 1 5
45 20 1 5
45 21 1 5
45 22 1 5
45 23 1 5
45 24 1 5
45 25 1 5
45 26 1 5
45 27 1 5
45 28 1 5
45 29 1 5
45 30 1 5
45 31 1 5
45 32 1 5
45 33 1 5
45 34 1 5
45 35 1 5
45 36 1 5
45 37 1 5
45 38 3 9
45 39 3 6
45 40 1 8
45 41 1 8
45 42 2 7
45 43 3 12
45 44 3 9
45 45 4 11
45 46 4 7
45 47 3 12
45 48 4 8
45 49 5 13
45 50 1 8
45 51 3 9
45 52 5 11
45 53 1 6
45 54 4 10
45 55 4 10
45 56 5 12
45 57 4 12
45 58 3 6
45 59 4 12
45 60 1 5
45 61 0 3
45 62 1 7
45 63 1 11
45 64 1 5
45 65 2 9
45 66 1 5
45 67 3 9
45 68 7 13
45 69 5 12
45 70 6 14
45 71 2 11
45 72 0 1
45 73 0 1
45 74 0 1
45 75 0 1
45 76 0 2
45 77 0 1
45 78 0 5
45 79 0 1
45 80 0 1
45 81 0 1
45 82 2 7
45 83 1 9
45 84 4 11
45 85 5 11
45 86 6 12
45 87 5 8
45 88 0 3
45 89 1 12
45 90 3 11
45 91 3 10
45 92 3 10
45 93 3 9
45 94 8 11
45 95 3 8
45 96 2 5
45 97 2 4
45 98 4 10
45 99 1 8
45 100 1 8
46 1 3 11
46 2 1 6
46 3 2 11
46 4 1 10
46 5 1 10
46 6 1 10
46 7 1 10
46 8 1 9
46 9 0 5
46 10 0 5
46 11 0 8
46 12 3 12
46 13 3 11
46 14 2 6
46 15 3 7
46 16 2 5
46 17 0 7
46 18 2 6
46 19 1 5
46 20 1 5
46 21 1 5
46 22 1 5
46 23 1 5
46 24 1 5
46 25 1 5
46 26 1 5
46 27 1 5
46 28 1 5
46 29 1 5
46 30 1 5
46 31 1 5
46 32 1 5
46 33 1 5
46 34 1 5
46 35 1 5
46 36 1 5
46 37 1 5
46 38 1 5
46 39 1 5
46 40 1 5
46 41 1 5
46 42 1 5
46 43 1 5
46 44 1 5
46 45 1 5
46 46 2 10
46 47 2 8
46 48 2 7
46 49 1 6
46 50 2 8
46 51 1 8
46 52 1 8
46 53 3 9
46 54 2 6
46 55 1 6
46 56 1 10
46 57 7 13
46 58 3 13
46 59 4 12
46 60 2 8
46 61 3 8
46 62 3 10
46 63 1 5
46 64 1 5
46 65 6 11
46 66 3 8
46 67 5 12
46 68 0 9
46 69 0 3
46 70 1 7
46 71 4 12
46 72 2 8
46 73 0 11
46 74 0 3
46 75 5 12
46 76 1 5
46 77 1 5
46 78 1 7
46 79 2 7
46 80 1 9
46 81 1 5
46 82 0 1
46 83 0 1
46 84 0 1
46 85 0 1
46 86 0 5
46 87 0 12
46 88 3 8
46 89 1 5
46 90 1 5
46 91 4 12
46 92 3 8
46 93 3 7
46 94 5 11
46 95 0 13
46 96 4 10
46 97 2 7
46 98 3 11
46 99 0 7
46 100 3 10
47 1 2 6
47 2 1 5
47 3 1 5
47 4 1 5
47 5 1 5
47 6 1 5
47 7 1 5
47 8 1 5
47 9 1 5
47 10 1 5
47 11 1 5
47 12 1 5
47 13 1 5
47 14 1 5
47 15 1 5
47 16 1 5
47 17 1 5
47 18 3 5
47 19 0 5
47 20 0 5
47 21 0 5
47 22 1 10
47 23 1 10
47 24 1 10
47 25 1 10
47 26 1 10
47 27 3 7
47 28 1 7
47 29 0 7
47 30 3 11
47 31 1 8
47 32 1 7
47 33 1 9
47 34 0 8
47 35 2 11
47 36 3 12
47 37 3 12
47 38 0 8
47 39 1 6
47 40 1 9
47 41 0 7
47 42 3 8
47 43 1 8
47 44 2 6
47 45 1 13
47 46 2 9
47 47 3 11
47 48 1 7
47 49 2 8
47 50 4 7
47 51 1 4
47 52 3 5
47 53 2 5
47 54 2 12
47 55 2 9
47 56 4 10
47 57 1 6
47 58 1 5
47 59 0 10
47 60 3 9
47 61 4 11
47 62 1 10
47 63 0 3
47 64 4 14
47 65 0 3
47 66 0 6
47 67 2 8
47 68 1 4
47 69 2 11
47 70 2 7
47 71 1 5
47 72 0 1
47 73 0 1
47 74 1 5
47 75 1 5
47 76 1 6
47 77 2 9
47 78 3 11
47 79 0 3
47 80 3 13
47 81 3 11
47 82 3 13
47 83 1 5
47 84 3 8
47 85 2 7
47 86 1 5
47 87 6 12
47 88 2 10
47 89 2 8
47 90 2 6
47 91 3 7
47 92 3 12
47 93 4 10
47 94 3 9
47 95 0 5
47 96 1 5
47 97 1 11
47 98 0 7
47 99 0 3
47 100 2 7
48 1 3 8
48 2 4 10
48 3 2 6
48 4 3 5
48 5 3 5
48 6 5 12
48 7 3 8
48 8 1 6
48 9 2 9
48 10 2 11
48 11 3 11
48 12 2 7
48 13 0 7
48 14 1 7
48 15 1 10
48 16 1 10
48 17 1 10
48 18 1 10
48 19 1 10
48 20 1 8
48 21 3 7
48 22 1 5
48 23 1 5
48 24 1 5
48 25 1 5
48 26 1 5
48 27 1 5
48 28 1 5
48 29 1 5
48 30 1 5
48 31 1 5
48 32 1 5
48 33 1 5
48 34 1 5
48 35 1 5
48 36 1 5
48 37 1 5
48 38 1 5
48 39 1 5
48 40 1 5
48 41 1 5
48 42 1 5
48 43 1 5
48 44 3 9
48 45 1 12
48 46 2 7
48 47 5 12
48 48 3 7
48 49 4 9
48 50 1 13
48 51 0 6
48 52 4 12
48 53 2 9
48 54 0 8
48 55 4 10
48 56 1 7
48 57 0 8
48 58 0 5
48 59 0 5
48 60 0 5
48 61 0 5
48 62 1 6
48 63 1 4
48 64 5 12
48 65 3 11
48 66 3 9
48 67 0 8
48 68 0 3
48 69 1 5
48 70 4 7
48 71 4 12
48 72 1 9
48 73 2 11
48 74 1 5
48 75 1 5
48 76 0 11
48 77 1 11
48 78 0 6
48 79 0 3
48 80 3 12
48 81 4 11
48 82 2 6
48 83 4 8
48 84 1 5
48 85 1 5
48 86 3 6
48 87 3 9
48 88 1 7
48 89 0 1
48 90 0 1
48 91 0 1
48 92 0 7
48 93 2 6
48 94 2 9
48 95 3 14
48 96 3 11
48 97 5 12
48 98 5 15
48 99 4 10
48 100 2 6
49 1 0 7
49 2 3 7
49 3 3 7
49 4 2 7
49 5 0 5
49 6 3 11
49 7 3 5
49 8 1 10
49 9 1 10
49 10 1 10
49 11 1 10
49 12 1 10
49 13 2 9
49 14 3 11
49 15 3 8
49 16 1 5
49 17 1 5
49 18 1 5
49 19 1 5
49 20 1 5
49 21 1 5
49 22 1 5
49 23 1 5
49 24 1 5
49 25 1 5
49 26 1 5
49 27 1 5
49 28 1 5
49 29 0 10
49 30 2 6
49 31 2 7
49 32 2 8
49 33 4 10
49 34 2 10
49 35 5 12
49 36 1 5
49 37 3 8
49 38 0 7
49 39 2 6
49 40 2 10
49 41 2 11
49 42 1 6
49 43 3 8
49 44 1 8
49 45 1 7
49 46 0 10
49 47 2 7
49 48 3 5
49 49 3 5
49 50 1 6
49 51 4 10
49 52 5 7
49 53 4 7
49 54 4 9
49 55 5 9
49 56 5 8
49 57 4 10
49 58 3 11
49 59 1 5
49 60 1 9
49 61 0 5
49 62 3 12
49 63 1 9
49 64 1 5
49 65 1 8
49 66 4 9
49 67 0 1
49 68 0 1
49 69 0 1
49 70 0 1
49 71 0 3
49 72 0 3
49 73 0 3
49 74 0 6
49 75 0 5
49 76 4 9
49 77 1 7
49 78 0 7
49 79 0 8
49 80 1 5
49 81 2 5
49 82 1 13
49 83 0 8
49 84 3 10
49 85 3 12
49 86 3 9
49 87 1 5
49 88 3 12
49 89 1 6
49 90 1 6
49 91 0 5
49 92 4 9
49 93 3 11
49 94 5 11
49 95 1 9
49 96 5 13
49 97 5 10
49 98 3 13
49 99 0 4
49 100 0 8
50 1 6 12
50 2 2 7
50 3 0 5
50 4 1 7
50 5 2 6
50 6 2 9
50 7 1 5
50 8 1 5
50 9 1 5
50 10 1 5
50 11 1 5
50 12 1 5
50 13 1 5
50 14 1 5
50 15 1 5
50 16 1 5
50 17 1 5
50 18 1 5
50 19 1 5
50 20 1 5
50 21 1 5
50 22 1 5
50 23 1 5
50 24 3 12
50 25 3 7
50 26 3 7
50 27 3 8
50 28 3 7
50 29 7 13
50 30 3 11
50 31 2 8
50 32 3 5
50 33 2 9
50 34 2 7
50 35 0 7
50 36 0 7
50 37 2 6
50 38 2 8
50 39 3 11
50 40 4 9
50 41 0 5
50 42 0 5
50 43 0 6
50 44 4 8
50 45 1 10
50 46 1 10
50 47 0 6
50 48 2 9
50 49 1 10
50 50 1 10
50 51 1 10
50 52 1 10
50 53 0 10
50 54 1 7
50 55 3 12
50 56 5 10
50 57 6 8
50 58 2 5
50 59 2 6
50 60 5 11
50 61 1 5
50 62 2 6
50 63 4 11
50 64 0 5
50 65 1 11
50 66 3 9
50 67 5 10
50 68 1 9
50 69 2 11
50 70 1 5
50 71 2 10
50 72 4 9
50 73 2 11
50 74 5 12
50 75 0 3
50 76 2 5
50 77 0 3
50 78 0 8
50 79 0 8
50 80 0 1
50 81 2 7
50 82 1 13
50 83 1 5
50 84 0 6
50 85 1 10
50 86 3 12
50 87 0 9
50 88 0 6
50 89 1 5
50 90 3 9
50 91 1 7
50 92 2 12
50 93 2 6
50 94 2 7
50 95 2 7
50 96 5 10
50 97 4 13
50 98 0 2
50 99 0 2
50 100 0 2
51 1 3 8
51 2 1 7
51 3 3 11
51 4 3 11
51 5 2 6
51 6 6 12
51 7 2 9
51 8 0 5
51 9 0 5
51 10 0 5
51 11 4 12
51 12 2 7
51 13 2 7
51 14 2 7
51 15 3 8
51 16 3 12
51 17 7 13
51 18 1 5
51 19 1 5
51 20 1 5
51 21 1 5
51 22 1 5
51 23 1 5
51 24 1 5
51 25 1 5
51 26 1 5
51 27 1 5
51 28 1 5
51 29 1 5
51 30 1 5
51 31 1 5
51 32 1 5
51 33 1 5
51 34 1 5
51 35 1 5
51 36 1 5
51 37 2 6
51 38 3 7
51 39 3 7
51 40 3 7
51 41 3 12
51 42 2 9
51 43 3 5
51 44 3 9
51 45 5 12
51 46 5 9
51 47 1 10
51 48 3 12
51 49 1 6
51 50 0 6
51 51 0 5
51 52 3 7
51 53 0 5
51 54 0 6
51 55 2 9
51 56 0 8
51 57 1 10
51 58 3 7
51 59 4 8
51 60 2 7
51 61 8 11
51 62 1 3
51 63 2 14
51 64 2 10
51 65 3 9
51 66 0 5
51 67 0 3
51 68 0 7
51 69 0 3
51 70 3 8
51 71 3 13
51 72 2 10
51 73 3 9
51 74 2 6
51 75 0 4
51 76 1 7
51 77 1 14
51 78 6 10
51 79 0 6
51 80 0 5
51 81 0 9
51 82 3 8
51 83 2 8
51 84 1 6
51 85 2 14
51 86 1 10
51 87 1 11
51 88 4 12
51 89 0 6
51 90 2 6
51 91 0 7
51 92 4 11
51 93 4 12
51 94 4 8
51 95 0 9
51 96 5 11
51 97 1 6
51 98 0 5
51 99 1 5
51 100 0 2
52 1 6 12
52 2 3 12
52 3 3 8
52 4 2 9
52 5 4 12
52 6 1 5
52 7 1 5
52 8 1 5
52 9 1 5
52 10 1 5
52 11 1 5
52 12 1 5
52 13 1 5
52 14 1 5
52 15 1 5
52 16 1 5
52 17 1 5
52 18 1 5
52 19 1 5
52 20 1 5
52 21 1 5
52 22 1 5
52 23 1 5
52 24 1 5
52 25 1 5
52 26 1 5
52 27 1 5
52 28 1 5
52 29 2 7
52 30 2 7
52 31 3 8
52 32 3 11
52 33 3 11
52 34 2 6
52 35 2 7
52 36 2 5
52 37 0 5
52 38 0 5
52 39 0 5
52 40 0 5
52 41 2 12
52 42 1 7
52 43 3 13
52 44 2 9
52 45 7 13
52 46 1 9
52 47 1 12
52 48 0 6
52 49 0 6
52 50 0 7
52 51 2 12
52 52 1 7
52 53 4 11
52 54 3 7
52 55 4 8
52 56 4 13
52 57 3 7
52 58 4 7
52 59 1 7
52 60 1 5
52 61 3 9
52 62 0 6
52 63 2 10
52 64 0 3
52 65 0 3
52 66 1 7
52 67 0 8
52 68 3 11
52 69 1 8
52 70 1 6
52 71 1 6
52 72 0 6
52 73 2 12
52 74 2 13
52 75 0 7
52 76 0 5
52 77 5 12
52 78 2 7
52 79 0 6
52 80 3 6
52 81 0 8
52 82 5 9
52 83 1 8
52 84 4 11
52 85 3 7
52 86 5 12
52 87 8 15
52 88 2 5
52 89 4 12
52 90 4 10
52 91 7 14
52 92 1 5
52 93 0 3
52 94 4 8
52 95 3 10
52 96 2 6
52 97 7 13
52 98 1 10
52 99 1 4
52 100 0 5
53 1 1 6
53 2 6 12
53 3 2 9
53 4 3 11
53 5 3 8
53 6 0 5
53 7 0 5
53 8 4 12
53 9 1 5
53 10 1 5
53 11 1 5
53 12 1 5
53 13 1 5
53 14 1 5
53 15 1 5
53 16 1 5
53 17 1 5
53 18 1 5
53 19 1 5
53 20 1 5
53 21 1 5
53 22 1 5
53 23 1 5
53 24 1 5
53 25 1 5
53 26 1 5
53 27 1 5
53 28 1 5
53 29 1 5
53 30 1 5
53 31 1 5
53 32 1 5
53 33 1 5
53 34 1 5
53 35 1 5
53 36 3 10
53 37 0 9
53 38 2 7
53 39 2 9
53 40 2 8
53 41 2 10
53 42 2 6
53 43 1 5
53 44 2 6
53 45 2 8
53 46 3 12
53 47 3 8
53 48 4 11
53 49 2 7
53 50 2 7
53 51 3 7
53 52 2 10
53 53 2 12
53 54 3 15
53 55 1 7
53 56 3 9
53 57 2 6
53 58 3 7
53 59 2 5
53 60 3 7
53 61 3 12
53 62 4 9
53 63 3 7
53 64 2 11
53 65 3 9
53 66 1 13
53 67 3 9
53 68 1 11
53 69 1 6
53 70 3 13
53 71 0 3
53 72 2 12
53 73 0 3
53 74 1 5
53 75 4 12
53 76 1 7
53 77 3 6
53 78 1 6
53 79 4 8
53 80 3 6
53 81 4 14
53 82 2 7
53 83 1 8
53 84 3 7
53 85 3 10
53 86 3 12
53 87 4 10
53 88 3 11
53 89 4 10
53 90 3 8
53 91 6 14
53 92 2 5
53 93 1 5
53 94 1 5
53 95 1 5
53 96 0 5
53 97 0 5
53 98 1 5
53 99 2 8
53 100 1 6
54 1 1 6
54 2 6 12
54 3 2 9
54 4 3 8
54 5 4 12
54 6 3 11
54 7 4 11
54 8 0 5
54 9 0 5
54 10 0 5
54 11 3 8
54 12 1 6
54 13 2 6
54 14 3 10
54 15 3 8
54 16 1 5
54 17 1 5
54 18 1 5
54 19 1 5
54 20 1 5
54 21 1 5
54 22 1 5
54 23 1 5
54 24 1 5
54 25 1 5
54 26 1 5
54 27 1 5
54 28 1 5
54 29 1 5
54 30 1 5
54 31 1 5
54 32 1 5
54 33 1 5
54 34 1 5
54 35 1 5
54 36 1 5
54 37 1 5
54 38 1 5
54 39 1 5
54 40 1 5
54 41 1 5
54 42 1 5
54 43 1 5
54 44 3 8
54 45 2 7
54 46 2 9
54 47 2 7
54 48 2 5
54 49 2 5
54 50 1 5
54 51 3 8
54 52 4 13
54 53 2 8
54 54 3 7
54 55 3 10
54 56 2 6
54 57 2 5
54 58 1 5
54 59 4 6
54 60 2 7
54 61 3 12
54 62 1 8
54 63 1 5
54 64 1 5
54 65 4 12
54 66 1 7
54 67 2 7
54 68 5 10
54 69 4 12
54 70 5 12
54 71 1 5
54 72 0 3
54 73 3 8
54 74 2 5
54 75 3 12
54 76 2 6
54 77 3 12
54 78 1 5
54 79 7 9
54 80 3 9
54 81 0 5
54 82 2 14
54 83 2 12
54 84 1 7
54 85 3 13
54 86 1 11
54 87 3 13
54 88 3 8
54 89 0 7
54 90 3 14
54 91 0 10
54 92 1 10
54 93 1 7
54 94 5 12
54 95 0 3
54 96 2 12
54 97 5 14
54 98 4 8
54 99 2 8
54 100 1 8
55 1 1 6
55 2 6 12
55 3 1 5
55 4 1 7
55 5 1 5
55 6 1 5
55 7 1 5
55 8 1 5
55 9 1 5
55 10 1 5
55 11 1 5
55 12 1 5
55 13 1 5
55 14 1 5
55 15 1 5
55 16 1 5
55 17 1 5
55 18 1 5
55 19 1 5
55 20 1 5
55 21 1 5
55 22 1 5
55 23 1 5
55 24 1 5
55 25 1 5
55 26 1 5
55 27 1 5
55 28 1 5
55 29 1 5
55 30 1 5
55 31 1 5
55 32 2 9
55 33 3 8
55 34 3 8
55 35 3 9
55 36 3 7
55 37 2 6
55 38 0 5
55 39 0 5
55 40 0 5
55 41 0 5
55 42 3 10
55 43 4 11
55 44 3 8
55 45 3 8
55 46 3 11
55 47 2 5
55 48 4 12
55 49 1 6
55 50 1 6
55 51 3 10
55 52 3 6
55 53 2 5
55 54 2 10
55 55 6 11
55 56 2 5
55 57 4 6
55 58 1 7
55 59 1 6
55 60 3 5
55 61 5 11
55 62 1 8
55 63 3 10
55 64 2 10
55 65 1 7
55 66 1 7
55 67 2 7
55 68 1 8
55 69 1 4
55 70 0 9
55 71 2 4
55 72 1 5
55 73 1 6
55 74 3 8
55 75 2 8
55 76 2 8
55 77 1 7
55 78 4 7
55 79 2 14
55 80 7 13
55 81 0 3
55 82 7 11
55 83 1 5
55 84 0 6
55 85 2 7
55 86 2 10
55 87 2 8
55 88 3 11
55 89 1 7
55 90 7 9
55 91 3 13
55 92 1 11
55 93 5 13
55 94 3 11
55 95 1 5
55 96 4 15
55 97 3 10
55 98 5 11
55 99 4 9
55 100 5 12
56 1 6 12
56 2 2 7
56 3 1 6
56 4 2 8
56 5 0 5
56 6 2 6
56 7 1 6
56 8 1 6
56 9 1 8
56 10 0 5
56 11 4 11
56 12 5 14
56 13 2 8
56 14 1 7
56 15 1 4
56 16 1 5
56 17 1 5
56 18 1 5
56 19 1 5
56 20 1 5
56 21 1 5
56 22 1 5
56 23 1 5
56 24 1 5
56 25 1 5
56 26 1 5
56 27 1 5
56 28 1 5
56 29 1 5
56 30 1 5
56 31 1 5
56 32 1 5
56 33 1 5
56 34 1 5
56 35 1 5
56 36 1 5
56 37 1 5
56 38 1 5
56 39 1 5
56 40 1 5
56 41 1 5
56 42 1 5
56 43 1 5
56 44 1 5
56 45 1 5
56 46 2 6
56 47 2 6
56 48 1 5
56 49 1 7
56 50 1 5
56 51 3 8
56 52 2 8
56 53 3 8
56 54 2 6
56 55 6 11
56 56 2 8
56 57 4 6
56 58 5 10
56 59 3 6
56 60 6 9
56 61 3 7
56 62 2 5
56 63 4 7
56 64 2 7
56 65 6 14
56 66 4 12
56 67 1 8
56 68 1 5
56 69 3 8
56 70 2 7
56 71 2 14
56 72 4 12
56 73 2 5
56 74 2 11
56 75 1 5
56 76 0 4
56 77 1 4
56 78 6 14
56 79 1 5
56 80 1 6
56 81 1 5
56 82 5 11
56 83 0 7
56 84 2 12
56 85 0 6
56 86 4 12
56 87 3 9
56 88 3 11
56 89 2 8
56 90 6 8
56 91 3 6
56 92 5 15
56 93 3 11
56 94 2 9
56 95 4 11
56 96 3 9
56 97 4 15
56 98 4 11
56 99 4 9
56 100 0 5
57 1 6 12
57 2 3 12
57 3 2 6
57 4 2 6
57 5 1 6
57 6 1 6
57 7 1 6
57 8 1 6
57 9 5 14
57 10 5 14
57 11 1 6
57 12 1 5
57 13 0 5
57 14 1 8
57 15 2 7
57 16 4 11
57 17 2 6
57 18 3 10
57 19 5 12
57 20 3 10
57 21 3 7
57 22 1 7
57 23 0 5
57 24 1 5
57 25 1 5
57 26 1 5
57 27 1 5
57 28 1 5
57 29 1 5
57 30 1 5
57 31 1 5
57 32 1 5
57 33 1 5
57 34 1 5
57 35 1 5
57 36 1 5
57 37 1 5
57 38 1 5
57 39 1 5
57 40 1 5
57 41 1 5
57 42 1 5
57 43 1 5
57 44 1 5
57 45 1 5
57 46 1 5
57 47 1 5
57 48 1 7
57 49 1 5
57 50 1 8
57 51 6 13
57 52 2 8
57 53 1 5
57 54 1 5
57 55 3 8
57 56 4 7
57 57 2 8
57 58 3 8
57 59 1 4
57 60 1 4
57 61 2 8
57 62 4 6
57 63 5 11
57 64 3 8
57 65 2 5
57 66 6 11
57 67 4 13
57 68 4 12
57 69 1 8
57 70 3 7
57 71 3 8
57 72 7 11
57 73 3 13
57 74 0 5
57 75 1 6
57 76 1 5
57 77 1 5
57 78 2 12
57 79 3 8
57 80 1 5
57 81 2 11
57 82 1 3
57 83 6 14
57 84 0 4
57 85 0 4
57 86 4 11
57 87 1 5
57 88 0 4
57 89 3 11
57 90 2 12
57 91 4 6
57 92 0 7
57 93 3 10
57 94 1 6
57 95 3 13
57 96 1 6
57 97 4 11
57 98 5 11
57 99 1 5
57 100 5 13
58 1 6 12
58 2 3 12
58 3 2 6
58 4 2 6
58 5 1 6
58 6 1 6
58 7 1 6
58 8 1 6
58 9 1 6
58 10 2 5
58 11 2 5
58 12 4 9
58 13 4 11
58 14 1 7
58 15 1 7
58 16 1 7
58 17 2 7
58 18 1 5
58 19 1 5
58 20 5 12
58 21 5 12
58 22 1 6
58 23 2 6
58 24 1 5
58 25 1 5
58 26 1 5
58 27 1 5
58 28 1 5
58 29 1 5
58 30 1 5
58 31 1 5
58 32 1 5
58 33 1 9
58 34 1 5
58 35 1 5
58 36 1 5
58 37 1 5
58 38 1 5
58 39 1 7
58 40 0 5
58 41 1 8
58 42 3 10
58 43 1 6
58 44 1 6
58 45 1 6
58 46 1 6
58 47 1 5
58 48 3 10
58 49 1 8
58 50 1 8
58 51 3 7
58 52 3 9
58 53 3 6
58 54 5 14
58 55 5 14
58 56 6 10
58 57 0 5
58 58 5 14
58 59 3 7
58 60 2 5
58 61 1 4
58 62 3 8
58 63 1 5
58 64 2 5
58 65 0 4
58 66 3 5
58 67 3 13
58 68 4 10
58 69 1 8
58 70 0 11
58 71 0 6
58 72 1 7
58 73 0 9
58 74 6 8
58 75 5 12
58 76 0 3
58 77 4 11
58 78 3 10
58 79 3 9
58 80 1 5
58 81 3 11
58 82 0 7
58 83 3 9
58 84 1 7
58 85 2 10
58 86 2 12
58 87 2 8
58 88 5 7
58 89 5 11
58 90 1 5
58 91 2 6
58 92 3 7
58 93 1 8
58 94 6 13
58 95 3 13
58 96 3 13
58 97 4 13
58 98 2 6
58 99 2 10
58 100 1 8
59 1 1 6
59 2 1 6
59 3 1 6
59 4 1 6
59 5 1 6
59 6 1 6
59 7 3 6
59 8 4 9
59 9 2 6
59 10 2 6
59 11 2 6
59 12 2 8
59 13 4 11
59 14 4 12
59 15 6 14
59 16 5 12
59 17 2 5
59 18 2 5
59 19 2 5
59 20 2 5
59 21 1 6
59 22 6 12
59 23 3 6
59 24 0 5
59 25 1 6
59 26 0 5
59 27 1 6
59 28 2 7
59 29 3 12
59 30 5 12
59 31 2 8
59 32 3 11
59 33 1 6
59 34 1 7
59 35 1 7
59 36 1 7
59 37 1 5
59 38 1 5
59 39 1 5
59 40 1 5
59 41 1 5
59 42 1 5
59 43 2 8
59 44 1 5
59 45 1 5
59 46 1 5
59 47 3 8
59 48 2 10
59 49 6 11
59 50 1 5
59 51 1 5
59 52 1 5
59 53 1 5
59 54 3 11
59 55 1 6
59 56 1 5
59 57 3 7
59 58 4 8
59 59 6 10
59 60 2 9
59 61 2 9
59 62 2 6
59 63 2 6
59 64 2 9
59 65 1 4
59 66 2 11
59 67 1 6
59 68 2 5
59 69 1 5
59 70 3 12
59 71 1 7
59 72 1 9
59 73 1 5
59 74 0 6
59 75 3 11
59 76 1 6
59 77 1 5
59 78 1 5
59 79 1 12
59 80 1 5
59 81 1 5
59 82 1 5
59 83 1 8
59 84 4 9
59 85 5 12
59 86 3 7
59 87 2 10
59 88 3 7
59 89 3 12
59 90 3 13
59 91 6 15
59 92 0 4
59 93 0 3
59 94 1 8
59 95 3 13
59 96 6 14
59 97 7 12
59 98 3 9
59 99 1 8
59 100 0 2
60 1 1 6
60 2 2 6
60 3 2 6
60 4 2 6
60 5 2 6
60 6 2 6
60 7 1 6
60 8 1 6
60 9 2 8
60 10 6 12
60 11 1 6
60 12 1 6
60 13 3 6
60 14 2 5
60 15 3 6
60 16 3 12
60 17 1 10
60 18 1 6
60 19 3 6
60 20 1 6
60 21 1 6
60 22 1 6
60 23 1 6
60 24 1 6
60 25 4 7
60 26 2 6
60 27 2 5
60 28 2 5
60 29 2 5
60 30 2 5
60 31 3 7
60 32 5 10
60 33 1 5
60 34 1 5
60 35 1 5
60 36 1 5
60 37 1 6
60 38 2 5
60 39 0 5
60 40 3 10
60 41 5 12
60 42 4 11
60 43 4 12
60 44 0 5
60 45 0 5
60 46 7 10
60 47 6 14
60 48 5 10
60 49 1 6
60 50 1 6
60 51 5 12
60 52 2 7
60 53 1 6
60 54 4 9
60 55 4 6
60 56 2 7
60 57 5 11
60 58 1 5
60 59 5 9
60 60 5 12
60 61 3 6
60 62 2 6
60 63 4 9
60 64 4 10
60 65 1 4
60 66 2 9
60 67 2 10
60 68 2 7
60 69 4 13
60 70 1 6
60 71 0 5
60 72 1 5
60 73 3 12
60 74 2 11
60 75 3 10
60 76 1 11
60 77 1 6
60 78 2 7
60 79 4 9
60 80 1 5
60 81 3 11
60 82 3 7
60 83 1 6
60 84 1 8
60 85 2 11
60 86 2 10
60 87 3 9
60 88 3 8
60 89 6 11
60 90 3 13
60 91 2 8
60 92 1 3
60 93 2 7
60 94 0 3
60 95 2 6
60 96 6 10
60 97 3 11
60 98 5 14
60 99 2 9
60 100 3 11
61 1 7 11
61 2 2 8
61 3 3 6
61 4 3 6
61 5 3 6
61 6 1 7
61 7 2 6
61 8 1 6
61 9 1 7
61 10 1 6
61 11 3 6
61 12 3 6
61 13 2 5
61 14 2 5
61 15 2 5
61 16 2 5
61 17 2 5
61 18 2 5
61 19 2 5
61 20 2 5
61 21 1 5
61 22 4 6
61 23 1 6
61 24 2 5
61 25 3 10
61 26 2 5
61 27 2 5
61 28 0 5
61 29 1 6
61 30 1 6
61 31 4 7
61 32 2 5
61 33 2 6
61 34 2 6
61 35 2 6
61 36 2 6
61 37 2 6
61 38 1 6
61 39 0 5
61 40 0 5
61 41 1 6
61 42 1 6
61 43 1 6
61 44 1 6
61 45 1 6
61 46 1 10
61 47 1 6
61 48 5 10
61 49 2 8
61 50 2 8
61 51 1 6
61 52 1 6
61 53 3 12
61 54 6 12
61 55 4 7
61 56 4 11
61 57 4 11
61 58 1 6
61 59 6 13
61 60 6 10
61 61 3 9
61 62 4 12
61 63 1 6
61 64 5 11
61 65 1 6
61 66 3 6
61 67 3 12
61 68 1 6
61 69 3 8
61 70 1 7
61 71 2 12
61 72 2 7
61 73 5 11
61 74 0 5
61 75 4 9
61 76 3 12
61 77 3 12
61 78 2 6
61 79 2 6
61 80 3 7
61 81 6 14
61 82 2 7
61 83 1 5
61 84 7 12
61 85 8 13
61 86 3 10
61 87 0 2
61 88 3 9
61 89 4 15
61 90 2 8
61 91 7 11
61 92 1 6
61 93 1 9
61 94 1 3
61 95 4 8
61 96 3 9
61 97 2 9
61 98 3 10
61 99 2 11
61 100 5 10
62 1 1 6
62 2 1 6
62 3 1 6
62 4 1 6
62 5 3 6
62 6 3 6
62 7 1 7
62 8 3 6
62 9 3 6
62 10 1 7
62 11 1 9
62 12 1 12
62 13 2 6
62 14 2 6
62 15 2 5
62 16 2 5
62 17 2 5
62 18 2 5
62 19 2 5
62 20 2 5
62 21 2 5
62 22 2 5
62 23 2 5
62 24 2 5
62 25 2 5
62 26 2 5
62 27 2 6
62 28 2 6
62 29 2 6
62 30 2 13
62 31 1 6
62 32 1 5
62 33 7 11
62 34 2 5
62 35 2 5
62 36 2 5
62 37 2 5
62 38 3 10
62 39 5 11
62 40 4 6
62 41 1 6
62 42 2 5
62 43 2 5
62 44 3 6
62 45 0 5
62 46 4 5
62 47 0 5
62 48 2 8
62 49 1 7
62 50 1 6
62 51 1 7
62 52 3 8
62 53 2 6
62 54 1 6
62 55 4 8
62 56 3 9
62 57 3 11
62 58 1 6
62 59 14 13
62 60 1 6
62 61 3 6
62 62 4 8
62 63 3 13
62 64 8 11
62 65 2 5
62 66 8 12
62 67 5 11
62 68 2 13
62 69 1 6
62 70 2 8
62 71 3 12
62 72 2 7
62 73 5 14
62 74 1 4
62 75 3 8
62 76 1 5
62 77 1 7
62 78 2 10
62 79 3 11
62 80 0 5
62 81 2 5
62 82 3 12
62 83 1 7
62 84 3 7
62 85 2 5
62 86 1 7
62 87 1 12
62 88 3 7
62 89 2 5
62 90 1 10
62 91 3 6
62 92 3 9
62 93 7 13
62 94 5 13
62 95 1 4
62 96 5 7
62 97 5 11
62 98 4 10
62 99 3 11
62 100 0 6
63 1 2 6
63 2 2 5
63 3 2 5
63 4 2 5
63 5 2 5
63 6 2 5
63 7 2 5
63 8 2 5
63 9 2 5
63 10 2 5
63 11 2 5
63 12 2 5
63 13 2 5
63 14 2 5
63 15 2 5
63 16 2 5
63 17 2 5
63 18 2 5
63 19 2 5
63 20 2 5
63 21 2 5
63 22 1 9
63 23 3 6
63 24 3 6
63 25 1 5
63 26 3 6
63 27 3 6
63 28 3 6
63 29 1 6
63 30 1 6
63 31 1 11
63 32 1 6
63 33 1 6
63 34 2 6
63 35 2 6
63 36 2 8
63 37 2 8
63 38 1 7
63 39 5 11
63 40 1 12
63 41 1 7
63 42 2 8
63 43 1 6
63 44 2 5
63 45 2 5
63 46 1 6
63 47 2 5
63 48 2 5
63 49 2 6
63 50 2 6
63 51 2 6
63 52 2 6
63 53 2 6
63 54 1 6
63 55 3 8
63 56 3 11
63 57 1 6
63 58 2 13
63 59 2 12
63 60 1 7
63 61 2 7
63 62 4 6
63 63 2 7
63 64 7 11
63 65 2 8
63 66 3 12
63 67 1 12
63 68 1 6
63 69 4 13
63 70 2 9
63 71 3 10
63 72 1 7
63 73 3 8
63 74 1 7
63 75 0 9
63 76 4 10
63 77 4 13
63 78 4 11
63 79 2 6
63 80 3 10
63 81 6 12
63 82 3 9
63 83 1 10
63 84 1 9
63 85 2 9
63 86 3 9
63 87 3 8
63 88 1 8
63 89 4 8
63 90 6 11
63 91 2 6
63 92 4 14
63 93 2 14
63 94 5 10
63 95 2 5
63 96 5 12
63 97 7 13
63 98 4 11
63 99 3 8
63 100 3 10
64 1 2 6
64 2 2 5
64 3 2 6
64 4 2 6
64 5 2 5
64 6 2 5
64 7 2 5
64 8 3 9
64 9 1 7
64 10 1 5
64 11 3 10
64 12 3 6
64 13 3 6
64 14 3 6
64 15 3 6
64 16 3 6
64 17 3 6
64 18 1 5
64 19 2 5
64 20 2 5
64 21 2 5
64 22 2 5
64 23 2 5
64 24 2 5
64 25 2 5
64 26 2 5
64 27 2 5
64 28 2 5
64 29 2 5
64 30 2 5
64 31 2 5
64 32 2 5
64 33 2 5
64 34 2 5
64 35 2 5
64 36 2 5
64 37 2 5
64 38 2 5
64 39 2 5
64 40 2 5
64 41 2 5
64 42 2 5
64 43 2 5
64 44 2 5
64 45 2 8
64 46 1 7
64 47 1 6
64 48 1 9
64 49 2 5
64 50 5 11
64 51 2 7
64 52 2 6
64 53 4 13
64 54 1 5
64 55 1 5
64 56 6 10
64 57 1 6
64 58 1 6
64 59 1 6
64 60 2 9
64 61 2 6
64 62 3 5
64 63 2 8
64 64 1 4
64 65 2 8
64 66 7 14
64 67 2 13
64 68 1 6
64 69 5 13
64 70 4 9
64 71 5 8
64 72 2 12
64 73 2 10
64 74 4 14
64 75 1 6
64 76 2 5
64 77 2 7
64 78 0 4
64 79 1 6
64 80 3 12
64 81 2 5
64 82 1 5
64 83 2 6
64 84 4 10
64 85 0 8
64 86 0 6
64 87 1 5
64 88 2 6
64 89 3 5
64 90 2 12
64 91 1 9
64 92 1 10
64 93 4 10
64 94 2 5
64 95 2 5
64 96 3 13
64 97 1 7
64 98 2 11
64 99 4 13
64 100 3 7
65 1 3 6
65 2 3 6
65 3 3 6
65 4 3 6
65 5 3 6
65 6 3 6
65 7 1 5
65 8 2 6
65 9 2 6
65 10 3 10
65 11 2 5
65 12 2 5
65 13 2 5
65 14 2 5
65 15 3 5
65 16 1 5
65 17 5 12
65 18 1 5
65 19 1 5
65 20 2 5
65 21 2 5
65 22 2 5
65 23 2 5
65 24 2 5
65 25 2 5
65 26 2 5
65 27 2 5
65 28 2 5
65 29 2 5
65 30 2 5
65 31 2 5
65 32 2 5
65 33 2 5
65 34 2 5
65 35 2 5
65 36 2 5
65 37 2 5
65 38 2 5
65 39 2 5
65 40 2 5
65 41 2 5
65 42 2 5
65 43 6 9
65 44 1 7
65 45 1 7
65 46 2 6
65 47 1 6
65 48 1 7
65 49 1 5
65 50 3 13
65 51 2 5
65 52 3 8
65 53 1 8
65 54 4 12
65 55 2 10
65 56 3 9
65 57 5 13
65 58 3 13
65 59 2 9
65 60 1 7
65 61 0 8
65 62 5 15
65 63 6 11
65 64 8 12
65 65 6 10
65 66 4 11
65 67 1 6
65 68 1 6
65 69 3 12
65 70 1 7
65 71 3 7
65 72 1 5
65 73 4 8
65 74 4 12
65 75 0 3
65 76 3 8
65 77 5 11
65 78 3 12
65 79 1 7
65 80 0 4
65 81 3 5
65 82 1 6
65 83 0 6
65 84 3 7
65 85 1 5
65 86 3 11
65 87 2 5
65 88 2 5
65 89 0 2
65 90 2 7
65 91 2 5
65 92 4 9
65 93 5 10
65 94 7 12
65 95 2 9
65 96 7 13
65 97 1 7
65 98 1 6
65 99 3 12
65 100 5 12
66 1 3 12
66 2 2 6
66 3 2 6
66 4 2 6
66 5 2 5
66 6 2 5
66 7 2 5
66 8 2 5
66 9 2 5
66 10 2 5
66 11 2 5
66 12 1 5
66 13 2 6
66 14 5 12
66 15 1 5
66 16 2 5
66 17 2 5
66 18 2 5
66 19 2 5
66 20 2 5
66 21 2 5
66 22 2 5
66 23 2 5
66 24 2 5
66 25 2 5
66 26 2 5
66 27 2 5
66 28 2 5
66 29 2 5
66 30 2 5
66 31 2 5
66 32 2 5
66 33 2 5
66 34 2 5
66 35 2 5
66 36 2 5
66 37 2 5
66 38 2 7
66 39 3 5
66 40 3 5
66 41 3 5
66 42 3 7
66 43 1 5
66 44 5 11
66 45 5 11
66 46 4 7
66 47 1 5
66 48 1 5
66 49 8 10
66 50 4 12
66 51 5 11
66 52 3 10
66 53 3 10
66 54 4 8
66 55 3 6
66 56 3 6
66 57 3 6
66 58 3 6
66 59 3 6
66 60 3 6
66 61 3 6
66 62 1 5
66 63 3 6
66 64 1 5
66 65 2 12
66 66 1 6
66 67 2 6
66 68 2 8
66 69 2 10
66 70 5 10
66 71 2 8
66 72 3 12
66 73 1 6
66 74 1 7
66 75 1 10
66 76 0 3
66 77 1 6
66 78 1 7
66 79 0 4
66 80 0 4
66 81 0 4
66 82 3 10
66 83 4 6
66 84 2 5
66 85 3 11
66 86 2 6
66 87 5 7
66 88 4 9
66 89 2 9
66 90 1 9
66 91 1 5
66 92 2 9
66 93 2 5
66 94 2 5
66 95 2 6
66 96 2 5
66 97 2 5
66 98 4 12
66 99 5 13
66 100 2 5
67 1 1 5
67 2 3 5
67 3 2 5
67 4 2 5
67 5 2 6
67 6 1 5
67 7 2 6
67 8 2 6
67 9 1 5
67 10 6 13
67 11 1 5
67 12 2 6
67 13 3 12
67 14 2 5
67 15 2 5
67 16 2 5
67 17 2 5
67 18 2 5
67 19 2 5
67 20 2 5
67 21 2 5
67 22 2 5
67 23 2 5
67 24 2 5
67 25 2 5
67 26 2 5
67 27 2 5
67 28 2 5
67 29 2 5
67 30 2 5
67 31 2 5
67 32 2 5
67 33 2 5
67 34 2 5
67 35 2 5
67 36 2 5
67 37 2 5
67 38 2 5
67 39 2 5
67 40 2 5
67 41 2 5
67 42 2 5
67 43 2 5
67 44 2 5
67 45 1 7
67 46 2 5
67 47 2 12
67 48 2 5
67 49 2 5
67 50 2 5
67 51 2 6
67 52 2 5
67 53 2 6
67 54 3 6
67 55 3 6
67 56 5 12
67 57 5 6
67 58 6 11
67 59 5 12
67 60 6 13
67 61 3 14
67 62 3 7
67 63 7 12
67 64 4 9
67 65 3 5
67 66 2 5
67 67 4 9
67 68 4 12
67 69 2 5
67 70 3 7
67 71 0 3
67 72 0 4
67 73 2 5
67 74 2 11
67 75 2 5
67 76 2 5
67 77 3 11
67 78 1 6
67 79 2 9
67 80 1 8
67 81 4 8
67 82 2 5
67 83 1 6
67 84 3 5
67 85 2 8
67 86 2 7
67 87 2 5
67 88 5 12
67 89 2 14
67 90 5 11
67 91 6 13
67 92 2 13
67 93 1 5
67 94 2 10
67 95 1 5
67 96 5 11
67 97 5 9
67 98 4 5
67 99 3 7
67 100 4 12
68 1 3 5
68 2 1 5
68 3 1 5
68 4 1 5
68 5 1 8
68 6 2 6
68 7 1 5
68 8 1 5
68 9 3 9
68 10 1 5
68 11 2 5
68 12 2 5
68 13 2 5
68 14 2 5
68 15 2 5
68 16 2 5
68 17 2 5
68 18 2 5
68 19 2 5
68 20 2 5
68 21 2 5
68 22 2 5
68 23 2 5
68 24 2 5
68 25 2 5
68 26 2 5
68 27 2 5
68 28 2 6
68 29 2 6
68 30 2 6
68 31 1 7
68 32 2 5
68 33 2 5
68 34 2 5
68 35 2 5
68 36 2 5
68 37 2 5
68 38 2 5
68 39 2 5
68 40 2 5
68 41 2 5
68 42 2 5
68 43 3 10
68 44 2 6
68 45 1 6
68 46 2 7
68 47 3 6
68 48 1 5
68 49 3 5
68 50 3 12
68 51 2 8
68 52 7 11
68 53 4 11
68 54 3 7
68 55 1 5
68 56 2 6
68 57 6 13
68 58 1 5
68 59 2 5
68 60 2 6
68 61 3 5
68 62 3 12
68 63 1 11
68 64 4 10
68 65 1 5
68 66 2 11
68 67 5 9
68 68 2 5
68 69 2 8
68 70 2 5
68 71 2 5
68 72 2 5
68 73 2 5
68 74 3 10
68 75 3 10
68 76 3 6
68 77 4 14
68 78 2 9
68 79 1 5
68 80 2 5
68 81 1 7
68 82 4 8
68 83 5 10
68 84 4 11
68 85 2 5
68 86 2 5
68 87 7 10
68 88 3 10
68 89 3 7
68 90 0 4
68 91 2 6
68 92 5 10
68 93 4 5
68 94 4 10
68 95 1 4
68 96 3 11
68 97 3 8
68 98 6 12
68 99 3 10
68 100 1 5
69 1 1 5
69 2 1 5
69 3 1 6
69 4 2 5
69 5 2 5
69 6 2 5
69 7 2 5
69 8 2 5
69 9 2 5
69 10 2 5
69 11 2 5
69 12 2 5
69 13 2 5
69 14 2 5
69 15 2 5
69 16 2 5
69 17 2 5
69 18 2 5
69 19 2 5
69 20 2 5
69 21 2 5
69 22 2 6
69 23 2 6
69 24 2 6
69 25 2 5
69 26 2 6
69 27 2 5
69 28 2 8
69 29 2 5
69 30 2 5
69 31 2 5
69 32 2 5
69 33 2 5
69 34 2 5
69 35 2 9
69 36 2 6
69 37 3 9
69 38 3 7
69 39 3 5
69 40 2 6
69 41 1 5
69 42 1 5
69 43 1 5
69 44 1 8
69 45 1 9
69 46 1 5
69 47 1 5
69 48 1 5
69 49 1 5
69 50 1 5
69 51 4 8
69 52 1 4
69 53 1 7
69 54 2 6
69 55 3 5
69 56 2 5
69 57 2 6
69 58 5 13
69 59 2 7
69 60 5 9
69 61 7 11
69 62 1 3
69 63 7 13
69 64 3 7
69 65 7 10
69 66 7 12
69 67 4 8
69 68 0 6
69 69 0 3
69 70 0 3
69 71 2 5
69 72 2 5
69 73 2 11
69 74 1 6
69 75 3 7
69 76 1 7
69 77 2 7
69 78 2 5
69 79 2 5
69 80 2 8
69 81 1 5
69 82 5 10
69 83 2 5
69 84 3 7
69 85 6 10
69 86 2 8
69 87 3 7
69 88 3 7
69 89 5 13
69 90 5 12
69 91 4 6
69 92 2 9
69 93 5 13
69 94 1 4
69 95 6 11
69 96 3 10
69 97 2 9
69 98 5 11
69 99 4 10
69 100 5 9
70 1 2 9
70 2 2 6
70 3 1 5
70 4 2 6
70 5 2 6
70 6 2 6
70 7 2 6
70 8 1 5
70 9 1 5
70 10 1 5
70 11 1 5
70 12 1 6
70 13 1 6
70 14 2 6
70 15 2 6
70 16 2 5
70 17 2 5
70 18 2 5
70 19 2 5
70 20 0 6
70 21 1 6
70 22 2 7
70 23 1 5
70 24 1 5
70 25 2 8
70 26 2 8
70 27 2 5
70 28 2 5
70 29 2 5
70 30 2 5
70 31 2 5
70 32 2 5
70 33 2 5
70 34 2 5
70 35 2 5
70 36 2 5
70 37 2 5
70 38 2 5
70 39 2 5
70 40 2 5
70 41 2 5
70 42 2 5
70 43 2 5
70 44 2 5
70 45 2 5
70 46 2 5
70 47 2 5
70 48 2 5
70 49 2 5
70 50 2 5
70 51 2 5
70 52 4 6
70 53 2 8
70 54 4 15
70 55 4 7
70 56 2 6
70 57 1 6
70 58 2 6
70 59 3 11
70 60 2 6
70 61 3 7
70 62 5 8
70 63 4 5
70 64 4 9
70 65 4 6
70 66 6 12
70 67 4 12
70 68 2 5
70 69 1 5
70 70 1 5
70 71 4 9
70 72 2 11
70 73 7 13
70 74 3 8
70 75 5 9
70 76 6 12
70 77 3 15
70 78 3 6
70 79 0 3
70 80 0 3
70 81 1 9
70 82 2 7
70 83 1 5
70 84 0 3
70 85 0 4
70 86 0 3
70 87 3 5
70 88 5 13
70 89 2 9
70 90 3 7
70 91 4 7
70 92 2 5
70 93 5 9
70 94 4 8
70 95 6 11
70 96 2 8
70 97 2 7
70 98 3 6
70 99 5 10
70 100 2 5
71 1 1 5
71 2 1 5
71 3 1 6
71 4 1 6
71 5 1 6
71 6 1 5
71 7 1 5
71 8 1 5
71 9 1 6
71 10 2 7
71 11 1 5
71 12 2 6
71 13 2 6
71 14 2 6
71 15 2 6
71 16 2 6
71 17 2 6
71 18 2 8
71 19 2 8
71 20 2 6
71 21 2 5
71 22 2 6
71 23 2 6
71 24 2 6
71 25 2 6
71 26 2 6
71 27 1 6
71 28 6 9
71 29 3 7
71 30 2 5
71 31 2 5
71 32 2 5
71 33 2 5
71 34 1 5
71 35 2 5
71 36 2 5
71 37 2 5
71 38 2 5
71 39 2 5
71 40 2 5
71 41 2 5
71 42 2 5
71 43 2 5
71 44 2 5
71 45 1 5
71 46 1 5
71 47 2 5
71 48 2 5
71 49 2 5
71 50 3 10
71 51 2 5
71 52 2 6
71 53 2 4
71 54 3 6
71 55 1 7
71 56 2 6
71 57 5 11
71 58 3 12
71 59 2 9
71 60 1 8
71 61 5 10
71 62 3 11
71 63 4 7
71 64 5 10
71 65 0 6
71 66 7 8
71 67 3 6
71 68 1 5
71 69 1 5
71 70 4 5
71 71 3 8
71 72 3 7
71 73 3 6
71 74 2 11
71 75 3 10
71 76 2 10
71 77 2 5
71 78 4 12
71 79 1 6
71 80 1 9
71 81 0 7
71 82 1 4
71 83 1 6
71 84 5 10
71 85 0 7
71 86 0 2
71 87 0 2
71 88 0 2
71 89 4 7
71 90 3 8
71 91 2 7
71 92 0 5
71 93 2 5
71 94 1 9
71 95 2 7
71 96 5 10
71 97 3 12
71 98 1 3
71 99 4 6
71 100 3 10
72 1 1 10
72 2 1 6
72 3 1 5
72 4 2 6
72 5 2 6
72 6 2 6
72 7 2 6
72 8 2 6
72 9 2 6
72 10 2 8
72 11 2 8
72 12 2 6
72 13 2 5
72 14 2 6
72 15 2 6
72 16 2 6
72 17 2 6
72 18 2 6
72 19 2 6
72 20 2 6
72 21 2 5
72 22 2 5
72 23 2 5
72 24 3 7
72 25 2 6
72 26 2 9
72 27 2 5
72 28 2 5
72 29 2 5
72 30 2 5
72 31 2 5
72 32 2 5
72 33 2 5
72 34 2 5
72 35 1 7
72 36 1 5
72 37 1 5
72 38 1 6
72 39 1 6
72 40 1 5
72 41 1 5
72 42 5 10
72 43 2 10
72 44 1 5
72 45 1 5
72 46 1 5
72 47 1 5
72 48 1 6
72 49 1 13
72 50 1 6
72 51 2 7
72 52 1 6
72 53 1 5
72 54 5 11
72 55 6 11
72 56 2 7
72 57 2 7
72 58 4 9
72 59 4 8
72 60 3 7
72 61 2 6
72 62 2 12
72 63 4 5
72 64 6 9
72 65 3 5
72 66 2 5
72 67 4 10
72 68 4 8
72 69 11 11
72 70 3 8
72 71 1 12
72 72 3 8
72 73 2 12
72 74 2 5
72 75 3 10
72 76 4 8
72 77 3 6
72 78 1 8
72 79 2 5
72 80 1 8
72 81 0 3
72 82 2 9
72 83 4 13
72 84 1 13
72 85 5 11
72 86 3 6
72 87 0 2
72 88 0 2
72 89 0 2
72 90 0 2
72 91 0 2
72 92 2 7
72 93 3 12
72 94 1 5
72 95 3 9
72 96 3 9
72 97 6 12
72 98 5 11
72 99 2 5
72 100 1 8
73 1 1 6
73 2 2 5
73 3 2 5
73 4 2 6
73 5 2 6
73 6 2 6
73 7 2 6
73 8 2 6
73 9 2 6
73 10 2 6
73 11 2 6
73 12 2 6
73 13 2 6
73 14 2 6
73 15 2 6
73 16 2 6
73 17 2 6
73 18 2 9
73 19 1 5
73 20 2 13
73 21 2 5
73 22 2 5
73 23 2 5
73 24 2 5
73 25 2 5
73 26 2 5
73 27 2 5
73 28 2 5
73 29 2 5
73 30 2 5
73 31 3 13
73 32 2 8
73 33 3 7
73 34 2 8
73 35 2 8
73 36 1 6
73 37 1 7
73 38 2 8
73 39 3 6
73 40 1 10
73 41 3 8
73 42 2 6
73 43 3 8
73 44 5 9
73 45 1 6
73 46 3 8
73 47 3 9
73 48 5 10
73 49 4 11
73 50 5 10
73 51 3 10
73 52 1 5
73 53 3 10
73 54 1 5
73 55 1 5
73 56 5 10
73 57 1 10
73 58 2 12
73 59 3 5
73 60 6 13
73 61 9 11
73 62 6 9
73 63 4 14
73 64 5 8
73 65 4 7
73 66 3 6
73 67 4 8
73 68 7 11
73 69 4 8
73 70 3 7
73 71 1 6
73 72 1 4
73 73 2 5
73 74 2 8
73 75 2 7
73 76 0 2
73 77 0 2
73 78 0 5
73 79 3 9
73 80 2 10
73 81 6 11
73 82 1 6
73 83 0 6
73 84 3 9
73 85 2 10
73 86 3 13
73 87 3 12
73 88 2 11
73 89 2 7
73 90 2 5
73 91 1 5
73 92 4 7
73 93 2 6
73 94 1 5
73 95 2 6
73 96 2 6
73 97 3 12
73 98 6 11
73 99 3 9
73 100 1 6
74 1 3 7
74 2 2 5
74 3 2 5
74 4 2 5
74 5 2 5
74 6 2 5
74 7 2 5
74 8 2 5
74 9 2 5
74 10 2 5
74 11 2 5
74 12 2 5
74 13 2 5
74 14 2 5
74 15 2 6
74 16 2 6
74 17 2 6
74 18 2 6
74 19 2 6
74 20 2 6
74 21 2 6
74 22 2 6
74 23 2 6
74 24 1 5
74 25 2 6
74 26 2 6
74 27 2 6
74 28 2 6
74 29 2 6
74 30 2 12
74 31 2 5
74 32 2 5
74 33 2 5
74 34 2 5
74 35 2 5
74 36 2 13
74 37 2 9
74 38 1 5
74 39 1 8
74 40 3 11
74 41 1 6
74 42 1 10
74 43 3 7
74 44 0 7
74 45 5 7
74 46 6 11
74 47 2 7
74 48 5 11
74 49 1 6
74 50 4 9
74 51 2 8
74 52 8 9
74 53 3 5
74 54 4 10
74 55 1 10
74 56 3 8
74 57 5 10
74 58 3 13
74 59 6 13
74 60 3 6
74 61 3 8
74 62 2 7
74 63 3 10
74 64 0 4
74 65 2 5
74 66 3 10
74 67 2 13
74 68 1 5
74 69 2 5
74 70 3 10
74 71 5 8
74 72 1 6
74 73 4 8
74 74 5 14
74 75 0 3
74 76 1 6
74 77 2 6
74 78 1 9
74 79 1 5
74 80 4 14
74 81 5 13
74 82 3 10
74 83 5 12
74 84 0 2
74 85 0 2
74 86 5 15
74 87 6 13
74 88 5 8
74 89 2 6
74 90 2 7
74 91 3 10
74 92 4 11
74 93 4 7
74 94 3 12
74 95 3 10
74 96 4 8
74 97 5 8
74 98 6 14
74 99 2 8
74 100 4 9
75 1 1 5
75 2 1 5
75 3 1 5
75 4 1 5
75 5 3 9
75 6 3 12
75 7 2 5
75 8 2 5
75 9 2 5
75 10 2 6
75 11 2 6
75 12 2 6
75 13 2 6
75 14 2 6
75 15 2 6
75 16 2 6
75 17 2 6
75 18 2 6
75 19 2 6
75 20 2 6
75 21 2 6
75 22 2 6
75 23 2 6
75 24 2 6
75 25 2 6
75 26 2 6
75 27 1 6
75 28 2 11
75 29 2 5
75 30 2 5
75 31 2 5
75 32 2 5
75 33 2 5
75 34 2 12
75 35 1 7
75 36 3 8
75 37 2 5
75 38 2 5
75 39 2 5
75 40 2 5
75 41 2 5
75 42 2 5
75 43 2 5
75 44 2 5
75 45 2 5
75 46 2 5
75 47 2 5
75 48 2 5
75 49 2 5
75 50 2 5
75 51 2 10
75 52 3 11
75 53 7 10
75 54 2 7
75 55 3 7
75 56 5 10
75 57 7 14
75 58 2 12
75 59 2 5
75 60 4 12
75 61 3 5
75 62 3 8
75 63 4 7
75 64 4 13
75 65 0 4
75 66 3 6
75 67 3 13
75 68 5 10
75 69 3 6
75 70 0 3
75 71 0 4
75 72 1 5
75 73 4 10
75 74 2 8
75 75 2 8
75 76 3 13
75 77 5 9
75 78 2 9
75 79 4 9
75 80 1 6
75 81 1 6
75 82 4 13
75 83 3 12
75 84 2 8
75 85 4 11
75 86 1 4
75 87 0 7
75 88 1 4
75 89 2 12
75 90 2 6
75 91 2 9
75 92 4 13
75 93 3 10
75 94 2 9
75 95 5 8
75 96 3 9
75 97 3 11
75 98 4 12
75 99 2 6
75 100 2 9
76 1 1 9
76 2 2 8
76 3 1 6
76 4 2 5
76 5 2 5
76 6 2 5
76 7 1 5
76 8 1 5
76 9 1 5
76 10 1 5
76 11 1 5
76 12 3 12
76 13 1 5
76 14 2 11
76 15 2 6
76 16 2 6
76 17 2 6
76 18 2 6
76 19 2 6
76 20 2 6
76 21 2 6
76 22 2 6
76 23 2 6
76 24 2 6
76 25 2 6
76 26 2 6
76 27 2 5
76 28 2 5
76 29 2 5
76 30 2 5
76 31 2 5
76 32 2 5
76 33 2 5
76 34 2 5
76 35 2 5
76 36 2 6
76 37 2 6
76 38 2 6
76 39 2 6
76 40 2 6
76 41 2 6
76 42 2 6
76 43 2 6
76 44 5 13
76 45 3 10
76 46 1 11
76 47 4 9
76 48 1 6
76 49 1 6
76 50 8 12
76 51 3 8
76 52 5 10
76 53 1 6
76 54 3 9
76 55 2 5
76 56 1 6
76 57 3 7
76 58 6 12
76 59 4 6
76 60 4 8
76 61 4 11
76 62 2 5
76 63 2 6
76 64 2 5
76 65 5 7
76 66 2 5
76 67 3 10
76 68 3 10
76 69 2 13
76 70 2 6
76 71 2 12
76 72 2 5
76 73 2 5
76 74 7 10
76 75 1 6
76 76 4 9
76 77 1 4
76 78 1 6
76 79 2 5
76 80 1 6
76 81 1 13
76 82 4 8
76 83 2 7
76 84 4 9
76 85 1 7
76 86 6 10
76 87 1 5
76 88 0 6
76 89 2 12
76 90 2 8
76 91 6 10
76 92 6 11
76 93 1 6
76 94 4 7
76 95 1 4
76 96 0 4
76 97 3 10
76 98 4 13
76 99 3 10
76 100 0 2
77 1 2 5
77 2 2 5
77 3 2 5
77 4 2 6
77 5 2 6
77 6 2 6
77 7 2 6
77 8 2 6
77 9 2 6
77 10 2 6
77 11 2 6
77 12 2 6
77 13 2 6
77 14 2 6
77 15 2 6
77 16 2 5
77 17 2 5
77 18 2 5
77 19 2 5
77 20 2 6
77 21 2 5
77 22 2 5
77 23 2 6
77 24 3 9
77 25 2 5
77 26 2 5
77 27 2 5
77 28 2 5
77 29 2 7
77 30 1 9
77 31 4 8
77 32 1 5
77 33 1 5
77 34 1 5
77 35 1 5
77 36 1 5
77 37 1 5
77 38 1 6
77 39 2 8
77 40 1 6
77 41 1 7
77 42 1 6
77 43 2 11
77 44 2 11
77 45 3 8
77 46 1 6
77 47 3 12
77 48 3 12
77 49 3 12
77 50 2 7
77 51 4 13
77 52 4 11
77 53 1 6
77 54 4 9
77 55 9 12
77 56 4 11
77 57 4 9
77 58 4 9
77 59 4 6
77 60 3 8
77 61 6 10
77 62 3 7
77 63 3 7
77 64 5 13
77 65 6 11
77 66 5 9
77 67 2 5
77 68 2 6
77 69 2 5
77 70 1 7
77 71 1 10
77 72 1 5
77 73 0 3
77 74 1 8
77 75 0 3
77 76 1 4
77 77 1 4
77 78 1 6
77 79 0 6
77 80 1 7
77 81 4 10
77 82 1 8
77 83 1 5
77 84 1 5
77 85 2 9
77 86 3 5
77 87 5 8
77 88 8 11
77 89 1 5
77 90 0 4
77 91 0 5
77 92 10 15
77 93 1 7
77 94 1 11
77 95 0 4
77 96 4 13
77 97 2 9
77 98 4 12
77 99 3 7
77 100 0 2
78 1 1 6
78 2 1 5
78 3 1 3
78 4 2 6
78 5 7 11
78 6 1 4
78 7 1 6
78 8 3 6
78 9 1 6
78 10 2 6
78 11 2 6
78 12 2 6
78 13 2 6
78 14 2 6
78 15 2 6
78 16 2 6
78 17 2 6
78 18 2 6
78 19 2 6
78 20 2 6
78 21 2 6
78 22 2 6
78 23 2 5
78 24 2 6
78 25 3 9
78 26 2 5
78 27 2 5
78 28 2 6
78 29 2 5
78 30 3 9
78 31 3 7
78 32 1 9
78 33 2 6
78 34 2 5
78 35 2 5
78 36 2 5
78 37 2 5
78 38 2 5
78 39 2 7
78 40 2 5
78 41 2 5
78 42 2 5
78 43 2 5
78 44 2 5
78 45 2 5
78 46 2 9
78 47 2 7
78 48 4 8
78 49 4 9
78 50 6 11
78 51 3 12
78 52 5 11
78 53 5 14
78 54 4 8
78 55 3 8
78 56 1 5
78 57 2 6
78 58 3 8
78 59 1 5
78 60 4 9
78 61 2 5
78 62 4 12
78 63 3 13
78 64 8 14
78 65 1 7
78 66 3 7
78 67 3 12
78 68 3 9
78 69 2 9
78 70 0 6
78 71 0 3
78 72 0 5
78 73 3 13
78 74 0 10
78 75 1 4
78 76 2 9
78 77 2 5
78 78 2 5
78 79 1 10
78 80 2 11
78 81 1 5
78 82 2 6
78 83 4 12
78 84 1 5
78 85 1 4
78 86 2 9
78 87 1 8
78 88 2 5
78 89 0 4
78 90 7 10
78 91 2 8
78 92 5 13
78 93 2 5
78 94 2 6
78 95 4 14
78 96 5 13
78 97 3 8
78 98 4 13
78 99 4 14
78 100 2 6
79 1 1 3
79 2 1 5
79 3 1 6
79 4 3 8
79 5 1 6
79 6 1 6
79 7 8 13
79 8 7 11
79 9 3 6
79 10 1 4
79 11 2 6
79 12 2 5
79 13 2 5
79 14 2 5
79 15 2 8
79 16 3 13
79 17 2 12
79 18 9 10
79 19 3 9
79 20 1 6
79 21 2 6
79 22 2 6
79 23 2 6
79 24 2 6
79 25 2 6
79 26 2 6
79 27 2 6
79 28 2 6
79 29 2 6
79 30 2 6
79 31 2 6
79 32 2 6
79 33 2 5
79 34 2 6
79 35 2 5
79 36 2 5
79 37 2 6
79 38 2 5
79 39 2 6
79 40 2 6
79 41 2 6
79 42 3 9
79 43 1 4
79 44 3 9
79 45 3 6
79 46 5 10
79 47 1 6
79 48 10 12
79 49 3 6
79 50 3 7
79 51 0 4
79 52 5 7
79 53 3 7
79 54 2 5
79 55 1 12
79 56 6 12
79 57 7 14
79 58 1 7
79 59 5 13
79 60 4 10
79 61 3 11
79 62 4 12
79 63 1 4
79 64 2 6
79 65 5 14
79 66 2 9
79 67 2 14
79 68 2 5
79 69 2 5
79 70 2 5
79 71 3 6
79 72 1 7
79 73 1 8
79 74 1 7
79 75 4 10
79 76 3 14
79 77 1 8
79 78 3 6
79 79 6 10
79 80 7 11
79 81 3 7
79 82 2 8
79 83 3 8
79 84 0 4
79 85 4 9
79 86 1 8
79 87 4 7
79 88 2 7
79 89 3 8
79 90 4 7
79 91 1 12
79 92 2 6
79 93 2 10
79 94 4 10
79 95 4 10
79 96 4 13
79 97 7 12
79 98 4 11
79 99 4 11
79 100 3 8
80 1 2 5
80 2 5 13
80 3 2 9
80 4 3 6
80 5 8 13
80 6 2 5
80 7 2 5
80 8 2 5
80 9 2 5
80 10 2 6
80 11 2 8
80 12 2 6
80 13 2 6
80 14 2 6
80 15 2 6
80 16 2 6
80 17 2 6
80 18 2 6
80 19 2 6
80 20 2 6
80 21 2 6
80 22 2 6
80 23 2 6
80 24 2 6
80 25 2 12
80 26 1 4
80 27 1 4
80 28 3 9
80 29 2 5
80 30 3 6
80 31 3 13
80 32 2 13
80 33 2 6
80 34 1 3
80 35 1 3
80 36 1 6
80 37 5 13
80 38 5 10
80 39 1 5
80 40 7 11
80 41 1 6
80 42 7 11
80 43 5 8
80 44 3 8
80 45 5 9
80 46 6 11
80 47 3 5
80 48 6 12
80 49 1 6
80 50 1 6
80 51 4 10
80 52 2 4
80 53 2 6
80 54 1 8
80 55 4 13
80 56 9 10
80 57 5 7
80 58 0 4
80 59 5 8
80 60 3 9
80 61 2 6
80 62 2 8
80 63 2 8
80 64 0 3
80 65 6 14
80 66 2 6
80 67 3 6
80 68 3 8
80 69 3 8
80 70 1 4
80 71 1 5
80 72 1 4
80 73 1 7
80 74 5 14
80 75 5 13
80 76 2 6
80 77 2 11
80 78 5 9
80 79 4 11
80 80 2 9
80 81 2 5
80 82 3 7
80 83 8 13
80 84 1 9
80 85 4 9
80 86 2 5
80 87 2 5
80 88 1 6
80 89 1 5
80 90 2 7
80 91 4 14
80 92 3 10
80 93 2 6
80 94 0 4
80 95 5 11
80 96 3 7
80 97 2 11
80 98 7 14
80 99 2 7
80 100 2 6
81 1 2 5
81 2 2 9
81 3 2 5
81 4 2 5
81 5 2 5
81 6 2 5
81 7 2 12
81 8 2 5
81 9 2 5
81 10 2 5
81 11 3 9
81 12 1 6
81 13 1 5
81 14 2 6
81 15 2 6
81 16 2 6
81 17 2 6
81 18 2 6
81 19 2 6
81 20 2 6
81 21 2 6
81 22 2 6
81 23 2 6
81 24 2 6
81 25 2 6
81 26 2 6
81 27 2 6
81 28 2 6
81 29 2 6
81 30 2 6
81 31 2 9
81 32 2 7
81 33 5 13
81 34 5 9
81 35 5 10
81 36 4 12
81 37 3 12
81 38 3 6
81 39 3 13
81 40 3 9
81 41 8 13
81 42 3 6
81 43 3 11
81 44 3 6
81 45 2 6
81 46 3 12
81 47 2 8
81 48 2 13
81 49 2 5
81 50 10 12
81 51 1 4
81 52 1 4
81 53 1 8
81 54 5 14
81 55 1 6
81 56 4 9
81 57 4 8
81 58 5 7
81 59 4 8
81 60 3 7
81 61 0 5
81 62 2 6
81 63 1 4
81 64 2 9
81 65 2 5
81 66 1 9
81 67 6 13
81 68 1 4
81 69 2 8
81 70 4 10
81 71 2 5
81 72 2 10
81 73 4 12
81 74 5 12
81 75 5 11
81 76 2 5
81 77 1 5
81 78 1 4
81 79 1 4
81 80 2 6
81 81 1 6
81 82 3 12
81 83 2 5
81 84 1 13
81 85 1 6
81 86 5 13
81 87 1 6
81 88 5 9
81 89 2 5
81 90 3 9
81 91 11 10
81 92 7 15
81 93 1 6
81 94 5 9
81 95 0 4
81 96 1 6
81 97 3 9
81 98 11 12
81 99 2 10
81 100 6 14
82 1 2 7
82 2 1 6
82 3 6 11
82 4 3 10
82 5 2 5
82 6 2 8
82 7 3 11
82 8 2 7
82 9 4 7
82 10 2 5
82 11 2 6
82 12 2 6
82 13 2 6
82 14 2 6
82 15 2 6
82 16 2 6
82 17 2 6
82 18 2 6
82 19 2 6
82 20 2 6
82 21 2 6
82 22 2 6
82 23 2 6
82 24 2 6
82 25 2 6
82 26 2 6
82 27 2 6
82 28 2 6
82 29 2 6
82 30 2 6
82 31 2 6
82 32 6 13
82 33 2 6
82 34 2 5
82 35 3 9
82 36 2 12
82 37 6 10
82 38 7 11
82 39 1 5
82 40 1 6
82 41 2 8
82 42 2 6
82 43 2 5
82 44 2 5
82 45 2 5
82 46 2 5
82 47 2 5
82 48 2 5
82 49 2 5
82 50 2 5
82 51 2 9
82 52 2 5
82 53 2 6
82 54 2 8
82 55 4 6
82 56 1 6
82 57 4 11
82 58 6 8
82 59 3 5
82 60 3 7
82 61 5 14
82 62 1 4
82 63 1 4
82 64 3 9
82 65 8 14
82 66 2 5
82 67 1 10
82 68 2 10
82 69 6 11
82 70 3 9
82 71 2 5
82 72 2 6
82 73 2 6
82 74 4 11
82 75 3 8
82 76 5 10
82 77 1 6
82 78 2 9
82 79 2 8
82 80 2 12
82 81 3 8
82 82 1 6
82 83 2 6
82 84 5 11
82 85 1 12
82 86 2 12
82 87 2 13
82 88 2 6
82 89 1 8
82 90 3 12
82 91 2 5
82 92 2 6
82 93 5 9
82 94 2 8
82 95 5 13
82 96 2 10
82 97 7 9
82 98 4 13
82 99 3 9
82 100 2 7
83 1 1 6
83 2 3 8
83 3 2 5
83 4 2 5
83 5 2 6
83 6 2 6
83 7 2 6
83 8 2 6
83 9 2 6
83 10 2 6
83 11 2 6
83 12 2 6
83 13 2 6
83 14 2 6
83 15 2 6
83 16 2 6
83 17 2 6
83 18 2 6
83 19 2 6
83 20 2 6
83 21 2 6
83 22 2 6
83 23 2 6
83 24 2 6
83 25 2 6
83 26 2 6
83 27 2 6
83 28 2 6
83 29 2 6
83 30 2 6
83 31 2 5
83 32 5 12
83 33 2 8
83 34 1 5
83 35 3 10
83 36 3 10
83 37 3 11
83 38 3 10
83 39 2 8
83 40 2 8
83 41 2 5
83 42 4 7
83 43 4 7
83 44 3 12
83 45 1 7
83 46 2 7
83 47 3 8
83 48 2 6
83 49 4 7
83 50 3 6
83 51 3 15
83 52 2 5
83 53 3 7
83 54 3 8
83 55 4 8
83 56 6 11
83 57 3 7
83 58 2 9
83 59 3 7
83 60 2 5
83 61 2 9
83 62 2 7
83 63 1 9
83 64 2 6
83 65 4 12
83 66 6 14
83 67 3 7
83 68 1 7
83 69 1 7
83 70 2 9
83 71 2 10
83 72 1 4
83 73 1 4
83 74 3 7
83 75 3 8
83 76 2 5
83 77 6 12
83 78 5 10
83 79 6 11
83 80 2 6
83 81 3 7
83 82 4 7
83 83 1 3
83 84 3 11
83 85 3 8
83 86 4 11
83 87 12 12
83 88 4 6
83 89 1 13
83 90 5 11
83 91 5 12
83 92 5 10
83 93 3 6
83 94 2 8
83 95 7 12
83 96 4 8
83 97 2 6
83 98 3 10
83 99 3 6
83 100 2 7
84 1 6 9
84 2 1 3
84 3 2 5
84 4 2 5
84 5 2 5
84 6 3 8
84 7 1 8
84 8 4 8
84 9 2 5
84 10 2 12
84 11 1 4
84 12 3 8
84 13 2 5
84 14 2 6
84 15 2 5
84 16 2 6
84 17 2 6
84 18 2 9
84 19 2 6
84 20 2 6
84 21 2 6
84 22 2 6
84 23 2 6
84 24 2 6
84 25 2 6
84 26 2 6
84 27 2 6
84 28 2 6
84 29 2 6
84 30 2 6
84 31 2 6
84 32 2 6
84 33 2 6
84 34 2 6
84 35 2 6
84 36 2 6
84 37 2 6
84 38 2 6
84 39 2 6
84 40 2 6
84 41 2 6
84 42 2 6
84 43 2 6
84 44 2 6
84 45 2 6
84 46 2 6
84 47 2 6
84 48 2 6
84 49 2 6
84 50 2 6
84 51 1 6
84 52 3 10
84 53 3 13
84 54 2 5
84 55 3 7
84 56 5 8
84 57 4 7
84 58 4 6
84 59 4 14
84 60 2 5
84 61 2 8
84 62 2 5
84 63 5 10
84 64 4 8
84 65 2 4
84 66 1 6
84 67 3 11
84 68 1 7
84 69 2 5
84 70 3 11
84 71 5 14
84 72 3 8
84 73 3 7
84 74 6 12
84 75 2 10
84 76 4 14
84 77 2 12
84 78 2 8
84 79 2 6
84 80 2 5
84 81 1 5
84 82 4 12
84 83 0 4
84 84 4 9
84 85 7 13
84 86 2 8
84 87 3 7
84 88 1 9
84 89 2 8
84 90 1 6
84 91 2 12
84 92 2 7
84 93 2 9
84 94 7 13
84 95 4 8
84 96 4 5
84 97 2 6
84 98 2 6
84 99 6 11
84 100 5 8
85 1 2 12
85 2 2 6
85 3 2 6
85 4 2 6
85 5 2 6
85 6 2 6
85 7 2 6
85 8 2 6
85 9 2 6
85 10 2 6
85 11 2 6
85 12 2 6
85 13 2 6
85 14 2 6
85 15 2 6
85 16 2 6
85 17 2 6
85 18 2 6
85 19 2 6
85 20 2 6
85 21 2 6
85 22 2 6
85 23 2 6
85 24 2 5
85 25 2 6
85 26 2 5
85 27 4 9
85 28 2 6
85 29 2 6
85 30 2 6
85 31 2 5
85 32 2 5
85 33 2 5
85 34 2 12
85 35 1 7
85 36 3 7
85 37 3 8
85 38 2 5
85 39 2 12
85 40 3 7
85 41 2 9
85 42 1 3
85 43 1 6
85 44 5 11
85 45 2 6
85 46 4 13
85 47 2 6
85 48 2 13
85 49 1 7
85 50 2 8
85 51 7 13
85 52 3 9
85 53 4 8
85 54 6 11
85 55 1 6
85 56 3 6
85 57 1 6
85 58 1 8
85 59 1 6
85 60 3 8
85 61 2 5
85 62 2 5
85 63 4 7
85 64 4 6
85 65 6 9
85 66 4 8
85 67 3 9
85 68 1 5
85 69 2 9
85 70 1 4
85 71 2 5
85 72 1 6
85 73 1 5
85 74 1 10
85 75 2 6
85 76 2 6
85 77 3 15
85 78 1 7
85 79 2 6
85 80 2 6
85 81 6 9
85 82 2 5
85 83 2 6
85 84 2 7
85 85 2 7
85 86 5 9
85 87 4 7
85 88 3 6
85 89 3 9
85 90 7 13
85 91 5 12
85 92 3 7
85 93 7 11
85 94 4 9
85 95 3 7
85 96 9 11
85 97 3 7
85 98 6 13
85 99 7 9
85 100 2 7
86 1 2 6
86 2 2 6
86 3 2 6
86 4 2 6
86 5 2 6
86 6 2 6
86 7 2 6
86 8 2 6
86 9 2 6
86 10 2 6
86 11 2 6
86 12 2 6
86 13 2 6
86 14 2 6
86 15 2 6
86 16 2 6
86 17 2 6
86 18 2 6
86 19 2 6
86 20 2 6
86 21 2 6
86 22 2 6
86 23 2 7
86 24 2 6
86 25 2 6
86 26 2 6
86 27 2 6
86 28 2 5
86 29 2 6
86 30 2 5
86 31 2 5
86 32 4 9
86 33 3 8
86 34 2 6
86 35 2 6
86 36 2 6
86 37 2 12
86 38 4 11
86 39 5 12
86 40 2 8
86 41 3 8
86 42 2 7
86 43 2 7
86 44 2 8
86 45 4 7
86 46 1 6
86 47 2 9
86 48 5 8
86 49 1 6
86 50 2 6
86 51 3 6
86 52 4 10
86 53 3 7
86 54 1 6
86 55 1 10
86 56 3 6
86 57 3 12
86 58 6 9
86 59 1 4
86 60 3 9
86 61 2 8
86 62 2 6
86 63 1 7
86 64 9 10
86 65 3 7
86 66 2 12
86 67 2 5
86 68 2 6
86 69 1 5
86 70 3 10
86 71 1 6
86 72 2 7
86 73 10 15
86 74 4 9
86 75 5 8
86 76 2 8
86 77 3 10
86 78 3 6
86 79 2 6
86 80 2 5
86 81 0 3
86 82 4 9
86 83 1 12
86 84 2 5
86 85 4 10
86 86 2 12
86 87 3 8
86 88 2 7
86 89 7 11
86 90 3 6
86 91 3 8
86 92 5 9
86 93 4 13
86 94 4 9
86 95 3 9
86 96 8 13
86 97 3 11
86 98 2 9
86 99 4 9
86 100 3 7
87 1 4 11
87 2 2 7
87 3 2 6
87 4 2 6
87 5 2 6
87 6 2 6
87 7 2 6
87 8 2 6
87 9 2 6
87 10 2 6
87 11 2 6
87 12 2 6
87 13 2 6
87 14 2 6
87 15 2 6
87 16 2 6
87 17 2 6
87 18 2 6
87 19 2 6
87 20 2 6
87 21 2 6
87 22 2 6
87 23 2 6
87 24 2 6
87 25 2 6
87 26 2 6
87 27 2 6
87 28 2 6
87 29 2 6
87 30 2 6
87 31 2 6
87 32 2 6
87 33 2 6
87 34 2 6
87 35 2 6
87 36 2 7
87 37 2 6
87 38 2 6
87 39 2 5
87 40 2 6
87 41 2 5
87 42 2 5
87 43 2 5
87 44 2 7
87 45 2 6
87 46 2 6
87 47 5 9
87 48 3 10
87 49 2 6
87 50 2 9
87 51 4 7
87 52 1 6
87 53 2 5
87 54 3 11
87 55 5 10
87 56 1 6
87 57 1 6
87 58 2 8
87 59 2 6
87 60 2 7
87 61 8 12
87 62 3 11
87 63 1 7
87 64 4 12
87 65 5 8
87 66 5 10
87 67 3 7
87 68 6 9
87 69 7 10
87 70 2 6
87 71 4 9
87 72 1 4
87 73 3 8
87 74 1 4
87 75 2 7
87 76 1 7
87 77 0 3
87 78 2 6
87 79 5 11
87 80 1 6
87 81 3 8
87 82 3 7
87 83 5 9
87 84 1 11
87 85 2 6
87 86 4 11
87 87 4 9
87 88 5 12
87 89 1 4
87 90 2 7
87 91 8 13
87 92 12 14
87 93 3 8
87 94 3 7
87 95 2 6
87 96 1 7
87 97 4 10
87 98 1 6
87 99 2 12
87 100 0 8
88 1 2 8
88 2 1 6
88 3 2 5
88 4 2 7
88 5 2 6
88 6 2 6
88 7 2 6
88 8 2 6
88 9 2 6
88 10 2 6
88 11 2 6
88 12 2 6
88 13 2 6
88 14 2 6
88 15 2 6
88 16 2 6
88 17 2 6
88 18 2 6
88 19 2 6
88 20 2 6
88 21 2 6
88 22 2 6
88 23 2 6
88 24 2 6
88 25 2 6
88 26 2 6
88 27 2 6
88 28 2 6
88 29 2 6
88 30 2 6
88 31 2 6
88 32 2 6
88 33 2 6
88 34 2 6
88 35 2 7
88 36 2 6
88 37 2 6
88 38 2 6
88 39 4 11
88 40 2 7
88 41 2 6
88 42 2 6
88 43 2 6
88 44 2 6
88 45 2 7
88 46 2 7
88 47 4 11
88 48 2 6
88 49 2 5
88 50 2 6
88 51 2 6
88 52 1 6
88 53 2 7
88 54 2 6
88 55 3 8
88 56 2 7
88 57 2 9
88 58 4 7
88 59 4 10
88 60 2 10
88 61 1 7
88 62 5 8
88 63 4 10
88 64 10 13
88 65 3 9
88 66 4 7
88 67 4 8
88 68 3 9
88 69 2 6
88 70 2 6
88 71 1 6
88 72 3 7
88 73 7 14
88 74 2 11
88 75 3 9
88 76 5 12
88 77 0 5
88 78 1 7
88 79 1 7
88 80 3 11
88 81 1 9
88 82 1 8
88 83 2 6
88 84 2 6
88 85 1 5
88 86 3 7
88 87 1 10
88 88 6 12
88 89 6 7
88 90 1 6
88 91 2 9
88 92 3 6
88 93 3 6
88 94 5 10
88 95 6 13
88 96 4 9
88 97 2 7
88 98 4 10
88 99 3 8
88 100 8 13
89 1 2 8
89 2 1 6
89 3 1 6
89 4 1 5
89 5 4 10
89 6 2 5
89 7 4 8
89 8 2 6
89 9 2 6
89 10 2 7
89 11 2 5
89 12 2 7
89 13 2 6
89 14 2 6
89 15 2 6
89 16 2 6
89 17 2 6
89 18 2 6
89 19 2 6
89 20 2 6
89 21 2 6
89 22 2 6
89 23 2 6
89 24 2 6
89 25 2 6
89 26 2 6
89 27 2 6
89 28 2 6
89 29 2 6
89 30 2 6
89 31 2 6
89 32 2 6
89 33 2 6
89 34 2 6
89 35 2 6
89 36 2 6
89 37 2 6
89 38 2 6
89 39 2 6
89 40 2 6
89 41 2 6
89 42 2 6
89 43 2 6
89 44 2 7
89 45 2 12
89 46 2 7
89 47 2 6
89 48 2 7
89 49 2 10
89 50 4 12
89 51 1 6
89 52 4 8
89 53 2 5
89 54 4 10
89 55 5 9
89 56 2 5
89 57 2 8
89 58 2 6
89 59 6 7
89 60 5 12
89 61 5 12
89 62 11 13
89 63 2 8
89 64 5 13
89 65 4 11
89 66 4 10
89 67 3 10
89 68 2 6
89 69 2 5
89 70 2 6
89 71 1 7
89 72 6 14
89 73 9 14
89 74 2 5
89 75 3 12
89 76 0 6
89 77 1 12
89 78 3 12
89 79 2 6
89 80 4 11
89 81 1 10
89 82 6 12
89 83 5 11
89 84 2 9
89 85 1 5
89 86 3 12
89 87 4 11
89 88 2 6
89 89 4 11
89 90 4 9
89 91 2 8
89 92 4 10
89 93 4 11
89 94 5 6
89 95 2 4
89 96 2 9
89 97 5 13
89 98 5 9
89 99 3 11
89 100 4 7
90 1 1 6
90 2 2 8
90 3 1 5
90 4 2 6
90 5 2 6
90 6 4 10
90 7 1 5
90 8 3 12
90 9 2 5
90 10 2 7
90 11 2 6
90 12 2 6
90 13 2 6
90 14 2 6
90 15 2 6
90 16 2 6
90 17 2 6
90 18 2 6
90 19 2 6
90 20 2 6
90 21 2 6
90 22 2 6
90 23 2 6
90 24 2 6
90 25 2 6
90 26 2 6
90 27 2 6
90 28 2 6
90 29 2 6
90 30 3 13
90 31 2 5
90 32 2 6
90 33 2 6
90 34 2 6
90 35 2 6
90 36 2 5
90 37 2 5
90 38 2 5
90 39 2 6
90 40 3 11
90 41 5 9
90 42 1 8
90 43 4 7
90 44 4 8
90 45 1 6
90 46 3 8
90 47 2 7
90 48 4 8
90 49 3 7
90 50 2 7
90 51 1 7
90 52 5 13
90 53 2 5
90 54 2 6
90 55 2 12
90 56 2 6
90 57 2 6
90 58 2 8
90 59 2 6
90 60 3 7
90 61 5 13
90 62 5 10
90 63 7 14
90 64 4 12
90 65 4 10
90 66 5 12
90 67 3 11
90 68 3 10
90 69 6 14
90 70 4 8
90 71 3 10
90 72 2 6
90 73 2 6
90 74 3 11
90 75 1 7
90 76 4 11
90 77 5 11
90 78 2 6
90 79 4 11
90 80 2 7
90 81 2 6
90 82 1 5
90 83 3 9
90 84 3 6
90 85 1 5
90 86 4 11
90 87 3 6
90 88 4 13
90 89 5 11
90 90 1 6
90 91 6 9
90 92 7 13
90 93 7 12
90 94 2 8
90 95 3 11
90 96 6 13
90 97 4 13
90 98 2 8
90 99 3 8
90 100 1 5
91 1 1 5
91 2 1 5
91 3 1 5
91 4 2 6
91 5 2 6
91 6 2 6
91 7 2 8
91 8 1 6
91 9 1 5
91 10 3 12
91 11 3 8
91 12 2 7
91 13 2 6
91 14 2 6
91 15 2 6
91 16 2 6
91 17 2 6
91 18 2 6
91 19 2 6
91 20 2 6
91 21 2 6
91 22 2 6
91 23 2 6
91 24 2 6
91 25 2 6
91 26 2 6
91 27 2 6
91 28 2 6
91 29 2 6
91 30 2 6
91 31 2 6
91 32 2 6
91 33 2 6
91 34 2 6
91 35 2 6
91 36 2 6
91 37 2 6
91 38 2 6
91 39 2 11
91 40 2 6
91 41 2 6
91 42 3 13
91 43 2 5
91 44 2 6
91 45 3 7
91 46 6 10
91 47 2 5
91 48 2 7
91 49 2 10
91 50 5 13
91 51 4 11
91 52 2 6
91 53 7 12
91 54 4 6
91 55 4 10
91 56 2 10
91 57 3 7
91 58 5 10
91 59 2 7
91 60 4 7
91 61 4 8
91 62 7 14
91 63 4 10
91 64 7 14
91 65 4 10
91 66 6 11
91 67 2 5
91 68 3 7
91 69 2 6
91 70 1 7
91 71 2 7
91 72 2 6
91 73 1 8
91 74 2 6
91 75 1 7
91 76 4 9
91 77 2 10
91 78 3 8
91 79 2 6
91 80 2 6
91 81 3 11
91 82 2 4
91 83 3 13
91 84 1 5
91 85 1 6
91 86 2 7
91 87 0 7
91 88 2 6
91 89 5 11
91 90 5 10
91 91 5 8
91 92 2 7
91 93 5 8
91 94 4 7
91 95 1 6
91 96 6 12
91 97 5 8
91 98 2 12
91 99 3 6
91 100 3 8
92 1 2 8
92 2 2 7
92 3 2 8
92 4 1 5
92 5 1 5
92 6 1 5
92 7 1 5
92 8 2 8
92 9 2 6
92 10 2 6
92 11 3 6
92 12 1 6
92 13 1 5
92 14 2 10
92 15 1 9
92 16 3 11
92 17 3 8
92 18 1 5
92 19 3 12
92 20 1 6
92 21 2 9
92 22 2 6
92 23 4 14
92 24 2 7
92 25 2 6
92 26 2 6
92 27 2 6
92 28 2 6
92 29 2 6
92 30 2 6
92 31 2 6
92 32 2 6
92 33 2 6
92 34 2 6
92 35 2 6
92 36 2 6
92 37 2 6
92 38 2 6
92 39 2 6
92 40 2 6
92 41 2 6
92 42 2 6
92 43 2 7
92 44 5 10
92 45 2 6
92 46 2 6
92 47 2 6
92 48 2 11
92 49 2 6
92 50 2 6
92 51 2 6
92 52 2 6
92 53 2 6
92 54 2 6
92 55 2 6
92 56 2 6
92 57 2 6
92 58 2 6
92 59 2 6
92 60 2 7
92 61 2 5
92 62 2 7
92 63 3 12
92 64 2 9
92 65 4 12
92 66 2 8
92 67 4 6
92 68 4 6
92 69 5 10
92 70 2 7
92 71 5 11
92 72 4 8
92 73 3 11
92 74 3 9
92 75 4 13
92 76 4 10
92 77 2 13
92 78 2 5
92 79 5 14
92 80 2 5
92 81 0 6
92 82 1 5
92 83 0 7
92 84 2 5
92 85 2 6
92 86 2 6
92 87 0 5
92 88 1 6
92 89 0 6
92 90 4 10
92 91 1 5
92 92 4 10
92 93 1 12
92 94 1 5
92 95 3 6
92 96 4 8
92 97 1 8
92 98 2 6
92 99 3 7
92 100 3 15
93 1 2 8
93 2 2 6
93 3 4 9
93 4 2 7
93 5 4 6
93 6 2 10
93 7 1 5
93 8 1 5
93 9 1 5
93 10 1 5
93 11 1 5
93 12 1 6
93 13 1 6
93 14 2 8
93 15 2 6
93 16 2 6
93 17 2 6
93 18 2 6
93 19 1 12
93 20 2 8
93 21 1 5
93 22 2 6
93 23 1 5
93 24 1 5
93 25 3 6
93 26 2 6
93 27 2 9
93 28 2 9
93 29 2 7
93 30 2 9
93 31 2 7
93 32 2 6
93 33 2 6
93 34 2 6
93 35 2 6
93 36 2 6
93 37 2 6
93 38 2 6
93 39 2 6
93 40 2 6
93 41 2 6
93 42 2 6
93 43 2 6
93 44 2 6
93 45 2 6
93 46 2 7
93 47 2 6
93 48 2 6
93 49 2 6
93 50 3 11
93 51 2 6
93 52 1 7
93 53 3 12
93 54 4 14
93 55 1 6
93 56 3 8
93 57 2 7
93 58 1 9
93 59 2 6
93 60 6 9
93 61 2 8
93 62 1 7
93 63 5 12
93 64 5 10
93 65 2 8
93 66 3 6
93 67 5 13
93 68 2 6
93 69 2 13
93 70 4 8
93 71 2 6
93 72 2 5
93 73 2 10
93 74 2 5
93 75 5 10
93 76 2 6
93 77 4 14
93 78 2 6
93 79 4 7
93 80 4 9
93 81 3 12
93 82 2 7
93 83 1 9
93 84 2 8
93 85 2 6
93 86 2 6
93 87 2 6
93 88 1 9
93 89 5 12
93 90 1 8
93 91 1 5
93 92 4 12
93 93 2 11
93 94 2 11
93 95 1 5
93 96 2 7
93 97 3 8
93 98 3 5
93 99 5 13
93 100 3 7
94 1 2 13
94 2 1 12
94 3 1 6
94 4 1 6
94 5 3 6
94 6 5 7
94 7 2 8
94 8 2 9
94 9 2 8
94 10 3 6
94 11 2 6
94 12 2 8
94 13 4 6
94 14 2 9
94 15 2 7
94 16 2 10
94 17 4 9
94 18 2 7
94 19 2 8
94 20 3 9
94 21 1 5
94 22 1 5
94 23 1 5
94 24 1 5
94 25 1 5
94 26 1 5
94 27 3 9
94 28 2 6
94 29 2 8
94 30 2 9
94 31 2 5
94 32 2 6
94 33 2 6
94 34 2 6
94 35 2 6
94 36 2 6
94 37 2 6
94 38 2 6
94 39 2 6
94 40 2 6
94 41 2 6
94 42 2 6
94 43 2 6
94 44 2 7
94 45 2 7
94 46 2 10
94 47 4 13
94 48 2 6
94 49 4 14
94 50 3 13
94 51 1 5
94 52 1 9
94 53 3 10
94 54 2 7
94 55 3 12
94 56 4 9
94 57 3 8
94 58 1 5
94 59 1 5
94 60 3 9
94 61 3 11
94 62 1 5
94 63 2 5
94 64 3 8
94 65 4 13
94 66 0 5
94 67 2 5
94 68 2 5
94 69 2 7
94 70 2 8
94 71 3 9
94 72 1 6
94 73 4 8
94 74 3 14
94 75 1 6
94 76 2 7
94 77 1 6
94 78 1 7
94 79 2 9
94 80 1 6
94 81 3 8
94 82 1 8
94 83 4 7
94 84 1 7
94 85 3 6
94 86 2 8
94 87 0 6
94 88 2 10
94 89 6 14
94 90 5 11
94 91 2 6
94 92 5 6
94 93 1 8
94 94 2 8
94 95 5 13
94 96 2 8
94 97 3 6
94 98 6 9
94 99 2 8
94 100 4 13
95 1 2 13
95 2 1 6
95 3 1 6
95 4 1 6
95 5 1 12
95 6 2 8
95 7 3 11
95 8 2 6
95 9 2 9
95 10 2 7
95 11 2 6
95 12 2 6
95 13 4 6
95 14 2 12
95 15 1 5
95 16 1 5
95 17 1 5
95 18 1 5
95 19 1 5
95 20 1 5
95 21 1 5
95 22 1 7
95 23 2 8
95 24 5 7
95 25 1 9
95 26 3 6
95 27 6 12
95 28 3 6
95 29 4 9
95 30 0 5
95 31 0 5
95 32 2 8
95 33 2 9
95 34 2 8
95 35 2 6
95 36 2 10
95 37 1 5
95 38 2 8
95 39 2 7
95 40 1 6
95 41 4 7
95 42 3 6
95 43 1 6
95 44 2 9
95 45 2 8
95 46 3 9
95 47 3 9
95 48 3 9
95 49 7 10
95 50 4 9
95 51 2 8
95 52 1 5
95 53 7 14
95 54 1 5
95 55 1 5
95 56 3 14
95 57 6 9
95 58 2 7
95 59 3 9
95 60 2 8
95 61 3 12
95 62 2 9
95 63 2 9
95 64 1 9
95 65 3 12
95 66 4 10
95 67 8 13
95 68 2 9
95 69 4 14
95 70 2 10
95 71 2 7
95 72 3 12
95 73 7 9
95 74 3 9
95 75 6 10
95 76 3 9
95 77 3 12
95 78 5 9
95 79 4 11
95 80 3 15
95 81 5 8
95 82 4 13
95 83 3 9
95 84 4 10
95 85 4 9
95 86 1 5
95 87 5 11
95 88 4 9
95 89 4 11
95 90 5 9
95 91 3 10
95 92 5 10
95 93 14 11
95 94 8 14
95 95 5 14
95 96 3 8
95 97 2 12
95 98 4 11
95 99 4 9
95 100 4 9
96 1 2 13
96 2 1 6
96 3 2 8
96 4 3 5
96 5 2 9
96 6 1 12
96 7 3 8
96 8 5 7
96 9 2 6
96 10 1 5
96 11 1 5
96 12 1 5
96 13 1 5
96 14 1 5
96 15 1 5
96 16 1 5
96 17 3 7
96 18 3 13
96 19 3 8
96 20 1 6
96 21 1 6
96 22 1 6
96 23 3 6
96 24 4 8
96 25 3 6
96 26 2 7
96 27 2 7
96 28 2 8
96 29 2 7
96 30 2 12
96 31 4 9
96 32 6 12
96 33 4 7
96 34 2 14
96 35 4 9
96 36 2 9
96 37 2 8
96 38 2 9
96 39 4 13
96 40 1 6
96 41 3 8
96 42 2 9
96 43 4 6
96 44 4 6
96 45 1 7
96 46 6 9
96 47 2 6
96 48 2 6
96 49 2 7
96 50 2 11
96 51 5 12
96 52 0 9
96 53 3 11
96 54 1 5
96 55 1 5
96 56 1 8
96 57 1 5
96 58 3 10
96 59 2 8
96 60 3 13
96 61 4 8
96 62 0 5
96 63 0 5
96 64 2 9
96 65 2 6
96 66 1 9
96 67 1 5
96 68 5 8
96 69 2 10
96 70 4 6
96 71 3 6
96 72 1 6
96 73 5 11
96 74 3 14
96 75 2 5
96 76 2 10
96 77 6 9
96 78 5 13
96 79 1 5
96 80 3 10
96 81 0 4
96 82 5 11
96 83 4 12
96 84 3 8
96 85 6 9
96 86 3 10
96 87 1 5
96 88 2 7
96 89 6 12
96 90 2 11
96 91 2 10
96 92 1 7
96 93 5 10
96 94 4 8
96 95 6 11
96 96 5 10
96 97 6 14
96 98 3 10
96 99 5 13
96 100 2 9
97 1 3 5
97 2 4 11
97 3 1 6
97 4 1 6
97 5 1 6
97 6 1 6
97 7 3 7
97 8 2 13
97 9 1 9
97 10 1 6
97 11 1 6
97 12 3 6
97 13 1 12
97 14 2 6
97 15 3 13
97 16 3 8
97 17 3 11
97 18 2 8
97 19 3 8
97 20 3 6
97 21 3 8
97 22 4 6
97 23 2 9
97 24 1 5
97 25 1 5
97 26 1 5
97 27 1 5
97 28 1 5
97 29 1 5
97 30 1 5
97 31 2 7
97 32 2 7
97 33 1 5
97 34 1 5
97 35 1 5
97 36 2 9
97 37 5 7
97 38 2 6
97 39 2 8
97 40 2 12
97 41 1 6
97 42 4 12
97 43 3 8
97 44 0 9
97 45 4 6
97 46 1 5
97 47 3 8
97 48 3 10
97 49 2 6
97 50 3 7
97 51 6 14
97 52 4 8
97 53 3 8
97 54 2 8
97 55 2 7
97 56 2 5
97 57 0 12
97 58 0 5
97 59 0 5
97 60 0 5
97 61 1 11
97 62 1 5
97 63 3 11
97 64 5 10
97 65 4 11
97 66 2 5
97 67 2 10
97 68 5 7
97 69 5 12
97 70 2 9
97 71 2 5
97 72 2 9
97 73 5 9
97 74 4 14
97 75 5 11
97 76 7 12
97 77 5 8
97 78 2 5
97 79 3 11
97 80 2 11
97 81 2 8
97 82 3 11
97 83 2 8
97 84 1 5
97 85 3 6
97 86 3 14
97 87 2 9
97 88 4 8
97 89 3 6
97 90 3 12
97 91 3 11
97 92 8 14
97 93 4 10
97 94 3 8
97 95 3 10
97 96 5 12
97 97 3 9
97 98 2 7
97 99 7 14
97 100 2 7
98 1 4 11
98 2 3 10
98 3 3 5
98 4 2 13
98 5 1 6
98 6 1 6
98 7 1 6
98 8 1 6
98 9 1 6
98 10 1 6
98 11 2 6
98 12 4 11
98 13 1 6
98 14 3 13
98 15 3 7
98 16 1 6
98 17 1 6
98 18 1 5
98 19 1 12
98 20 4 12
98 21 6 12
98 22 3 11
98 23 4 9
98 24 1 5
98 25 2 8
98 26 3 8
98 27 1 5
98 28 1 5
98 29 1 5
98 30 1 5
98 31 1 5
98 32 1 5
98 33 1 5
98 34 1 5
98 35 2 7
98 36 1 9
98 37 3 7
98 38 2 6
98 39 1 10
98 40 4 6
98 41 4 6
98 42 4 7
98 43 4 7
98 44 3 6
98 45 1 8
98 46 3 8
98 47 3 8
98 48 4 11
98 49 2 6
98 50 3 6
98 51 3 6
98 52 1 6
98 53 5 7
98 54 2 9
98 55 6 8
98 56 2 11
98 57 4 11
98 58 1 5
98 59 6 15
98 60 4 10
98 61 1 4
98 62 4 10
98 63 1 4
98 64 4 13
98 65 4 12
98 66 2 8
98 67 4 8
98 68 2 8
98 69 2 10
98 70 7 14
98 71 3 6
98 72 1 5
98 73 1 5
98 74 2 7
98 75 6 13
98 76 3 13
98 77 3 9
98 78 1 12
98 79 6 12
98 80 5 12
98 81 8 12
98 82 4 8
98 83 5 8
98 84 3 8
98 85 8 8
98 86 2 9
98 87 2 7
98 88 5 11
98 89 3 7
98 90 3 8
98 91 4 8
98 92 5 12
98 93 5 12
98 94 5 11
98 95 3 12
98 96 5 9
98 97 6 12
98 98 2 5
98 99 5 11
98 100 6 13
99 1 4 11
99 2 2 4
99 3 3 5
99 4 3 5
99 5 3 10
99 6 2 13
99 7 2 13
99 8 4 11
99 9 1 6
99 10 1 6
99 11 1 6
99 12 1 6
99 13 1 6
99 14 1 6
99 15 1 12
99 16 1 5
99 17 3 7
99 18 3 7
99 19 1 6
99 20 1 6
99 21 3 13
99 22 6 12
99 23 3 11
99 24 2 6
99 25 4 9
99 26 4 12
99 27 6 10
99 28 3 10
99 29 1 7
99 30 2 9
99 31 2 12
99 32 1 6
99 33 1 6
99 34 1 6
99 35 3 6
99 36 5 13
99 37 1 5
99 38 1 5
99 39 1 5
99 40 1 5
99 41 1 5
99 42 7 14
99 43 2 8
99 44 3 8
99 45 2 7
99 46 1 5
99 47 4 8
99 48 5 10
99 49 3 7
99 50 4 6
99 51 1 7
99 52 2 8
99 53 6 11
99 54 3 7
99 55 1 5
99 56 5 8
99 57 5 12
99 58 3 10
99 59 6 11
99 60 3 12
99 61 1 5
99 62 5 12
99 63 1 6
99 64 1 6
99 65 2 8
99 66 5 13
99 67 4 6
99 68 0 3
99 69 7 11
99 70 4 12
99 71 3 8
99 72 1 9
99 73 4 11
99 74 4 11
99 75 2 12
99 76 4 8
99 77 3 12
99 78 1 4
99 79 11 12
99 80 1 7
99 81 8 8
99 82 5 11
99 83 0 4
99 84 1 6
99 85 3 14
99 86 5 9
99 87 5 12
99 88 7 12
99 89 2 6
99 90 2 5
99 91 5 11
99 92 7 12
99 93 5 11
99 94 3 6
99 95 4 7
99 96 2 11
99 97 6 10
99 98 8 13
99 99 2 12
99 100 6 13
