1 1 6 14
1 2 7 12
1 3 5 11
1 4 3 14
1 5 4 9
1 6 1 6
1 7 5 13
1 8 3 9
1 9 3 9
1 10 5 13
1 11 5 13
1 12 3 10
1 13 5 10
1 14 5 15
1 15 5 8
1 16 4 9
1 17 5 14
1 18 8 12
1 19 6 13
1 20 7 10
1 21 3 10
1 22 9 11
1 23 5 11
1 24 6 8
1 25 7 12
1 26 5 10
1 27 6 12
1 28 25 13
1 29 6 14
1 30 6 14
1 31 4 11
1 32 4 10
1 33 7 13
1 34 9 13
1 35 3 9
1 36 3 12
1 37 3 9
1 38 5 12
1 39 6 13
1 40 6 9
1 41 2 10
1 42 3 7
1 43 7 13
1 44 4 9
1 45 5 12
1 46 7 13
1 47 10 14
1 48 13 13
1 49 5 15
1 50 6 13
1 51 5 10
1 52 2 11
1 53 5 10
1 54 9 9
1 55 8 12
1 56 6 12
1 57 3 7
1 58 4 8
1 59 3 7
1 60 2 7
1 61 7 12
1 62 5 10
1 63 7 14
1 64 3 6
1 65 10 15
1 66 5 10
1 67 2 7
1 68 2 7
1 69 10 14
1 70 5 9
1 71 5 12
1 72 5 9
1 73 3 15
1 74 4 12
1 75 3 13
1 76 5 14
1 77 3 11
1 78 2 9
1 79 2 6
1 80 2 9
1 81 1 9
1 82 6 14
1 83 0 6
1 84 4 13
1 85 4 12
1 86 2 14
1 87 2 12
1 88 0 4
1 89 0 4
1 90 0 4
1 91 0 4
1 92 0 4
1 93 0 4
1 94 0 4
1 95 0 4
1 96 0 4
1 97 0 4
1 98 0 4
1 99 0 4
1 100 4 13
2 1 4 10
2 2 2 6
2 3 2 6
2 4 2 6
2 5 1 6
2 6 1 6
2 7 1 6
2 8 1 6
2 9 1 6
2 10 1 10
2 11 0 4
2 12 1 6
2 13 0 3
2 14 3 14
2 15 5 13
2 16 6 11
2 17 4 9
2 18 7 12
2 19 4 9
2 20 2 11
2 21 6 14
2 22 3 7
2 23 3 9
2 24 3 9
2 25 6 13
2 26 5 15
2 27 5 13
2 28 9 14
2 29 8 14
2 30 4 9
2 31 5 11
2 32 7 10
2 33 3 10
2 34 5 14
2 35 3 10
2 36 5 11
2 37 6 13
2 38 8 12
2 39 25 13
2 40 5 10
2 41 4 13
2 42 11 13
2 43 3 11
2 44 5 13
2 45 5 13
2 46 9 11
2 47 5 10
2 48 5 8
2 49 6 8
2 50 6 14
2 51 7 12
2 52 2 6
2 53 6 14
2 54 6 14
2 55 4 11
2 56 2 10
2 57 4 12
2 58 3 7
2 59 6 12
2 60 5 12
2 61 3 6
2 62 2 6
2 63 2 10
2 64 4 12
2 65 2 5
2 66 2 8
2 67 6 13
2 68 2 11
2 69 4 10
2 70 4 12
2 71 1 6
2 72 1 4
2 73 3 14
2 74 0 6
2 75 0 4
2 76 0 6
2 77 3 8
2 78 1 4
2 79 0 5
2 80 1 4
2 81 0 4
2 82 0 4
2 83 0 4
2 84 1 4
2 85 0 4
2 86 0 4
2 87 0 4
2 88 0 4
2 89 0 4
2 90 0 4
2 91 0 4
2 92 0 4
2 93 0 4
2 94 0 4
2 95 0 4
2 96 6 14
2 97 1 7
2 98 2 5
2 99 1 3
2 100 0 2
3 1 1 6
3 2 5 15
3 3 3 8
3 4 0 3
3 5 0 3
3 6 0 3
3 7 0 3
3 8 0 3
3 9 3 7
3 10 2 6
3 11 2 6
3 12 2 6
3 13 1 6
3 14 1 3
3 15 1 6
3 16 1 6
3 17 1 6
3 18 1 6
3 19 1 6
3 20 1 6
3 21 1 6
3 22 6 10
3 23 0 4
3 24 0 4
3 25 0 4
3 26 5 11
3 27 2 9
3 28 1 6
3 29 1 6
3 30 2 13
3 31 2 11
3 32 1 10
3 33 5 14
3 34 2 13
3 35 5 13
3 36 3 14
3 37 0 3
3 38 4 9
3 39 0 4
3 40 6 11
3 41 2 6
3 42 2 6
3 43 4 10
3 44 2 6
3 45 2 11
3 46 4 13
3 47 9 12
3 48 3 12
3 49 2 6
3 50 6 13
3 51 3 7
3 52 4 9
3 53 3 8
3 54 8 14
3 55 9 14
3 56 7 11
3 57 6 13
3 58 3 8
3 59 8 13
3 60 6 14
3 61 3 10
3 62 7 12
3 63 6 12
3 64 3 10
3 65 3 7
3 66 5 7
3 67 3 9
3 68 3 9
3 69 5 15
3 70 5 13
3 71 4 9
3 72 6 14
3 73 6 13
3 74 5 9
3 75 0 5
3 76 3 8
3 77 5 13
3 78 5 11
3 79 7 13
3 80 3 8
3 81 6 14
3 82 3 5
3 83 2 5
3 84 4 10
3 85 2 6
3 86 3 6
3 87 3 8
3 88 7 13
3 89 1 4
3 90 1 5
3 91 1 6
3 92 0 4
3 93 0 2
3 94 1 4
3 95 1 6
3 96 0 4
3 97 0 4
3 98 0 4
3 99 0 3
3 100 0 4
4 1 2 11
4 2 0 4
4 3 2 6
4 4 4 13
4 5 0 4
4 6 0 3
4 7 0 3
4 8 0 3
4 9 3 13
4 10 0 6
4 11 0 7
4 12 5 7
4 13 4 13
4 14 6 14
4 15 0 6
4 16 1 8
4 17 1 3
4 18 1 11
4 19 2 6
4 20 2 6
4 21 2 6
4 22 1 6
4 23 1 6
4 24 1 6
4 25 1 6
4 26 1 6
4 27 1 6
4 28 1 6
4 29 1 6
4 30 6 10
4 31 0 4
4 32 0 4
4 33 0 4
4 34 1 6
4 35 1 6
4 36 1 6
4 37 1 6
4 38 1 6
4 39 1 6
4 40 3 8
4 41 0 8
4 42 1 6
4 43 1 6
4 44 0 6
4 45 1 6
4 46 4 13
4 47 2 6
4 48 1 3
4 49 2 13
4 50 0 3
4 51 0 4
4 52 0 2
4 53 1 5
4 54 1 6
4 55 1 3
4 56 2 6
4 57 5 11
4 58 1 7
4 59 2 9
4 60 6 12
4 61 0 3
4 62 0 3
4 63 0 3
4 64 0 3
4 65 0 3
4 66 0 3
4 67 0 3
4 68 0 3
4 69 0 3
4 70 0 3
4 71 1 3
4 72 0 3
4 73 0 3
4 74 0 3
4 75 1 6
4 76 2 11
4 77 3 7
4 78 1 10
4 79 3 8
4 80 1 4
4 81 5 15
4 82 4 7
4 83 4 10
4 84 4 11
4 85 7 12
4 86 6 11
4 87 4 11
4 88 1 6
4 89 4 10
4 90 2 6
4 91 4 12
4 92 1 5
4 93 6 10
4 94 2 6
4 95 3 7
4 96 0 3
4 97 0 3
4 98 1 6
4 99 0 2
4 100 3 14
5 1 2 11
5 2 1 3
5 3 3 10
5 4 3 13
5 5 0 4
5 6 0 4
5 7 0 4
5 8 0 4
5 9 0 4
5 10 0 6
5 11 2 6
5 12 0 7
5 13 3 13
5 14 0 3
5 15 0 3
5 16 0 3
5 17 0 3
5 18 0 3
5 19 0 3
5 20 0 3
5 21 0 3
5 22 4 13
5 23 6 14
5 24 1 8
5 25 5 7
5 26 4 13
5 27 2 7
5 28 2 6
5 29 2 6
5 30 2 6
5 31 1 6
5 32 1 6
5 33 1 6
5 34 1 6
5 35 1 6
5 36 1 6
5 37 1 6
5 38 1 6
5 39 6 10
5 40 0 4
5 41 1 14
5 42 0 4
5 43 0 2
5 44 1 3
5 45 1 3
5 46 0 3
5 47 1 3
5 48 0 2
5 49 0 2
5 50 2 3
5 51 0 3
5 52 1 3
5 53 0 3
5 54 1 3
5 55 1 3
5 56 1 8
5 57 1 6
5 58 1 11
5 59 0 3
5 60 0 3
5 61 0 3
5 62 0 3
5 63 0 3
5 64 0 3
5 65 0 3
5 66 0 3
5 67 0 3
5 68 0 3
5 69 0 3
5 70 0 3
5 71 0 3
5 72 0 3
5 73 0 3
5 74 0 3
5 75 0 3
5 76 0 3
5 77 4 13
5 78 4 11
5 79 3 8
5 80 4 6
5 81 0 6
5 82 1 3
5 83 1 3
5 84 1 3
5 85 1 3
5 86 1 3
5 87 4 9
5 88 2 7
5 89 2 3
5 90 4 11
5 91 1 5
5 92 2 11
5 93 6 13
5 94 8 13
5 95 7 9
5 96 0 3
5 97 0 3
5 98 0 3
5 99 0 3
5 100 0 3
6 1 2 11
6 2 1 3
6 3 1 3
6 4 1 3
6 5 2 8
6 6 0 4
6 7 3 10
6 8 3 13
6 9 1 12
6 10 2 6
6 11 3 10
6 12 4 13
6 13 0 4
6 14 0 4
6 15 6 14
6 16 0 7
6 17 0 4
6 18 0 4
6 19 0 4
6 20 0 4
6 21 0 4
6 22 0 4
6 23 0 6
6 24 3 13
6 25 0 7
6 26 1 7
6 27 5 7
6 28 0 3
6 29 0 3
6 30 0 3
6 31 0 3
6 32 0 3
6 33 0 3
6 34 0 3
6 35 0 3
6 36 0 3
6 37 0 3
6 38 0 3
6 39 0 3
6 40 1 10
6 41 1 6
6 42 2 7
6 43 2 7
6 44 1 3
6 45 0 3
6 46 0 3
6 47 0 3
6 48 0 3
6 49 1 3
6 50 1 3
6 51 1 4
6 52 0 3
6 53 0 3
6 54 0 3
6 55 0 3
6 56 0 3
6 57 0 3
6 58 0 3
6 59 0 3
6 60 0 3
6 61 0 3
6 62 2 6
6 63 2 6
6 64 2 6
6 65 0 4
6 66 1 5
6 67 1 8
6 68 1 9
6 69 0 2
6 70 2 11
6 71 1 3
6 72 2 14
6 73 0 3
6 74 3 14
6 75 0 2
6 76 0 3
6 77 0 3
6 78 1 8
6 79 1 8
6 80 0 2
6 81 4 8
6 82 1 3
6 83 1 3
6 84 1 3
6 85 2 4
6 86 2 3
6 87 4 13
6 88 2 13
6 89 3 5
6 90 1 8
6 91 6 8
6 92 5 10
6 93 6 9
6 94 2 8
6 95 4 10
6 96 3 11
6 97 2 7
6 98 1 2
6 99 0 5
6 100 0 2
7 1 5 14
7 2 2 6
7 3 2 11
7 4 1 3
7 5 1 3
7 6 1 3
7 7 1 3
7 8 1 3
7 9 2 8
7 10 3 10
7 11 3 10
7 12 7 12
7 13 0 4
7 14 7 12
7 15 3 13
7 16 1 12
7 17 6 14
7 18 1 3
7 19 1 3
7 20 4 13
7 21 3 10
7 22 2 6
7 23 0 4
7 24 0 4
7 25 0 4
7 26 0 4
7 27 0 4
7 28 0 4
7 29 0 4
7 30 0 4
7 31 0 4
7 32 0 4
7 33 0 4
7 34 0 4
7 35 0 4
7 36 2 13
7 37 0 6
7 38 3 10
7 39 2 12
7 40 0 7
7 41 1 7
7 42 0 3
7 43 0 3
7 44 0 3
7 45 0 3
7 46 0 3
7 47 0 3
7 48 0 3
7 49 0 3
7 50 0 3
7 51 0 7
7 52 3 13
7 53 4 12
7 54 2 7
7 55 5 7
7 56 3 13
7 57 0 6
7 58 5 9
7 59 2 8
7 60 0 3
7 61 0 3
7 62 0 3
7 63 0 3
7 64 0 3
7 65 0 3
7 66 0 3
7 67 1 12
7 68 1 3
7 69 1 3
7 70 1 3
7 71 1 3
7 72 1 3
7 73 1 3
7 74 4 12
7 75 5 9
7 76 1 3
7 77 1 3
7 78 1 3
7 79 1 3
7 80 1 3
7 81 1 3
7 82 0 3
7 83 0 2
7 84 0 2
7 85 0 2
7 86 0 2
7 87 0 3
7 88 1 8
7 89 4 10
7 90 1 6
7 91 5 12
7 92 8 11
7 93 3 10
7 94 5 13
7 95 4 8
7 96 1 5
7 97 1 6
7 98 4 11
7 99 3 10
7 100 0 4
8 1 2 6
8 2 3 11
8 3 2 11
8 4 1 3
8 5 1 3
8 6 1 3
8 7 1 3
8 8 1 3
8 9 1 3
8 10 1 3
8 11 1 3
8 12 1 3
8 13 1 3
8 14 1 3
8 15 2 8
8 16 1 3
8 17 7 12
8 18 5 14
8 19 1 6
8 20 3 10
8 21 7 12
8 22 1 3
8 23 1 3
8 24 6 9
8 25 3 13
8 26 1 12
8 27 1 3
8 28 2 6
8 29 1 7
8 30 6 14
8 31 3 11
8 32 3 10
8 33 0 4
8 34 0 4
8 35 0 4
8 36 0 8
8 37 1 9
8 38 2 6
8 39 0 3
8 40 7 13
8 41 2 6
8 42 4 13
8 43 3 10
8 44 3 11
8 45 0 3
8 46 0 3
8 47 0 3
8 48 0 3
8 49 0 3
8 50 0 3
8 51 0 3
8 52 0 3
8 53 0 4
8 54 0 4
8 55 0 4
8 56 2 9
8 57 1 3
8 58 1 3
8 59 1 3
8 60 1 3
8 61 0 3
8 62 4 15
8 63 2 9
8 64 0 4
8 65 0 4
8 66 0 4
8 67 0 4
8 68 0 4
8 69 0 4
8 70 0 4
8 71 0 4
8 72 0 4
8 73 0 4
8 74 4 10
8 75 4 8
8 76 3 12
8 77 1 3
8 78 0 3
8 79 0 2
8 80 0 2
8 81 0 2
8 82 0 2
8 83 0 2
8 84 1 3
8 85 0 2
8 86 0 2
8 87 6 12
8 88 0 4
8 89 3 11
8 90 1 3
8 91 4 13
8 92 2 12
8 93 1 7
8 94 5 9
8 95 2 4
8 96 5 10
8 97 0 3
8 98 0 4
8 99 1 3
8 100 1 3
9 1 3 10
9 2 2 6
9 3 1 6
9 4 1 3
9 5 1 3
9 6 1 3
9 7 1 3
9 8 1 3
9 9 1 3
9 10 1 3
9 11 1 3
9 12 1 3
9 13 1 3
9 14 1 3
9 15 1 3
9 16 1 3
9 17 1 3
9 18 1 3
9 19 1 3
9 20 1 3
9 21 6 11
9 22 4 10
9 23 3 11
9 24 2 11
9 25 7 12
9 26 1 3
9 27 1 3
9 28 1 3
9 29 1 3
9 30 1 3
9 31 2 8
9 32 7 12
9 33 6 9
9 34 1 7
9 35 9 14
9 36 5 14
9 37 1 3
9 38 6 11
9 39 1 6
9 40 2 6
9 41 8 11
9 42 5 9
9 43 3 10
9 44 6 14
9 45 3 10
9 46 1 4
9 47 1 12
9 48 0 2
9 49 4 12
9 50 2 13
9 51 1 3
9 52 1 3
9 53 1 3
9 54 1 3
9 55 1 3
9 56 3 13
9 57 3 10
9 58 6 12
9 59 0 3
9 60 1 3
9 61 1 3
9 62 0 2
9 63 0 2
9 64 0 2
9 65 0 2
9 66 0 4
9 67 0 4
9 68 0 4
9 69 0 4
9 70 0 4
9 71 3 10
9 72 0 4
9 73 0 3
9 74 0 3
9 75 0 3
9 76 0 3
9 77 0 3
9 78 3 11
9 79 1 6
9 80 1 5
9 81 3 12
9 82 0 4
9 83 8 10
9 84 1 5
9 85 4 8
9 86 2 8
9 87 5 13
9 88 3 9
9 89 8 13
9 90 4 11
9 91 5 10
9 92 8 14
9 93 5 7
9 94 3 7
9 95 2 7
9 96 1 3
9 97 4 11
9 98 4 14
9 99 0 3
9 100 0 2
10 1 2 6
10 2 3 10
10 3 1 6
10 4 1 3
10 5 1 3
10 6 1 3
10 7 1 3
10 8 1 3
10 9 1 3
10 10 1 3
10 11 1 3
10 12 1 3
10 13 1 3
10 14 1 3
10 15 1 3
10 16 1 3
10 17 1 3
10 18 1 3
10 19 1 3
10 20 1 3
10 21 1 3
10 22 1 3
10 23 1 3
10 24 1 3
10 25 1 3
10 26 1 3
10 27 1 3
10 28 1 3
10 29 1 3
10 30 1 3
10 31 1 3
10 32 1 3
10 33 1 3
10 34 1 3
10 35 6 11
10 36 2 11
10 37 4 10
10 38 2 7
10 39 1 11
10 40 1 3
10 41 1 3
10 42 1 3
10 43 1 3
10 44 0 2
10 45 3 10
10 46 2 10
10 47 3 11
10 48 2 3
10 49 7 12
10 50 1 3
10 51 1 3
10 52 1 3
10 53 1 3
10 54 1 4
10 55 1 3
10 56 7 11
10 57 1 3
10 58 1 3
10 59 0 3
10 60 0 3
10 61 0 2
10 62 0 3
10 63 9 12
10 64 0 4
10 65 1 3
10 66 1 3
10 67 0 2
10 68 0 3
10 69 1 3
10 70 1 3
10 71 1 3
10 72 2 6
10 73 0 3
10 74 0 3
10 75 0 3
10 76 0 3
10 77 0 4
10 78 7 11
10 79 1 5
10 80 2 5
10 81 4 11
10 82 3 13
10 83 6 12
10 84 5 11
10 85 2 9
10 86 2 3
10 87 8 14
10 88 1 2
10 89 2 11
10 90 3 8
10 91 6 13
10 92 1 6
10 93 5 14
10 94 3 11
10 95 6 12
10 96 1 4
10 97 1 3
10 98 1 3
10 99 1 3
10 100 9 15
11 1 1 3
11 2 1 3
11 3 0 2
11 4 0 2
11 5 1 3
11 6 5 12
11 7 1 6
11 8 6 13
11 9 2 4
11 10 6 9
11 11 4 9
11 12 1 6
11 13 5 13
11 14 0 4
11 15 3 10
11 16 1 3
11 17 2 6
11 18 4 10
11 19 0 2
11 20 0 3
11 21 0 3
11 22 0 3
11 23 0 3
11 24 0 3
11 25 1 3
11 26 1 3
11 27 1 3
11 28 1 3
11 29 1 3
11 30 1 3
11 31 1 3
11 32 1 3
11 33 1 3
11 34 1 3
11 35 1 3
11 36 1 3
11 37 1 3
11 38 1 3
11 39 1 3
11 40 1 3
11 41 1 3
11 42 1 3
11 43 1 3
11 44 1 3
11 45 1 3
11 46 1 3
11 47 1 3
11 48 1 3
11 49 1 3
11 50 1 3
11 51 1 3
11 52 1 3
11 53 1 3
11 54 1 3
11 55 1 3
11 56 1 3
11 57 1 3
11 58 1 3
11 59 1 3
11 60 1 3
11 61 1 3
11 62 1 3
11 63 1 3
11 64 1 3
11 65 1 3
11 66 1 3
11 67 1 3
11 68 1 3
11 69 1 3
11 70 1 3
11 71 0 2
11 72 1 3
11 73 4 8
11 74 3 12
11 75 1 4
11 76 1 2
11 77 1 3
11 78 2 7
11 79 3 9
11 80 1 11
11 81 4 9
11 82 3 11
11 83 2 5
11 84 8 12
11 85 4 9
11 86 5 14
11 87 0 4
11 88 2 6
11 89 1 6
11 90 1 4
11 91 1 11
11 92 2 11
11 93 2 12
11 94 4 12
11 95 5 11
11 96 5 10
11 97 1 3
11 98 1 3
11 99 1 3
11 100 0 4
12 1 1 5
12 2 1 3
12 3 1 3
12 4 2 4
12 5 2 4
12 6 4 8
12 7 5 14
12 8 1 3
12 9 0 2
12 10 0 2
12 11 1 3
12 12 0 2
12 13 1 3
12 14 0 2
12 15 1 6
12 16 8 12
12 17 6 9
12 18 6 13
12 19 5 13
12 20 1 6
12 21 4 9
12 22 5 12
12 23 1 3
12 24 2 5
12 25 0 2
12 26 1 3
12 27 1 3
12 28 3 11
12 29 2 6
12 30 1 3
12 31 1 3
12 32 1 3
12 33 1 3
12 34 1 3
12 35 1 3
12 36 1 3
12 37 1 3
12 38 1 3
12 39 1 3
12 40 1 3
12 41 1 3
12 42 1 3
12 43 1 3
12 44 1 3
12 45 1 3
12 46 1 3
12 47 1 3
12 48 1 3
12 49 1 3
12 50 1 3
12 51 1 3
12 52 1 3
12 53 1 3
12 54 1 3
12 55 1 3
12 56 1 3
12 57 1 3
12 58 1 3
12 59 1 3
12 60 1 3
12 61 1 3
12 62 1 3
12 63 1 3
12 64 1 3
12 65 1 3
12 66 1 3
12 67 8 12
12 68 1 3
12 69 4 6
12 70 6 8
12 71 1 5
12 72 3 10
12 73 1 9
12 74 6 11
12 75 2 12
12 76 1 3
12 77 1 3
12 78 0 4
12 79 0 2
12 80 0 3
12 81 0 3
12 82 0 3
12 83 0 3
12 84 0 3
12 85 0 3
12 86 0 3
12 87 0 3
12 88 0 3
12 89 9 8
12 90 4 10
12 91 0 4
12 92 4 7
12 93 1 10
12 94 4 12
12 95 1 6
12 96 2 8
12 97 3 11
12 98 1 3
12 99 1 3
12 100 0 2
13 1 1 5
13 2 1 6
13 3 1 3
13 4 1 3
13 5 1 3
13 6 1 3
13 7 1 3
13 8 1 3
13 9 1 3
13 10 0 2
13 11 0 2
13 12 1 3
13 13 0 2
13 14 1 3
13 15 0 2
13 16 0 2
13 17 1 3
13 18 0 2
13 19 1 3
13 20 1 3
13 21 1 3
13 22 0 2
13 23 0 2
13 24 0 2
13 25 1 6
13 26 2 4
13 27 2 4
13 28 2 12
13 29 6 13
13 30 5 12
13 31 4 8
13 32 4 9
13 33 6 9
13 34 8 12
13 35 1 3
13 36 2 5
13 37 5 13
13 38 5 14
13 39 5 14
13 40 8 14
13 41 0 2
13 42 1 3
13 43 5 11
13 44 4 10
13 45 3 12
13 46 3 4
13 47 1 3
13 48 2 6
13 49 1 3
13 50 1 3
13 51 1 3
13 52 1 3
13 53 1 3
13 54 1 3
13 55 1 3
13 56 1 3
13 57 1 3
13 58 1 3
13 59 1 3
13 60 1 3
13 61 1 3
13 62 1 3
13 63 1 3
13 64 1 3
13 65 1 3
13 66 1 3
13 67 1 3
13 68 1 3
13 69 1 3
13 70 1 3
13 71 1 3
13 72 1 3
13 73 1 3
13 74 1 3
13 75 1 3
13 76 1 3
13 77 1 3
13 78 3 11
13 79 2 8
13 80 4 14
13 81 4 7
13 82 6 8
13 83 3 9
13 84 0 3
13 85 0 2
13 86 0 2
13 87 5 11
13 88 1 9
13 89 3 13
13 90 1 3
13 91 1 3
13 92 4 12
13 93 1 3
13 94 4 12
13 95 2 9
13 96 2 9
13 97 5 11
13 98 5 14
13 99 1 3
13 100 1 3
14 1 4 14
14 2 6 13
14 3 1 6
14 4 1 3
14 5 0 2
14 6 0 2
14 7 1 3
14 8 0 2
14 9 1 3
14 10 0 2
14 11 0 2
14 12 1 3
14 13 0 2
14 14 1 3
14 15 1 3
14 16 1 3
14 17 0 2
14 18 0 2
14 19 0 2
14 20 1 3
14 21 1 3
14 22 1 3
14 23 0 2
14 24 1 3
14 25 0 2
14 26 1 3
14 27 1 3
14 28 0 2
14 29 0 2
14 30 0 2
14 31 1 3
14 32 0 2
14 33 0 2
14 34 0 2
14 35 3 12
14 36 4 12
14 37 2 12
14 38 5 8
14 39 3 10
14 40 0 2
14 41 2 8
14 42 5 12
14 43 1 6
14 44 1 3
14 45 1 3
14 46 1 3
14 47 1 3
14 48 1 3
14 49 1 3
14 50 1 3
14 51 1 3
14 52 1 3
14 53 1 3
14 54 1 3
14 55 1 3
14 56 1 3
14 57 1 4
14 58 4 13
14 59 5 9
14 60 1 5
14 61 3 11
14 62 4 13
14 63 2 4
14 64 2 4
14 65 2 4
14 66 5 9
14 67 1 3
14 68 1 4
14 69 1 3
14 70 1 3
14 71 1 3
14 72 1 3
14 73 1 3
14 74 1 3
14 75 1 3
14 76 1 3
14 77 1 3
14 78 1 3
14 79 1 3
14 80 1 3
14 81 1 3
14 82 1 3
14 83 4 10
14 84 4 9
14 85 7 12
14 86 2 9
14 87 9 14
14 88 3 9
14 89 0 2
14 90 3 12
14 91 0 2
14 92 0 2
14 93 4 10
14 94 3 12
14 95 2 6
14 96 3 9
14 97 1 3
14 98 3 10
14 99 3 11
14 100 5 12
15 1 1 3
15 2 3 13
15 3 1 6
15 4 1 3
15 5 0 2
15 6 0 2
15 7 1 3
15 8 0 2
15 9 1 3
15 10 0 2
15 11 0 2
15 12 1 3
15 13 0 2
15 14 1 3
15 15 1 3
15 16 1 3
15 17 0 2
15 18 0 2
15 19 0 2
15 20 1 3
15 21 1 3
15 22 1 3
15 23 0 2
15 24 1 3
15 25 0 2
15 26 1 3
15 27 1 3
15 28 0 2
15 29 0 2
15 30 0 2
15 31 0 2
15 32 1 3
15 33 0 2
15 34 0 2
15 35 1 3
15 36 0 2
15 37 0 2
15 38 0 2
15 39 0 2
15 40 0 2
15 41 1 3
15 42 0 2
15 43 0 2
15 44 0 2
15 45 1 3
15 46 0 2
15 47 1 3
15 48 0 2
15 49 0 2
15 50 1 6
15 51 0 2
15 52 0 2
15 53 0 2
15 54 6 13
15 55 3 12
15 56 1 4
15 57 1 4
15 58 0 2
15 59 0 2
15 60 4 14
15 61 1 4
15 62 3 6
15 63 2 4
15 64 2 4
15 65 1 3
15 66 1 3
15 67 1 3
15 68 1 3
15 69 1 3
15 70 1 3
15 71 1 11
15 72 6 9
15 73 1 2
15 74 0 2
15 75 8 12
15 76 6 13
15 77 4 7
15 78 8 13
15 79 13 11
15 80 1 4
15 81 1 3
15 82 1 3
15 83 1 3
15 84 1 3
15 85 1 5
15 86 1 3
15 87 1 3
15 88 1 3
15 89 5 8
15 90 11 14
15 91 5 13
15 92 0 3
15 93 3 10
15 94 1 5
15 95 0 2
15 96 0 2
15 97 0 2
15 98 6 13
15 99 1 3
15 100 3 10
16 1 1 3
16 2 0 2
16 3 5 14
16 4 1 4
16 5 3 13
16 6 1 3
16 7 0 2
16 8 0 2
16 9 1 3
16 10 0 2
16 11 1 3
16 12 0 2
16 13 0 2
16 14 1 3
16 15 0 2
16 16 1 3
16 17 1 3
16 18 1 3
16 19 0 2
16 20 0 2
16 21 0 2
16 22 1 3
16 23 1 3
16 24 1 3
16 25 0 2
16 26 1 3
16 27 0 2
16 28 1 3
16 29 1 3
16 30 0 2
16 31 0 2
16 32 0 2
16 33 0 2
16 34 1 3
16 35 0 2
16 36 0 2
16 37 1 3
16 38 0 2
16 39 0 2
16 40 0 2
16 41 0 2
16 42 0 2
16 43 0 2
16 44 0 2
16 45 0 2
16 46 0 2
16 47 0 2
16 48 0 2
16 49 0 2
16 50 1 3
16 51 0 2
16 52 0 2
16 53 1 3
16 54 0 2
16 55 0 2
16 56 0 2
16 57 1 3
16 58 1 3
16 59 0 2
16 60 0 2
16 61 0 2
16 62 0 2
16 63 0 2
16 64 0 2
16 65 0 2
16 66 0 2
16 67 0 2
16 68 0 2
16 69 1 3
16 70 1 3
16 71 1 6
16 72 1 7
16 73 7 8
16 74 5 12
16 75 2 9
16 76 3 11
16 77 1 2
16 78 1 2
16 79 3 7
16 80 0 3
16 81 0 3
16 82 0 3
16 83 4 12
16 84 1 3
16 85 3 8
16 86 2 12
16 87 4 8
16 88 7 11
16 89 1 5
16 90 1 3
16 91 1 3
16 92 5 11
16 93 2 6
16 94 5 8
16 95 5 11
16 96 4 12
16 97 5 15
16 98 2 10
16 99 7 15
16 100 4 8
17 1 6 10
17 2 3 13
17 3 1 3
17 4 1 3
17 5 0 2
17 6 0 2
17 7 1 3
17 8 0 2
17 9 1 3
17 10 0 2
17 11 0 2
17 12 1 3
17 13 0 2
17 14 1 3
17 15 1 3
17 16 1 3
17 17 0 2
17 18 0 2
17 19 0 2
17 20 1 3
17 21 1 3
17 22 1 3
17 23 0 2
17 24 1 3
17 25 0 2
17 26 1 3
17 27 1 3
17 28 0 2
17 29 0 2
17 30 0 2
17 31 1 3
17 32 0 2
17 33 0 2
17 34 1 3
17 35 0 2
17 36 0 2
17 37 0 2
17 38 0 2
17 39 0 2
17 40 1 3
17 41 0 2
17 42 0 2
17 43 0 2
17 44 0 2
17 45 0 2
17 46 0 2
17 47 0 2
17 48 0 2
17 49 1 3
17 50 0 2
17 51 0 2
17 52 0 2
17 53 0 2
17 54 0 2
17 55 0 2
17 56 0 2
17 57 0 2
17 58 0 2
17 59 0 2
17 60 0 2
17 61 0 2
17 62 0 2
17 63 0 2
17 64 0 2
17 65 1 3
17 66 0 2
17 67 0 2
17 68 0 2
17 69 0 2
17 70 1 3
17 71 0 2
17 72 0 2
17 73 0 2
17 74 1 3
17 75 0 2
17 76 1 3
17 77 2 9
17 78 0 2
17 79 0 2
17 80 8 11
17 81 6 11
17 82 5 14
17 83 6 13
17 84 4 11
17 85 3 7
17 86 1 4
17 87 1 2
17 88 3 5
17 89 3 5
17 90 1 2
17 91 0 2
17 92 2 7
17 93 3 11
17 94 1 3
17 95 4 9
17 96 0 2
17 97 4 14
17 98 6 14
17 99 1 11
17 100 6 10
18 1 1 4
18 2 2 4
18 3 1 5
18 4 1 3
18 5 0 2
18 6 0 2
18 7 1 3
18 8 0 2
18 9 1 3
18 10 0 2
18 11 0 2
18 12 1 3
18 13 0 2
18 14 1 3
18 15 1 3
18 16 1 3
18 17 0 2
18 18 0 2
18 19 0 2
18 20 1 3
18 21 1 3
18 22 1 3
18 23 0 2
18 24 1 3
18 25 0 2
18 26 1 3
18 27 1 3
18 28 0 2
18 29 0 2
18 30 0 2
18 31 0 2
18 32 0 2
18 33 0 2
18 34 0 2
18 35 0 2
18 36 0 2
18 37 0 2
18 38 0 2
18 39 0 2
18 40 0 2
18 41 0 2
18 42 0 2
18 43 0 2
18 44 0 2
18 45 1 3
18 46 0 2
18 47 0 2
18 48 0 2
18 49 0 2
18 50 1 3
18 51 1 3
18 52 0 2
18 53 0 2
18 54 0 2
18 55 0 2
18 56 0 2
18 57 0 2
18 58 1 3
18 59 1 3
18 60 0 2
18 61 0 2
18 62 0 2
18 63 0 2
18 64 0 2
18 65 0 2
18 66 1 3
18 67 0 2
18 68 0 2
18 69 0 2
18 70 0 2
18 71 0 2
18 72 7 11
18 73 6 13
18 74 1 3
18 75 6 10
18 76 2 10
18 77 3 13
18 78 8 13
18 79 3 12
18 80 3 6
18 81 4 9
18 82 1 14
18 83 2 8
18 84 0 2
18 85 5 13
18 86 0 8
18 87 4 8
18 88 1 3
18 89 1 3
18 90 1 5
18 91 4 8
18 92 1 5
18 93 3 14
18 94 5 12
18 95 0 2
18 96 0 2
18 97 0 2
18 98 1 2
18 99 2 9
18 100 0 2
19 1 1 4
19 2 2 3
19 3 5 12
19 4 1 3
19 5 0 2
19 6 0 2
19 7 1 3
19 8 0 2
19 9 1 3
19 10 0 2
19 11 0 2
19 12 1 3
19 13 0 2
19 14 1 3
19 15 1 3
19 16 1 3
19 17 0 2
19 18 0 2
19 19 0 2
19 20 1 3
19 21 1 3
19 22 1 3
19 23 0 2
19 24 1 3
19 25 0 2
19 26 1 3
19 27 1 3
19 28 0 2
19 29 0 2
19 30 0 2
19 31 0 2
19 32 0 2
19 33 0 2
19 34 0 2
19 35 0 2
19 36 0 2
19 37 1 3
19 38 0 2
19 39 0 2
19 40 0 2
19 41 0 2
19 42 0 2
19 43 0 2
19 44 0 2
19 45 1 3
19 46 0 2
19 47 0 2
19 48 0 2
19 49 0 2
19 50 0 2
19 51 0 2
19 52 0 2
19 53 0 2
19 54 0 2
19 55 0 2
19 56 0 2
19 57 1 3
19 58 0 2
19 59 0 2
19 60 0 2
19 61 1 3
19 62 0 2
19 63 0 2
19 64 0 2
19 65 0 2
19 66 0 2
19 67 0 2
19 68 0 2
19 69 0 2
19 70 0 2
19 71 1 3
19 72 0 2
19 73 2 8
19 74 2 4
19 75 0 3
19 76 5 10
19 77 1 5
19 78 1 5
19 79 2 8
19 80 8 12
19 81 7 15
19 82 2 8
19 83 0 2
19 84 0 1
19 85 0 2
19 86 8 14
19 87 3 8
19 88 6 13
19 89 5 13
19 90 1 6
19 91 0 2
19 92 0 2
19 93 0 3
19 94 1 3
19 95 1 3
19 96 1 3
19 97 4 10
19 98 3 14
19 99 5 10
19 100 2 8
20 1 1 3
20 2 0 2
20 3 0 2
20 4 1 3
20 5 0 2
20 6 1 3
20 7 0 2
20 8 0 2
20 9 1 3
20 10 0 2
20 11 1 3
20 12 1 3
20 13 1 3
20 14 0 2
20 15 0 2
20 16 0 2
20 17 1 3
20 18 1 3
20 19 1 3
20 20 0 2
20 21 1 3
20 22 0 2
20 23 1 3
20 24 1 3
20 25 0 2
20 26 0 2
20 27 0 2
20 28 0 2
20 29 0 2
20 30 0 2
20 31 0 2
20 32 0 2
20 33 0 2
20 34 0 2
20 35 0 2
20 36 1 3
20 37 0 2
20 38 0 2
20 39 0 2
20 40 0 2
20 41 0 2
20 42 1 3
20 43 0 2
20 44 1 3
20 45 0 2
20 46 1 3
20 47 0 2
20 48 1 3
20 49 0 2
20 50 0 2
20 51 2 4
20 52 0 2
20 53 0 2
20 54 0 2
20 55 0 2
20 56 0 2
20 57 1 3
20 58 0 2
20 59 0 2
20 60 1 3
20 61 0 2
20 62 0 2
20 63 0 2
20 64 0 2
20 65 1 3
20 66 0 2
20 67 1 3
20 68 2 10
20 69 5 12
20 70 2 3
20 71 2 3
20 72 2 3
20 73 2 3
20 74 1 4
20 75 2 7
20 76 6 11
20 77 0 2
20 78 0 2
20 79 2 4
20 80 3 10
20 81 6 10
20 82 5 14
20 83 1 3
20 84 0 1
20 85 1 3
20 86 1 3
20 87 1 3
20 88 1 3
20 89 1 3
20 90 1 3
20 91 0 2
20 92 2 12
20 93 0 8
20 94 5 10
20 95 2 8
20 96 0 2
20 97 4 11
20 98 4 11
20 99 2 7
20 100 3 14
21 1 1 3
21 2 0 2
21 3 0 2
21 4 1 3
21 5 0 2
21 6 1 3
21 7 0 2
21 8 0 2
21 9 1 3
21 10 0 2
21 11 1 3
21 12 1 3
21 13 1 3
21 14 0 2
21 15 0 2
21 16 0 2
21 17 1 3
21 18 1 3
21 19 1 3
21 20 0 2
21 21 1 3
21 22 0 2
21 23 1 3
21 24 1 3
21 25 0 2
21 26 0 2
21 27 0 2
21 28 0 2
21 29 0 2
21 30 0 2
21 31 0 2
21 32 0 2
21 33 1 3
21 34 0 2
21 35 0 2
21 36 1 3
21 37 0 2
21 38 0 2
21 39 0 2
21 40 0 2
21 41 0 2
21 42 0 2
21 43 0 2
21 44 0 2
21 45 1 3
21 46 1 3
21 47 0 2
21 48 1 3
21 49 0 2
21 50 0 2
21 51 0 2
21 52 0 2
21 53 0 2
21 54 0 2
21 55 0 2
21 56 0 2
21 57 0 2
21 58 0 2
21 59 0 2
21 60 0 2
21 61 0 2
21 62 0 2
21 63 1 3
21 64 1 3
21 65 0 2
21 66 1 3
21 67 1 3
21 68 0 2
21 69 0 2
21 70 1 3
21 71 0 2
21 72 0 2
21 73 0 2
21 74 0 2
21 75 0 2
21 76 0 2
21 77 1 3
21 78 2 4
21 79 2 7
21 80 3 8
21 81 3 13
21 82 2 3
21 83 0 1
21 84 0 2
21 85 2 10
21 86 1 7
21 87 2 12
21 88 1 3
21 89 1 3
21 90 1 3
21 91 3 14
21 92 3 9
21 93 4 11
21 94 0 2
21 95 8 13
21 96 4 13
21 97 2 10
21 98 2 10
21 99 3 9
21 100 1 3
22 1 1 3
22 2 0 2
22 3 0 2
22 4 1 3
22 5 0 2
22 6 1 3
22 7 0 2
22 8 0 2
22 9 1 3
22 10 0 2
22 11 1 3
22 12 1 3
22 13 1 3
22 14 0 2
22 15 0 2
22 16 0 2
22 17 1 3
22 18 1 3
22 19 1 3
22 20 0 2
22 21 1 3
22 22 0 2
22 23 1 3
22 24 1 3
22 25 0 2
22 26 0 2
22 27 0 2
22 28 0 2
22 29 0 2
22 30 0 2
22 31 1 3
22 32 1 3
22 33 0 2
22 34 1 3
22 35 1 3
22 36 0 2
22 37 0 2
22 38 0 2
22 39 0 2
22 40 0 2
22 41 1 3
22 42 0 2
22 43 0 2
22 44 0 2
22 45 0 2
22 46 0 2
22 47 0 2
22 48 0 2
22 49 0 2
22 50 1 3
22 51 1 3
22 52 0 2
22 53 0 2
22 54 0 2
22 55 0 2
22 56 1 3
22 57 0 2
22 58 1 3
22 59 0 2
22 60 0 2
22 61 1 3
22 62 0 2
22 63 0 2
22 64 0 2
22 65 0 2
22 66 0 2
22 67 0 2
22 68 0 2
22 69 0 2
22 70 0 2
22 71 0 2
22 72 1 3
22 73 0 2
22 74 0 2
22 75 1 3
22 76 2 3
22 77 2 9
22 78 2 10
22 79 0 3
22 80 1 4
22 81 1 8
22 82 2 4
22 83 2 9
22 84 8 11
22 85 8 11
22 86 3 6
22 87 0 2
22 88 0 1
22 89 4 11
22 90 1 7
22 91 0 2
22 92 0 2
22 93 0 2
22 94 0 2
22 95 1 3
22 96 1 3
22 97 3 11
22 98 1 8
22 99 2 5
22 100 1 8
23 1 1 4
23 2 4 8
23 3 1 3
23 4 0 2
23 5 0 2
23 6 1 3
23 7 0 2
23 8 1 3
23 9 0 2
23 10 0 2
23 11 1 3
23 12 0 2
23 13 1 3
23 14 1 3
23 15 1 3
23 16 0 2
23 17 0 2
23 18 0 2
23 19 1 3
23 20 1 3
23 21 1 3
23 22 0 2
23 23 1 3
23 24 0 2
23 25 1 3
23 26 1 3
23 27 0 2
23 28 0 2
23 29 0 2
23 30 0 2
23 31 0 2
23 32 0 2
23 33 0 2
23 34 0 2
23 35 0 2
23 36 0 2
23 37 0 2
23 38 1 3
23 39 0 2
23 40 0 2
23 41 0 2
23 42 1 3
23 43 0 2
23 44 0 2
23 45 0 2
23 46 0 2
23 47 1 3
23 48 1 3
23 49 0 2
23 50 1 3
23 51 0 2
23 52 0 2
23 53 0 2
23 54 0 2
23 55 1 3
23 56 1 3
23 57 0 2
23 58 1 3
23 59 0 2
23 60 0 2
23 61 0 2
23 62 0 2
23 63 0 2
23 64 0 2
23 65 0 2
23 66 0 2
23 67 1 3
23 68 0 2
23 69 0 2
23 70 0 2
23 71 1 3
23 72 0 2
23 73 0 2
23 74 0 2
23 75 0 2
23 76 0 2
23 77 0 2
23 78 5 14
23 79 1 3
23 80 0 2
23 81 4 10
23 82 6 11
23 83 10 15
23 84 5 9
23 85 5 9
23 86 0 1
23 87 0 1
23 88 0 2
23 89 0 1
23 90 5 9
23 91 5 12
23 92 4 8
23 93 6 11
23 94 1 5
23 95 1 12
23 96 1 3
23 97 3 11
23 98 1 4
23 99 6 12
23 100 1 6
24 1 1 3
24 2 0 2
24 3 2 9
24 4 1 3
24 5 0 2
24 6 0 2
24 7 1 3
24 8 0 2
24 9 1 3
24 10 0 2
24 11 0 2
24 12 1 3
24 13 0 2
24 14 1 3
24 15 1 3
24 16 1 3
24 17 0 2
24 18 0 2
24 19 0 2
24 20 1 3
24 21 1 3
24 22 1 3
24 23 0 2
24 24 1 3
24 25 0 2
24 26 1 3
24 27 1 3
24 28 0 2
24 29 0 2
24 30 0 2
24 31 0 2
24 32 0 2
24 33 0 2
24 34 0 2
24 35 0 2
24 36 0 2
24 37 0 2
24 38 0 2
24 39 0 2
24 40 1 3
24 41 0 2
24 42 0 2
24 43 0 2
24 44 0 2
24 45 0 2
24 46 0 2
24 47 0 2
24 48 0 2
24 49 1 3
24 50 0 2
24 51 0 2
24 52 0 2
24 53 0 2
24 54 0 2
24 55 0 2
24 56 0 2
24 57 0 2
24 58 0 2
24 59 0 2
24 60 1 3
24 61 0 2
24 62 0 2
24 63 0 2
24 64 0 2
24 65 0 2
24 66 0 2
24 67 0 2
24 68 0 2
24 69 0 2
24 70 0 2
24 71 0 2
24 72 0 2
24 73 0 2
24 74 1 3
24 75 0 2
24 76 2 4
24 77 4 8
24 78 1 4
24 79 4 12
24 80 2 3
24 81 2 7
24 82 0 2
24 83 0 1
24 84 1 3
24 85 5 13
24 86 2 9
24 87 3 10
24 88 3 8
24 89 0 2
24 90 0 2
24 91 1 3
24 92 0 9
24 93 1 3
24 94 1 3
24 95 1 3
24 96 1 3
24 97 1 3
24 98 8 13
24 99 3 13
24 100 5 9
25 1 2 3
25 2 1 3
25 3 1 3
25 4 7 11
25 5 4 11
25 6 4 11
25 7 11 12
25 8 0 2
25 9 0 2
25 10 1 3
25 11 0 2
25 12 0 2
25 13 1 3
25 14 0 2
25 15 1 3
25 16 0 2
25 17 0 2
25 18 1 3
25 19 0 2
25 20 1 3
25 21 1 3
25 22 1 3
25 23 0 2
25 24 0 2
25 25 0 2
25 26 1 3
25 27 1 3
25 28 1 3
25 29 0 2
25 30 1 3
25 31 0 2
25 32 1 3
25 33 1 3
25 34 0 2
25 35 0 2
25 36 0 2
25 37 0 2
25 38 0 2
25 39 0 2
25 40 0 2
25 41 0 2
25 42 0 2
25 43 0 2
25 44 0 2
25 45 0 2
25 46 0 2
25 47 0 2
25 48 0 2
25 49 1 3
25 50 0 2
25 51 0 2
25 52 0 2
25 53 0 2
25 54 0 2
25 55 0 2
25 56 1 3
25 57 0 2
25 58 0 2
25 59 0 2
25 60 0 2
25 61 0 2
25 62 0 2
25 63 0 2
25 64 0 2
25 65 0 2
25 66 0 2
25 67 0 2
25 68 0 2
25 69 0 2
25 70 0 2
25 71 0 2
25 72 0 2
25 73 0 2
25 74 1 3
25 75 1 3
25 76 0 2
25 77 0 3
25 78 2 9
25 79 3 13
25 80 4 8
25 81 5 10
25 82 3 8
25 83 3 7
25 84 6 13
25 85 3 6
25 86 4 13
25 87 1 2
25 88 0 1
25 89 6 12
25 90 0 2
25 91 6 12
25 92 1 4
25 93 3 11
25 94 3 11
25 95 1 3
25 96 1 3
25 97 6 14
25 98 2 7
25 99 0 2
25 100 4 11
26 1 0 2
26 2 0 2
26 3 0 2
26 4 0 2
26 5 3 13
26 6 5 11
26 7 7 12
26 8 2 3
26 9 0 8
26 10 3 10
26 11 1 5
26 12 0 3
26 13 1 3
26 14 1 3
26 15 1 3
26 16 0 2
26 17 0 2
26 18 1 3
26 19 0 2
26 20 1 3
26 21 0 2
26 22 0 2
26 23 1 3
26 24 0 2
26 25 1 3
26 26 1 3
26 27 1 3
26 28 0 2
26 29 0 2
26 30 0 2
26 31 1 3
26 32 1 3
26 33 1 3
26 34 0 2
26 35 1 3
26 36 0 2
26 37 0 2
26 38 0 2
26 39 1 3
26 40 0 2
26 41 0 2
26 42 1 3
26 43 0 2
26 44 0 2
26 45 0 2
26 46 0 2
26 47 0 2
26 48 0 2
26 49 0 2
26 50 0 2
26 51 0 2
26 52 0 2
26 53 0 2
26 54 0 2
26 55 0 2
26 56 0 2
26 57 0 2
26 58 0 2
26 59 0 2
26 60 0 2
26 61 0 2
26 62 1 3
26 63 0 2
26 64 0 2
26 65 0 2
26 66 0 2
26 67 0 2
26 68 0 2
26 69 1 3
26 70 1 3
26 71 1 3
26 72 0 2
26 73 0 2
26 74 0 2
26 75 0 2
26 76 0 2
26 77 4 11
26 78 0 11
26 79 11 12
26 80 5 10
26 81 7 11
26 82 1 2
26 83 4 11
26 84 4 11
26 85 5 14
26 86 0 2
26 87 0 2
26 88 2 11
26 89 5 13
26 90 1 3
26 91 1 3
26 92 3 10
26 93 4 12
26 94 3 11
26 95 8 14
26 96 1 11
26 97 1 13
26 98 1 3
26 99 6 14
26 100 4 9
27 1 0 3
27 2 0 3
27 3 6 14
27 4 5 11
27 5 2 4
27 6 1 3
27 7 0 2
27 8 1 2
27 9 0 2
27 10 1 5
27 11 3 10
27 12 3 11
27 13 1 3
27 14 1 3
27 15 1 3
27 16 0 2
27 17 0 2
27 18 1 3
27 19 0 2
27 20 1 3
27 21 0 2
27 22 0 2
27 23 1 3
27 24 0 2
27 25 1 3
27 26 1 3
27 27 1 3
27 28 0 2
27 29 0 2
27 30 0 2
27 31 0 2
27 32 0 2
27 33 0 2
27 34 0 2
27 35 0 2
27 36 0 2
27 37 0 2
27 38 1 3
27 39 1 3
27 40 0 2
27 41 0 2
27 42 0 2
27 43 0 2
27 44 0 2
27 45 0 2
27 46 0 2
27 47 0 2
27 48 0 2
27 49 0 2
27 50 0 2
27 51 1 3
27 52 0 2
27 53 0 2
27 54 0 2
27 55 1 3
27 56 0 2
27 57 0 2
27 58 0 2
27 59 0 2
27 60 1 3
27 61 0 2
27 62 0 2
27 63 0 2
27 64 1 3
27 65 0 2
27 66 0 2
27 67 0 2
27 68 1 3
27 69 1 3
27 70 0 2
27 71 2 5
27 72 2 3
27 73 0 2
27 74 0 2
27 75 0 2
27 76 0 2
27 77 1 3
27 78 3 13
27 79 7 12
27 80 6 11
27 81 3 8
27 82 0 8
27 83 1 2
27 84 3 9
27 85 6 9
27 86 4 10
27 87 2 14
27 88 3 10
27 89 1 3
27 90 1 4
27 91 2 9
27 92 1 10
27 93 4 11
27 94 1 6
27 95 5 13
27 96 6 11
27 97 1 3
27 98 1 3
27 99 2 10
27 100 4 11
28 1 0 3
28 2 0 3
28 3 0 3
28 4 3 10
28 5 1 3
28 6 1 3
28 7 1 3
28 8 3 11
28 9 0 2
28 10 8 10
28 11 1 3
28 12 0 2
28 13 0 2
28 14 1 3
28 15 0 2
28 16 1 3
28 17 0 2
28 18 0 2
28 19 1 3
28 20 0 2
28 21 1 3
28 22 1 3
28 23 1 3
28 24 0 2
28 25 0 2
28 26 0 2
28 27 3 9
28 28 0 2
28 29 0 2
28 30 0 2
28 31 1 3
28 32 0 2
28 33 0 2
28 34 0 2
28 35 0 2
28 36 0 2
28 37 0 2
28 38 1 3
28 39 1 3
28 40 0 2
28 41 0 2
28 42 1 3
28 43 1 3
28 44 0 2
28 45 0 2
28 46 1 3
28 47 1 3
28 48 0 2
28 49 0 2
28 50 0 2
28 51 1 3
28 52 1 3
28 53 0 2
28 54 1 3
28 55 4 9
28 56 4 10
28 57 2 3
28 58 2 3
28 59 2 8
28 60 4 11
28 61 6 14
28 62 2 4
28 63 5 11
28 64 5 10
28 65 6 14
28 66 1 5
28 67 2 4
28 68 5 12
28 69 2 4
28 70 1 3
28 71 0 2
28 72 1 2
28 73 0 2
28 74 0 2
28 75 0 2
28 76 1 2
28 77 1 2
28 78 0 2
28 79 0 1
28 80 0 2
28 81 0 2
28 82 0 2
28 83 1 4
28 84 5 10
28 85 3 11
28 86 4 11
28 87 0 2
28 88 1 3
28 89 3 7
28 90 1 3
28 91 1 3
28 92 3 8
28 93 6 9
28 94 7 14
28 95 1 3
28 96 2 13
28 97 6 12
28 98 6 13
28 99 3 7
28 100 2 4
29 1 1 3
29 2 0 2
29 3 0 2
29 4 1 3
29 5 0 2
29 6 1 3
29 7 0 2
29 8 0 2
29 9 1 3
29 10 0 2
29 11 1 3
29 12 1 3
29 13 1 3
29 14 0 2
29 15 0 2
29 16 0 2
29 17 0 2
29 18 0 2
29 19 0 2
29 20 0 2
29 21 0 2
29 22 0 2
29 23 0 2
29 24 1 3
29 25 0 2
29 26 0 2
29 27 1 3
29 28 0 2
29 29 0 2
29 30 0 2
29 31 1 3
29 32 1 3
29 33 0 2
29 34 0 2
29 35 0 2
29 36 0 2
29 37 0 2
29 38 0 2
29 39 0 2
29 40 0 2
29 41 0 2
29 42 0 2
29 43 0 2
29 44 0 2
29 45 0 2
29 46 0 2
29 47 0 2
29 48 0 2
29 49 0 2
29 50 1 3
29 51 0 4
29 52 3 11
29 53 2 7
29 54 3 9
29 55 2 7
29 56 3 11
29 57 2 3
29 58 1 3
29 59 8 10
29 60 7 13
29 61 5 12
29 62 0 2
29 63 1 3
29 64 1 3
29 65 3 10
29 66 3 13
29 67 0 3
29 68 0 3
29 69 0 3
29 70 0 3
29 71 1 2
29 72 1 4
29 73 4 12
29 74 2 3
29 75 2 7
29 76 1 5
29 77 2 13
29 78 8 12
29 79 0 2
29 80 0 2
29 81 0 2
29 82 0 2
29 83 0 2
29 84 1 3
29 85 2 8
29 86 1 3
29 87 1 3
29 88 0 3
29 89 0 2
29 90 2 9
29 91 1 9
29 92 5 13
29 93 1 3
29 94 7 13
29 95 5 13
29 96 3 7
29 97 4 9
29 98 1 3
29 99 4 12
29 100 2 4
30 1 3 11
30 2 2 10
30 3 1 3
30 4 0 2
30 5 0 2
30 6 1 3
30 7 0 2
30 8 1 3
30 9 0 2
30 10 0 2
30 11 1 3
30 12 0 2
30 13 1 3
30 14 1 3
30 15 1 3
30 16 0 2
30 17 0 2
30 18 0 2
30 19 0 2
30 20 0 2
30 21 0 2
30 22 0 2
30 23 0 2
30 24 0 2
30 25 0 2
30 26 1 3
30 27 0 2
30 28 0 2
30 29 1 3
30 30 0 2
30 31 0 2
30 32 0 2
30 33 1 3
30 34 0 2
30 35 0 2
30 36 0 2
30 37 0 2
30 38 0 2
30 39 0 2
30 40 0 2
30 41 0 2
30 42 0 2
30 43 0 2
30 44 0 2
30 45 0 2
30 46 1 3
30 47 0 2
30 48 0 2
30 49 0 2
30 50 0 2
30 51 0 2
30 52 0 2
30 53 0 2
30 54 0 2
30 55 0 2
30 56 0 2
30 57 0 4
30 58 3 8
30 59 4 13
30 60 0 3
30 61 0 3
30 62 1 4
30 63 4 13
30 64 4 11
30 65 3 11
30 66 7 13
30 67 9 15
30 68 5 11
30 69 0 5
30 70 3 12
30 71 1 2
30 72 4 7
30 73 4 9
30 74 4 8
30 75 2 3
30 76 2 3
30 77 1 4
30 78 1 3
30 79 0 2
30 80 1 3
30 81 0 3
30 82 1 3
30 83 0 2
30 84 4 9
30 85 2 11
30 86 0 3
30 87 2 11
30 88 0 3
30 89 1 5
30 90 0 2
30 91 0 2
30 92 3 9
30 93 2 9
30 94 2 5
30 95 1 12
30 96 2 5
30 97 4 12
30 98 2 8
30 99 4 9
30 100 2 9
31 1 0 3
31 2 2 10
31 3 1 3
31 4 0 2
31 5 0 2
31 6 1 3
31 7 0 2
31 8 1 3
31 9 0 2
31 10 0 2
31 11 1 3
31 12 0 2
31 13 1 3
31 14 1 3
31 15 1 3
31 16 0 2
31 17 0 2
31 18 0 2
31 19 0 2
31 20 0 2
31 21 0 2
31 22 0 2
31 23 0 2
31 24 0 2
31 25 0 2
31 26 1 3
31 27 0 2
31 28 0 2
31 29 1 3
31 30 0 2
31 31 0 2
31 32 0 2
31 33 0 2
31 34 0 2
31 35 0 2
31 36 0 2
31 37 0 2
31 38 0 2
31 39 0 2
31 40 0 2
31 41 1 3
31 42 0 2
31 43 0 2
31 44 0 2
31 45 0 2
31 46 0 2
31 47 0 2
31 48 0 2
31 49 1 3
31 50 0 2
31 51 0 2
31 52 0 2
31 53 0 2
31 54 0 2
31 55 0 2
31 56 0 2
31 57 0 2
31 58 0 2
31 59 0 2
31 60 0 2
31 61 5 14
31 62 6 11
31 63 1 7
31 64 3 10
31 65 0 2
31 66 4 10
31 67 1 4
31 68 0 5
31 69 5 13
31 70 0 3
31 71 4 10
31 72 7 9
31 73 2 3
31 74 2 3
31 75 4 7
31 76 3 11
31 77 8 14
31 78 2 6
31 79 5 8
31 80 4 13
31 81 0 2
31 82 0 2
31 83 0 2
31 84 0 2
31 85 0 2
31 86 0 2
31 87 1 3
31 88 0 3
31 89 0 1
31 90 0 2
31 91 0 2
31 92 0 9
31 93 0 3
31 94 2 14
31 95 0 2
31 96 1 3
31 97 1 3
31 98 4 12
31 99 2 8
31 100 4 12
32 1 1 3
32 2 0 2
32 3 0 2
32 4 1 3
32 5 0 2
32 6 1 3
32 7 0 2
32 8 0 2
32 9 1 3
32 10 0 2
32 11 1 3
32 12 1 3
32 13 1 3
32 14 0 2
32 15 0 2
32 16 0 2
32 17 0 2
32 18 0 2
32 19 0 2
32 20 0 2
32 21 0 2
32 22 0 2
32 23 0 2
32 24 1 3
32 25 0 2
32 26 0 2
32 27 1 3
32 28 0 2
32 29 0 2
32 30 0 2
32 31 0 2
32 32 0 2
32 33 0 2
32 34 0 2
32 35 0 2
32 36 1 3
32 37 0 2
32 38 0 2
32 39 0 2
32 40 0 2
32 41 0 2
32 42 0 2
32 43 0 2
32 44 0 2
32 45 0 2
32 46 0 2
32 47 0 2
32 48 0 2
32 49 0 2
32 50 0 2
32 51 1 3
32 52 0 2
32 53 0 2
32 54 0 2
32 55 0 2
32 56 0 2
32 57 2 7
32 58 3 10
32 59 2 10
32 60 0 5
32 61 4 11
32 62 1 3
32 63 1 3
32 64 7 13
32 65 1 3
32 66 4 12
32 67 6 13
32 68 0 3
32 69 4 8
32 70 1 4
32 71 3 6
32 72 4 9
32 73 3 4
32 74 4 14
32 75 2 9
32 76 2 3
32 77 0 2
32 78 0 2
32 79 0 2
32 80 0 2
32 81 0 2
32 82 0 2
32 83 0 2
32 84 0 2
32 85 8 13
32 86 1 3
32 87 1 3
32 88 0 2
32 89 0 2
32 90 0 2
32 91 0 3
32 92 7 12
32 93 2 9
32 94 4 10
32 95 7 9
32 96 2 12
32 97 6 12
32 98 5 15
32 99 2 9
32 100 1 3
33 1 1 3
33 2 0 2
33 3 0 2
33 4 1 3
33 5 0 2
33 6 1 3
33 7 0 2
33 8 0 2
33 9 1 3
33 10 0 2
33 11 1 3
33 12 1 3
33 13 1 3
33 14 0 2
33 15 0 2
33 16 0 2
33 17 0 2
33 18 0 2
33 19 0 2
33 20 0 2
33 21 0 2
33 22 0 2
33 23 0 2
33 24 1 3
33 25 0 2
33 26 0 2
33 27 1 3
33 28 0 2
33 29 0 2
33 30 0 2
33 31 0 2
33 32 0 2
33 33 0 2
33 34 0 2
33 35 0 2
33 36 1 3
33 37 0 2
33 38 0 2
33 39 0 2
33 40 0 2
33 41 0 2
33 42 0 2
33 43 0 2
33 44 0 2
33 45 0 2
33 46 0 2
33 47 0 2
33 48 0 2
33 49 0 2
33 50 0 2
33 51 0 2
33 52 1 3
33 53 0 2
33 54 0 2
33 55 0 2
33 56 0 2
33 57 0 2
33 58 0 2
33 59 1 3
33 60 0 2
33 61 0 2
33 62 0 2
33 63 1 4
33 64 2 8
33 65 3 7
33 66 1 8
33 67 7 12
33 68 6 12
33 69 6 11
33 70 1 3
33 71 1 3
33 72 1 4
33 73 1 2
33 74 1 2
33 75 6 10
33 76 2 3
33 77 4 8
33 78 2 3
33 79 3 13
33 80 4 13
33 81 2 10
33 82 6 13
33 83 0 2
33 84 0 2
33 85 0 2
33 86 0 2
33 87 1 4
33 88 0 2
33 89 0 2
33 90 1 2
33 91 0 2
33 92 0 2
33 93 0 2
33 94 1 3
33 95 2 9
33 96 1 9
33 97 5 12
33 98 6 12
33 99 1 4
33 100 2 13
34 1 1 3
34 2 0 2
34 3 0 2
34 4 1 3
34 5 0 2
34 6 1 3
34 7 0 2
34 8 0 2
34 9 1 3
34 10 0 2
34 11 1 3
34 12 1 3
34 13 1 3
34 14 0 2
34 15 0 2
34 16 0 2
34 17 0 2
34 18 0 2
34 19 0 2
34 20 0 2
34 21 0 2
34 22 0 2
34 23 0 2
34 24 1 3
34 25 0 2
34 26 0 2
34 27 1 3
34 28 0 2
34 29 0 2
34 30 0 2
34 31 0 2
34 32 0 2
34 33 0 2
34 34 0 2
34 35 0 2
34 36 0 2
34 37 0 2
34 38 0 2
34 39 0 2
34 40 1 3
34 41 1 3
34 42 0 2
34 43 0 2
34 44 1 3
34 45 0 2
34 46 0 2
34 47 0 2
34 48 0 2
34 49 0 2
34 50 0 2
34 51 0 2
34 52 0 2
34 53 0 2
34 54 0 2
34 55 1 3
34 56 0 2
34 57 0 2
34 58 0 2
34 59 0 2
34 60 1 3
34 61 0 2
34 62 1 3
34 63 0 2
34 64 0 2
34 65 0 2
34 66 0 2
34 67 0 2
34 68 0 2
34 69 0 2
34 70 0 2
34 71 3 12
34 72 1 3
34 73 4 10
34 74 8 14
34 75 0 3
34 76 3 6
34 77 3 8
34 78 0 2
34 79 1 2
34 80 2 3
34 81 0 2
34 82 0 1
34 83 0 2
34 84 0 2
34 85 0 2
34 86 1 4
34 87 4 8
34 88 0 2
34 89 1 3
34 90 1 3
34 91 1 3
34 92 2 10
34 93 1 3
34 94 2 7
34 95 4 10
34 96 5 11
34 97 3 7
34 98 3 10
34 99 0 10
34 100 1 8
35 1 1 3
35 2 0 2
35 3 0 2
35 4 1 3
35 5 0 2
35 6 1 3
35 7 0 2
35 8 0 2
35 9 1 3
35 10 0 2
35 11 1 3
35 12 1 3
35 13 1 3
35 14 0 2
35 15 0 2
35 16 0 2
35 17 0 2
35 18 0 2
35 19 0 2
35 20 0 2
35 21 0 2
35 22 0 2
35 23 0 2
35 24 1 3
35 25 0 2
35 26 0 2
35 27 1 3
35 28 0 2
35 29 0 2
35 30 0 2
35 31 1 3
35 32 0 2
35 33 1 3
35 34 0 2
35 35 0 2
35 36 0 2
35 37 0 2
35 38 1 3
35 39 0 2
35 40 0 2
35 41 0 2
35 42 0 2
35 43 0 2
35 44 0 2
35 45 0 2
35 46 0 2
35 47 0 2
35 48 0 2
35 49 0 2
35 50 0 2
35 51 0 2
35 52 0 2
35 53 0 2
35 54 0 2
35 55 0 2
35 56 0 2
35 57 0 2
35 58 0 2
35 59 0 2
35 60 0 2
35 61 0 2
35 62 0 2
35 63 0 2
35 64 0 2
35 65 0 2
35 66 0 2
35 67 1 5
35 68 4 12
35 69 2 7
35 70 6 14
35 71 5 12
35 72 3 8
35 73 3 11
35 74 2 7
35 75 3 7
35 76 6 13
35 77 7 11
35 78 5 14
35 79 2 5
35 80 6 12
35 81 8 13
35 82 5 7
35 83 6 7
35 84 0 2
35 85 0 2
35 86 0 2
35 87 0 2
35 88 0 1
35 89 2 10
35 90 1 3
35 91 2 10
35 92 0 5
35 93 1 5
35 94 4 9
35 95 3 9
35 96 2 4
35 97 5 10
35 98 6 14
35 99 3 12
35 100 0 2
36 1 5 13
36 2 2 8
36 3 2 4
36 4 2 10
36 5 1 3
36 6 0 2
36 7 0 2
36 8 1 3
36 9 0 2
36 10 1 3
36 11 0 2
36 12 0 2
36 13 1 3
36 14 0 2
36 15 1 3
36 16 1 3
36 17 1 3
36 18 0 2
36 19 0 2
36 20 0 2
36 21 0 2
36 22 0 2
36 23 0 2
36 24 0 2
36 25 0 2
36 26 0 2
36 27 0 2
36 28 1 3
36 29 0 2
36 30 0 2
36 31 1 3
36 32 0 2
36 33 0 2
36 34 0 2
36 35 0 2
36 36 0 2
36 37 0 2
36 38 0 2
36 39 0 2
36 40 0 2
36 41 0 2
36 42 0 2
36 43 0 2
36 44 0 2
36 45 0 2
36 46 0 2
36 47 0 2
36 48 0 2
36 49 0 2
36 50 0 2
36 51 0 2
36 52 0 2
36 53 0 2
36 54 0 2
36 55 0 2
36 56 0 2
36 57 0 2
36 58 0 2
36 59 0 2
36 60 0 2
36 61 0 2
36 62 0 2
36 63 0 2
36 64 0 2
36 65 1 3
36 66 0 2
36 67 0 2
36 68 0 2
36 69 0 2
36 70 0 2
36 71 0 2
36 72 0 2
36 73 1 3
36 74 0 2
36 75 0 2
36 76 0 2
36 77 0 2
36 78 5 11
36 79 1 4
36 80 3 9
36 81 1 3
36 82 3 11
36 83 5 12
36 84 5 14
36 85 2 5
36 86 5 13
36 87 0 2
36 88 0 1
36 89 0 2
36 90 0 2
36 91 2 11
36 92 1 12
36 93 1 9
36 94 6 13
36 95 2 15
36 96 1 3
36 97 1 3
36 98 1 3
36 99 1 3
36 100 0 2
37 1 0 3
37 2 2 7
37 3 1 3
37 4 0 2
37 5 0 2
37 6 1 3
37 7 0 2
37 8 1 3
37 9 0 2
37 10 0 2
37 11 1 3
37 12 0 2
37 13 1 3
37 14 1 3
37 15 1 3
37 16 0 2
37 17 0 2
37 18 0 2
37 19 0 2
37 20 0 2
37 21 0 2
37 22 0 2
37 23 0 2
37 24 0 2
37 25 0 2
37 26 1 3
37 27 0 2
37 28 0 2
37 29 0 2
37 30 0 2
37 31 0 2
37 32 0 2
37 33 1 3
37 34 0 2
37 35 0 2
37 36 0 2
37 37 0 2
37 38 0 2
37 39 1 3
37 40 0 2
37 41 0 2
37 42 0 2
37 43 0 2
37 44 0 2
37 45 0 2
37 46 0 2
37 47 0 2
37 48 0 2
37 49 0 2
37 50 0 2
37 51 0 2
37 52 0 2
37 53 0 2
37 54 0 2
37 55 0 2
37 56 0 2
37 57 0 2
37 58 0 2
37 59 0 2
37 60 0 2
37 61 0 2
37 62 0 2
37 63 0 2
37 64 0 2
37 65 0 2
37 66 0 2
37 67 0 2
37 68 0 2
37 69 0 2
37 70 0 2
37 71 1 3
37 72 1 3
37 73 0 2
37 74 3 13
37 75 4 13
37 76 2 10
37 77 2 8
37 78 2 4
37 79 1 4
37 80 3 11
37 81 0 3
37 82 5 13
37 83 5 12
37 84 2 4
37 85 0 1
37 86 0 2
37 87 1 3
37 88 0 2
37 89 1 3
37 90 4 11
37 91 5 10
37 92 0 4
37 93 2 5
37 94 3 7
37 95 1 6
37 96 1 3
37 97 1 3
37 98 1 8
37 99 2 3
37 100 4 12
38 1 1 3
38 2 0 2
38 3 0 2
38 4 1 3
38 5 0 2
38 6 1 3
38 7 0 2
38 8 0 2
38 9 1 3
38 10 0 2
38 11 1 3
38 12 1 3
38 13 1 3
38 14 0 2
38 15 0 2
38 16 0 2
38 17 0 2
38 18 0 2
38 19 0 2
38 20 0 2
38 21 0 2
38 22 0 2
38 23 0 2
38 24 1 3
38 25 0 2
38 26 0 2
38 27 0 2
38 28 0 2
38 29 0 2
38 30 0 2
38 31 0 2
38 32 0 2
38 33 0 2
38 34 0 2
38 35 1 3
38 36 0 2
38 37 0 2
38 38 1 3
38 39 0 2
38 40 0 2
38 41 0 2
38 42 0 2
38 43 0 2
38 44 0 2
38 45 0 2
38 46 0 2
38 47 0 2
38 48 0 2
38 49 0 2
38 50 0 2
38 51 1 3
38 52 0 2
38 53 0 2
38 54 1 3
38 55 0 2
38 56 0 2
38 57 0 2
38 58 0 2
38 59 0 2
38 60 0 2
38 61 0 2
38 62 0 2
38 63 0 2
38 64 0 2
38 65 0 2
38 66 0 2
38 67 0 2
38 68 0 2
38 69 1 3
38 70 0 2
38 71 0 2
38 72 0 2
38 73 0 2
38 74 1 3
38 75 0 3
38 76 0 3
38 77 0 2
38 78 2 7
38 79 4 9
38 80 3 8
38 81 4 9
38 82 0 1
38 83 0 2
38 84 1 3
38 85 0 2
38 86 0 1
38 87 0 2
38 88 0 2
38 89 1 4
38 90 1 8
38 91 0 8
38 92 4 12
38 93 4 13
38 94 0 8
38 95 0 2
38 96 4 9
38 97 5 11
38 98 5 8
38 99 3 14
38 100 5 14
39 1 2 6
39 2 0 3
39 3 0 3
39 4 0 3
39 5 1 3
39 6 5 9
39 7 3 11
39 8 1 3
39 9 0 2
39 10 0 2
39 11 1 3
39 12 0 2
39 13 1 3
39 14 0 2
39 15 0 2
39 16 1 3
39 17 0 2
39 18 1 3
39 19 1 3
39 20 1 3
39 21 0 2
39 22 0 2
39 23 0 2
39 24 0 2
39 25 0 2
39 26 0 2
39 27 0 2
39 28 0 2
39 29 0 2
39 30 0 2
39 31 1 3
39 32 0 2
39 33 0 2
39 34 0 2
39 35 0 2
39 36 0 2
39 37 0 2
39 38 0 2
39 39 0 2
39 40 0 2
39 41 0 2
39 42 0 2
39 43 0 2
39 44 0 2
39 45 0 2
39 46 0 2
39 47 0 2
39 48 0 2
39 49 0 2
39 50 0 2
39 51 0 2
39 52 0 2
39 53 1 3
39 54 0 2
39 55 0 2
39 56 0 2
39 57 0 2
39 58 0 2
39 59 1 3
39 60 0 2
39 61 1 3
39 62 0 2
39 63 0 2
39 64 0 2
39 65 0 2
39 66 0 2
39 67 0 2
39 68 0 2
39 69 1 3
39 70 0 2
39 71 0 2
39 72 0 2
39 73 0 3
39 74 6 13
39 75 3 7
39 76 6 13
39 77 0 12
39 78 6 12
39 79 2 12
39 80 3 7
39 81 0 1
39 82 0 1
39 83 0 2
39 84 0 2
39 85 0 2
39 86 0 2
39 87 0 2
39 88 1 3
39 89 0 1
39 90 5 9
39 91 2 4
39 92 2 10
39 93 4 14
39 94 1 3
39 95 2 12
39 96 3 8
39 97 3 11
39 98 0 2
39 99 3 7
39 100 2 12
40 1 4 11
40 2 1 3
40 3 0 2
40 4 0 2
40 5 1 3
40 6 0 2
40 7 1 3
40 8 0 2
40 9 0 2
40 10 1 3
40 11 0 2
40 12 1 3
40 13 1 3
40 14 1 3
40 15 0 2
40 16 0 2
40 17 0 2
40 18 0 2
40 19 0 2
40 20 0 2
40 21 0 2
40 22 0 2
40 23 0 2
40 24 0 2
40 25 0 2
40 26 0 2
40 27 0 2
40 28 0 2
40 29 0 2
40 30 0 2
40 31 1 3
40 32 0 2
40 33 0 2
40 34 0 2
40 35 0 2
40 36 0 2
40 37 0 2
40 38 0 2
40 39 0 2
40 40 0 2
40 41 0 2
40 42 1 3
40 43 0 2
40 44 1 3
40 45 0 2
40 46 0 2
40 47 0 2
40 48 0 2
40 49 0 2
40 50 0 2
40 51 0 2
40 52 0 2
40 53 0 2
40 54 0 2
40 55 0 2
40 56 0 2
40 57 0 2
40 58 0 2
40 59 0 2
40 60 0 2
40 61 2 3
40 62 2 6
40 63 2 13
40 64 2 8
40 65 4 8
40 66 0 3
40 67 3 11
40 68 0 3
40 69 0 3
40 70 5 10
40 71 5 11
40 72 0 3
40 73 0 3
40 74 0 3
40 75 5 9
40 76 1 3
40 77 3 11
40 78 4 10
40 79 0 1
40 80 0 2
40 81 0 2
40 82 0 2
40 83 0 2
40 84 0 2
40 85 0 2
40 86 0 5
40 87 5 12
40 88 2 10
40 89 1 3
40 90 1 3
40 91 1 5
40 92 0 2
40 93 6 13
40 94 4 15
40 95 5 10
40 96 1 12
40 97 1 3
40 98 1 3
40 99 1 7
40 100 4 12
41 1 0 3
41 2 1 3
41 3 11 11
41 4 5 11
41 5 1 3
41 6 0 2
41 7 0 2
41 8 1 3
41 9 0 2
41 10 1 3
41 11 0 2
41 12 0 2
41 13 1 3
41 14 0 2
41 15 1 3
41 16 1 3
41 17 1 3
41 18 0 2
41 19 0 2
41 20 0 2
41 21 0 2
41 22 0 2
41 23 0 2
41 24 0 2
41 25 0 2
41 26 0 2
41 27 0 2
41 28 0 2
41 29 0 2
41 30 0 2
41 31 0 2
41 32 0 2
41 33 0 2
41 34 0 2
41 35 0 2
41 36 0 2
41 37 0 2
41 38 1 3
41 39 0 2
41 40 0 2
41 41 0 2
41 42 0 2
41 43 0 2
41 44 0 2
41 45 0 2
41 46 0 2
41 47 0 2
41 48 0 2
41 49 0 2
41 50 0 2
41 51 0 2
41 52 0 2
41 53 0 2
41 54 0 2
41 55 0 2
41 56 0 2
41 57 0 2
41 58 0 2
41 59 0 2
41 60 0 2
41 61 0 2
41 62 0 2
41 63 0 2
41 64 0 3
41 65 7 14
41 66 3 6
41 67 9 12
41 68 3 10
41 69 2 13
41 70 1 10
41 71 3 10
41 72 0 3
41 73 9 13
41 74 2 8
41 75 4 11
41 76 5 11
41 77 2 3
41 78 1 2
41 79 1 2
41 80 1 3
41 81 0 2
41 82 0 2
41 83 0 2
41 84 0 2
41 85 0 2
41 86 0 1
41 87 0 2
41 88 0 2
41 89 0 2
41 90 0 2
41 91 0 3
41 92 5 11
41 93 0 2
41 94 0 2
41 95 1 3
41 96 1 3
41 97 1 6
41 98 6 11
41 99 6 11
41 100 0 2
42 1 1 3
42 2 0 2
42 3 0 2
42 4 1 3
42 5 0 2
42 6 1 3
42 7 0 2
42 8 0 2
42 9 1 3
42 10 0 2
42 11 1 3
42 12 1 3
42 13 1 3
42 14 0 2
42 15 0 2
42 16 0 2
42 17 0 2
42 18 0 2
42 19 0 2
42 20 0 2
42 21 0 2
42 22 0 2
42 23 0 2
42 24 0 2
42 25 0 2
42 26 0 2
42 27 0 2
42 28 0 2
42 29 0 2
42 30 0 2
42 31 0 2
42 32 0 2
42 33 0 2
42 34 0 2
42 35 0 2
42 36 0 2
42 37 1 3
42 38 0 2
42 39 0 2
42 40 0 2
42 41 0 2
42 42 0 2
42 43 0 2
42 44 0 2
42 45 0 2
42 46 0 2
42 47 0 2
42 48 0 2
42 49 0 2
42 50 0 2
42 51 0 2
42 52 0 2
42 53 0 2
42 54 0 2
42 55 0 2
42 56 0 2
42 57 0 2
42 58 1 3
42 59 5 11
42 60 3 11
42 61 0 3
42 62 11 11
42 63 6 12
42 64 0 3
42 65 1 6
42 66 6 12
42 67 5 12
42 68 1 2
42 69 1 2
42 70 1 6
42 71 0 2
42 72 0 2
42 73 0 1
42 74 0 2
42 75 0 2
42 76 0 1
42 77 1 3
42 78 1 3
42 79 0 2
42 80 0 2
42 81 0 2
42 82 0 2
42 83 0 2
42 84 0 2
42 85 0 2
42 86 0 2
42 87 0 2
42 88 5 12
42 89 3 10
42 90 3 10
42 91 0 4
42 92 1 11
42 93 1 8
42 94 0 2
42 95 0 2
42 96 1 3
42 97 2 8
42 98 2 11
42 99 0 2
42 100 4 11
43 1 0 2
43 2 1 3
43 3 0 3
43 4 1 3
43 5 0 2
43 6 0 2
43 7 1 3
43 8 0 2
43 9 1 3
43 10 0 2
43 11 0 2
43 12 1 3
43 13 0 2
43 14 1 3
43 15 1 3
43 16 1 3
43 17 0 2
43 18 0 2
43 19 0 2
43 20 0 2
43 21 0 2
43 22 0 2
43 23 0 2
43 24 0 2
43 25 0 2
43 26 0 2
43 27 0 2
43 28 0 2
43 29 0 2
43 30 0 2
43 31 0 2
43 32 0 2
43 33 0 2
43 34 0 2
43 35 0 2
43 36 0 2
43 37 0 2
43 38 0 2
43 39 0 2
43 40 0 2
43 41 0 2
43 42 0 2
43 43 0 2
43 44 0 2
43 45 0 2
43 46 0 2
43 47 0 2
43 48 0 2
43 49 0 2
43 50 0 2
43 51 0 2
43 52 0 2
43 53 0 2
43 54 0 2
43 55 0 2
43 56 0 2
43 57 0 2
43 58 0 2
43 59 0 2
43 60 0 2
43 61 0 2
43 62 0 2
43 63 0 2
43 64 0 2
43 65 0 2
43 66 1 3
43 67 0 2
43 68 1 3
43 69 0 3
43 70 0 2
43 71 0 2
43 72 1 3
43 73 1 3
43 74 1 3
43 75 0 2
43 76 0 2
43 77 0 2
43 78 0 2
43 79 0 2
43 80 0 2
43 81 0 2
43 82 3 11
43 83 3 15
43 84 3 11
43 85 1 3
43 86 1 2
43 87 1 2
43 88 1 2
43 89 2 6
43 90 4 11
43 91 2 5
43 92 5 12
43 93 4 12
43 94 3 7
43 95 1 3
43 96 1 3
43 97 1 3
43 98 1 4
43 99 7 15
43 100 4 6
44 1 0 2
44 2 1 3
44 3 0 2
44 4 0 2
44 5 1 3
44 6 0 2
44 7 1 3
44 8 0 2
44 9 0 2
44 10 1 3
44 11 0 2
44 12 1 3
44 13 1 3
44 14 1 3
44 15 0 2
44 16 0 2
44 17 0 2
44 18 0 2
44 19 0 2
44 20 0 2
44 21 0 2
44 22 0 2
44 23 0 2
44 24 0 2
44 25 0 2
44 26 0 2
44 27 0 2
44 28 0 2
44 29 1 3
44 30 0 2
44 31 1 3
44 32 0 2
44 33 0 2
44 34 0 2
44 35 0 3
44 36 0 2
44 37 0 2
44 38 0 2
44 39 0 2
44 40 0 2
44 41 0 2
44 42 0 2
44 43 0 2
44 44 0 2
44 45 0 2
44 46 0 2
44 47 1 3
44 48 0 2
44 49 0 2
44 50 0 2
44 51 0 2
44 52 0 2
44 53 0 2
44 54 0 2
44 55 0 2
44 56 0 2
44 57 0 2
44 58 0 2
44 59 0 2
44 60 0 2
44 61 0 2
44 62 0 2
44 63 0 2
44 64 0 2
44 65 1 3
44 66 0 2
44 67 0 2
44 68 0 2
44 69 0 2
44 70 5 5
44 71 1 2
44 72 1 2
44 73 1 3
44 74 2 3
44 75 1 2
44 76 0 3
44 77 3 5
44 78 4 11
44 79 3 11
44 80 0 3
44 81 1 3
44 82 1 3
44 83 4 11
44 84 3 9
44 85 2 6
44 86 3 7
44 87 0 2
44 88 0 2
44 89 0 2
44 90 0 2
44 91 0 3
44 92 0 3
44 93 0 2
44 94 2 11
44 95 0 2
44 96 4 10
44 97 3 10
44 98 7 14
44 99 7 11
44 100 1 3
45 1 1 3
45 2 0 2
45 3 0 2
45 4 1 3
45 5 0 2
45 6 1 3
45 7 0 2
45 8 0 2
45 9 1 3
45 10 0 2
45 11 1 3
45 12 1 3
45 13 1 3
45 14 0 2
45 15 0 2
45 16 0 2
45 17 0 2
45 18 0 2
45 19 0 2
45 20 0 2
45 21 0 2
45 22 0 2
45 23 0 2
45 24 0 2
45 25 0 2
45 26 0 2
45 27 0 2
45 28 1 3
45 29 0 2
45 30 0 2
45 31 1 3
45 32 0 2
45 33 0 2
45 34 0 2
45 35 0 2
45 36 0 2
45 37 0 2
45 38 0 2
45 39 1 3
45 40 0 2
45 41 0 2
45 42 0 2
45 43 0 2
45 44 0 2
45 45 0 2
45 46 0 2
45 47 0 2
45 48 0 2
45 49 0 2
45 50 1 3
45 51 0 2
45 52 0 2
45 53 0 2
45 54 0 2
45 55 0 2
45 56 0 2
45 57 0 2
45 58 0 2
45 59 0 2
45 60 0 2
45 61 0 2
45 62 0 2
45 63 0 2
45 64 0 2
45 65 0 2
45 66 0 2
45 67 0 2
45 68 0 2
45 69 2 10
45 70 6 13
45 71 4 12
45 72 4 11
45 73 5 10
45 74 5 7
45 75 1 3
45 76 1 3
45 77 3 12
45 78 0 2
45 79 0 2
45 80 0 2
45 81 3 9
45 82 3 8
45 83 3 10
45 84 5 14
45 85 10 12
45 86 0 3
45 87 0 2
45 88 1 2
45 89 1 12
45 90 1 3
45 91 0 3
45 92 1 3
45 93 1 10
45 94 2 14
45 95 1 4
45 96 1 2
45 97 2 4
45 98 4 9
45 99 7 11
45 100 1 3
46 1 5 10
46 2 4 12
46 3 1 3
46 4 0 2
46 5 0 2
46 6 1 3
46 7 0 2
46 8 1 3
46 9 0 2
46 10 0 2
46 11 1 3
46 12 0 2
46 13 1 3
46 14 1 3
46 15 1 3
46 16 0 2
46 17 0 2
46 18 0 2
46 19 0 2
46 20 0 2
46 21 0 2
46 22 0 2
46 23 0 2
46 24 0 2
46 25 0 2
46 26 0 2
46 27 0 2
46 28 0 2
46 29 0 2
46 30 1 3
46 31 0 2
46 32 0 2
46 33 0 2
46 34 0 2
46 35 0 2
46 36 0 2
46 37 0 2
46 38 0 2
46 39 1 3
46 40 0 2
46 41 0 2
46 42 0 2
46 43 0 2
46 44 0 2
46 45 0 2
46 46 0 2
46 47 0 2
46 48 0 2
46 49 0 2
46 50 0 2
46 51 0 2
46 52 0 2
46 53 0 2
46 54 0 2
46 55 0 2
46 56 0 2
46 57 0 2
46 58 0 2
46 59 0 2
46 60 0 2
46 61 0 2
46 62 0 2
46 63 0 2
46 64 0 2
46 65 0 2
46 66 0 2
46 67 0 2
46 68 0 2
46 69 0 2
46 70 0 2
46 71 0 2
46 72 0 2
46 73 1 3
46 74 1 3
46 75 0 2
46 76 0 2
46 77 3 11
46 78 5 13
46 79 4 10
46 80 8 12
46 81 1 3
46 82 0 3
46 83 4 13
46 84 3 7
46 85 2 3
46 86 0 3
46 87 0 2
46 88 0 2
46 89 3 12
46 90 0 2
46 91 0 2
46 92 1 3
46 93 2 11
46 94 4 12
46 95 3 10
46 96 3 7
46 97 5 12
46 98 3 10
46 99 7 12
46 100 6 12
47 1 4 11
47 2 1 3
47 3 0 2
47 4 0 2
47 5 1 3
47 6 0 2
47 7 1 3
47 8 0 2
47 9 0 2
47 10 1 3
47 11 0 2
47 12 1 3
47 13 1 3
47 14 1 3
47 15 0 2
47 16 0 2
47 17 0 2
47 18 0 2
47 19 0 2
47 20 0 2
47 21 0 2
47 22 0 2
47 23 0 2
47 24 0 2
47 25 0 2
47 26 0 2
47 27 0 2
47 28 0 2
47 29 1 3
47 30 0 2
47 31 0 2
47 32 0 2
47 33 0 2
47 34 0 2
47 35 0 2
47 36 0 2
47 37 0 2
47 38 0 2
47 39 0 2
47 40 0 2
47 41 0 2
47 42 0 2
47 43 0 2
47 44 0 2
47 45 0 2
47 46 0 2
47 47 0 2
47 48 0 2
47 49 0 2
47 50 1 3
47 51 1 3
47 52 0 2
47 53 0 2
47 54 0 2
47 55 0 2
47 56 0 2
47 57 0 2
47 58 0 2
47 59 0 2
47 60 0 2
47 61 0 2
47 62 0 2
47 63 0 2
47 64 0 2
47 65 0 2
47 66 0 2
47 67 0 2
47 68 0 2
47 69 0 2
47 70 0 2
47 71 0 2
47 72 6 13
47 73 2 8
47 74 3 7
47 75 5 10
47 76 4 12
47 77 4 12
47 78 3 10
47 79 7 12
47 80 1 5
47 81 0 2
47 82 0 2
47 83 0 2
47 84 0 2
47 85 0 2
47 86 2 6
47 87 0 3
47 88 3 10
47 89 4 12
47 90 5 13
47 91 0 3
47 92 1 12
47 93 0 3
47 94 1 7
47 95 1 3
47 96 1 3
47 97 1 8
47 98 0 2
47 99 0 2
47 100 6 12
48 1 1 3
48 2 0 2
48 3 0 2
48 4 1 3
48 5 0 2
48 6 1 3
48 7 0 2
48 8 0 2
48 9 1 3
48 10 0 2
48 11 1 3
48 12 1 3
48 13 1 3
48 14 0 2
48 15 0 2
48 16 0 2
48 17 0 2
48 18 0 2
48 19 0 2
48 20 0 2
48 21 0 2
48 22 0 2
48 23 0 2
48 24 0 2
48 25 0 2
48 26 0 2
48 27 0 2
48 28 1 3
48 29 0 2
48 30 0 2
48 31 0 2
48 32 0 2
48 33 0 2
48 34 0 2
48 35 0 2
48 36 0 2
48 37 0 2
48 38 0 2
48 39 0 2
48 40 0 2
48 41 0 2
48 42 1 3
48 43 0 2
48 44 0 2
48 45 0 2
48 46 0 2
48 47 0 2
48 48 0 2
48 49 0 2
48 50 0 2
48 51 0 2
48 52 0 2
48 53 0 2
48 54 0 2
48 55 0 2
48 56 0 2
48 57 0 2
48 58 1 3
48 59 1 3
48 60 0 2
48 61 0 2
48 62 0 2
48 63 0 2
48 64 0 2
48 65 0 2
48 66 0 2
48 67 0 2
48 68 0 2
48 69 0 2
48 70 0 2
48 71 0 2
48 72 0 2
48 73 0 2
48 74 0 2
48 75 0 2
48 76 0 2
48 77 1 3
48 78 5 11
48 79 1 3
48 80 6 12
48 81 4 8
48 82 1 5
48 83 3 6
48 84 2 4
48 85 3 8
48 86 3 11
48 87 0 2
48 88 0 2
48 89 0 2
48 90 4 11
48 91 6 9
48 92 1 6
48 93 1 3
48 94 1 11
48 95 4 12
48 96 2 7
48 97 2 12
48 98 1 3
48 99 5 10
48 100 5 10
49 1 1 3
49 2 0 2
49 3 0 2
49 4 1 3
49 5 0 2
49 6 1 3
49 7 0 2
49 8 0 2
49 9 1 3
49 10 0 2
49 11 1 3
49 12 1 3
49 13 1 3
49 14 0 2
49 15 0 2
49 16 0 2
49 17 0 2
49 18 0 2
49 19 0 2
49 20 0 2
49 21 0 2
49 22 0 2
49 23 0 2
49 24 0 2
49 25 0 2
49 26 0 2
49 27 0 2
49 28 1 3
49 29 0 2
49 30 0 2
49 31 0 2
49 32 0 2
49 33 0 2
49 34 0 2
49 35 0 2
49 36 0 2
49 37 1 3
49 38 0 2
49 39 0 2
49 40 0 2
49 41 1 3
49 42 0 2
49 43 0 2
49 44 0 2
49 45 0 2
49 46 0 2
49 47 1 3
49 48 0 2
49 49 0 2
49 50 0 2
49 51 0 2
49 52 0 2
49 53 0 2
49 54 0 2
49 55 0 2
49 56 0 2
49 57 0 2
49 58 0 2
49 59 0 2
49 60 0 2
49 61 0 2
49 62 0 2
49 63 1 3
49 64 0 3
49 65 0 2
49 66 0 2
49 67 0 2
49 68 0 2
49 69 0 2
49 70 0 2
49 71 0 2
49 72 0 2
49 73 0 2
49 74 0 2
49 75 0 2
49 76 0 2
49 77 0 2
49 78 8 13
49 79 4 12
49 80 0 3
49 81 4 13
49 82 2 9
49 83 3 12
49 84 4 12
49 85 3 11
49 86 0 2
49 87 1 2
49 88 8 12
49 89 2 6
49 90 2 8
49 91 2 6
49 92 1 3
49 93 1 3
49 94 1 3
49 95 0 2
49 96 7 12
49 97 1 3
49 98 3 10
49 99 5 8
49 100 3 8
50 1 0 3
50 2 3 6
50 3 3 13
50 4 3 4
50 5 4 6
50 6 2 8
50 7 5 11
50 8 4 10
50 9 6 11
50 10 1 3
50 11 1 3
50 12 1 3
50 13 0 2
50 14 0 2
50 15 1 3
50 16 0 2
50 17 1 3
50 18 0 2
50 19 0 2
50 20 1 3
50 21 0 2
50 22 1 3
50 23 1 3
50 24 1 3
50 25 0 2
50 26 0 2
50 27 0 2
50 28 0 2
50 29 0 2
50 30 0 2
50 31 0 2
50 32 0 2
50 33 0 2
50 34 0 2
50 35 0 2
50 36 0 2
50 37 0 2
50 38 0 2
50 39 1 3
50 40 0 2
50 41 0 2
50 42 0 2
50 43 0 2
50 44 0 2
50 45 0 2
50 46 0 2
50 47 0 2
50 48 0 2
50 49 0 2
50 50 0 2
50 51 0 2
50 52 0 2
50 53 0 2
50 54 0 2
50 55 0 2
50 56 0 2
50 57 1 3
50 58 0 2
50 59 0 2
50 60 0 2
50 61 0 2
50 62 0 2
50 63 0 2
50 64 0 2
50 65 0 2
50 66 1 3
50 67 0 2
50 68 0 2
50 69 0 2
50 70 0 2
50 71 0 2
50 72 0 2
50 73 1 3
50 74 0 2
50 75 0 2
50 76 0 2
50 77 0 2
50 78 0 2
50 79 0 2
50 80 0 2
50 81 0 2
50 82 0 2
50 83 0 2
50 84 1 3
50 85 3 12
50 86 1 8
50 87 2 12
50 88 1 4
50 89 2 10
50 90 1 9
50 91 1 3
50 92 4 10
50 93 4 13
50 94 6 13
50 95 0 2
50 96 2 12
50 97 3 10
50 98 2 7
50 99 7 14
50 100 4 12
51 1 4 10
51 2 2 8
51 3 3 7
51 4 5 11
51 5 6 11
51 6 3 8
51 7 4 6
51 8 1 3
51 9 0 2
51 10 0 2
51 11 1 3
51 12 0 2
51 13 1 3
51 14 0 2
51 15 0 2
51 16 1 3
51 17 0 2
51 18 1 3
51 19 1 3
51 20 1 3
51 21 0 2
51 22 0 2
51 23 0 2
51 24 0 2
51 25 0 2
51 26 0 2
51 27 1 3
51 28 0 2
51 29 0 2
51 30 0 2
51 31 0 2
51 32 0 2
51 33 0 2
51 34 0 2
51 35 0 2
51 36 1 3
51 37 0 2
51 38 0 2
51 39 0 2
51 40 0 2
51 41 0 2
51 42 0 2
51 43 0 2
51 44 0 2
51 45 0 2
51 46 0 2
51 47 0 2
51 48 1 4
51 49 1 3
51 50 0 2
51 51 0 2
51 52 0 2
51 53 0 2
51 54 0 2
51 55 0 2
51 56 0 2
51 57 0 2
51 58 0 2
51 59 0 2
51 60 0 2
51 61 0 2
51 62 0 2
51 63 1 8
51 64 0 2
51 65 0 2
51 66 0 2
51 67 0 2
51 68 0 2
51 69 1 3
51 70 1 3
51 71 1 3
51 72 1 3
51 73 4 11
51 74 6 12
51 75 3 4
51 76 5 14
51 77 3 6
51 78 0 3
51 79 4 12
51 80 4 10
51 81 3 13
51 82 4 7
51 83 1 3
51 84 2 6
51 85 6 13
51 86 2 3
51 87 0 2
51 88 4 11
51 89 1 3
51 90 1 3
51 91 1 3
51 92 0 2
51 93 0 2
51 94 1 3
51 95 2 10
51 96 2 7
51 97 3 8
51 98 4 11
51 99 4 13
51 100 1 3
52 1 4 10
52 2 0 3
52 3 0 3
52 4 1 3
52 5 0 2
52 6 0 2
52 7 1 3
52 8 0 2
52 9 1 3
52 10 0 2
52 11 0 2
52 12 1 3
52 13 0 2
52 14 1 3
52 15 1 3
52 16 1 3
52 17 0 2
52 18 0 2
52 19 0 2
52 20 0 2
52 21 0 2
52 22 0 2
52 23 1 3
52 24 0 2
52 25 0 2
52 26 0 2
52 27 0 2
52 28 0 2
52 29 0 2
52 30 1 3
52 31 0 2
52 32 0 2
52 33 0 2
52 34 0 2
52 35 0 2
52 36 0 2
52 37 0 2
52 38 0 2
52 39 0 2
52 40 0 2
52 41 0 2
52 42 0 2
52 43 0 2
52 44 0 2
52 45 1 3
52 46 0 2
52 47 0 2
52 48 1 3
52 49 0 2
52 50 0 2
52 51 0 2
52 52 0 2
52 53 0 2
52 54 0 2
52 55 0 2
52 56 0 2
52 57 0 2
52 58 3 8
52 59 5 11
52 60 2 4
52 61 2 6
52 62 3 14
52 63 1 3
52 64 1 3
52 65 2 12
52 66 3 8
52 67 2 5
52 68 3 12
52 69 4 12
52 70 6 11
52 71 3 7
52 72 4 13
52 73 4 6
52 74 2 8
52 75 6 11
52 76 2 10
52 77 6 10
52 78 2 9
52 79 4 10
52 80 3 11
52 81 1 3
52 82 0 3
52 83 3 10
52 84 0 12
52 85 1 12
52 86 2 3
52 87 1 3
52 88 1 3
52 89 1 3
52 90 5 12
52 91 5 9
52 92 1 5
52 93 5 12
52 94 0 2
52 95 0 2
52 96 1 3
52 97 5 10
52 98 4 8
52 99 2 3
52 100 2 10
53 1 0 3
53 2 0 3
53 3 0 3
53 4 0 3
53 5 0 3
53 6 1 3
53 7 4 10
53 8 1 3
53 9 0 2
53 10 0 2
53 11 1 3
53 12 0 2
53 13 1 3
53 14 0 2
53 15 0 2
53 16 1 3
53 17 0 2
53 18 1 3
53 19 1 3
53 20 1 3
53 21 0 2
53 22 0 2
53 23 0 2
53 24 0 2
53 25 0 2
53 26 0 2
53 27 1 3
53 28 0 2
53 29 0 2
53 30 0 2
53 31 0 2
53 32 0 2
53 33 0 2
53 34 1 3
53 35 0 2
53 36 0 2
53 37 0 2
53 38 0 2
53 39 0 2
53 40 0 2
53 41 1 3
53 42 0 2
53 43 1 3
53 44 0 2
53 45 1 3
53 46 0 2
53 47 0 2
53 48 0 2
53 49 0 2
53 50 0 2
53 51 0 2
53 52 0 2
53 53 0 2
53 54 0 2
53 55 0 2
53 56 0 2
53 57 1 3
53 58 1 3
53 59 0 2
53 60 0 2
53 61 0 2
53 62 0 2
53 63 0 2
53 64 0 2
53 65 0 2
53 66 0 2
53 67 0 2
53 68 0 2
53 69 1 3
53 70 0 2
53 71 0 2
53 72 1 3
53 73 1 3
53 74 0 2
53 75 7 15
53 76 5 9
53 77 1 4
53 78 2 4
53 79 2 4
53 80 3 6
53 81 2 6
53 82 5 13
53 83 7 11
53 84 1 4
53 85 3 7
53 86 6 10
53 87 0 2
53 88 0 2
53 89 0 2
53 90 0 1
53 91 1 7
53 92 2 11
53 93 1 12
53 94 0 2
53 95 0 2
53 96 0 2
53 97 1 3
53 98 1 3
53 99 7 13
53 100 6 12
54 1 0 3
54 2 1 3
54 3 4 10
54 4 1 3
54 5 0 2
54 6 0 2
54 7 1 3
54 8 0 2
54 9 1 3
54 10 0 2
54 11 0 2
54 12 1 3
54 13 0 2
54 14 1 3
54 15 1 3
54 16 1 3
54 17 0 2
54 18 0 2
54 19 0 2
54 20 0 2
54 21 0 2
54 22 0 2
54 23 1 3
54 24 0 2
54 25 0 2
54 26 0 2
54 27 0 2
54 28 0 2
54 29 0 2
54 30 0 2
54 31 1 3
54 32 1 3
54 33 1 3
54 34 1 3
54 35 0 2
54 36 1 3
54 37 0 2
54 38 0 2
54 39 0 2
54 40 0 2
54 41 0 2
54 42 0 2
54 43 0 2
54 44 0 2
54 45 0 2
54 46 1 3
54 47 0 2
54 48 1 3
54 49 0 2
54 50 0 2
54 51 0 2
54 52 0 2
54 53 1 3
54 54 0 2
54 55 1 3
54 56 0 2
54 57 0 2
54 58 0 2
54 59 0 2
54 60 0 2
54 61 0 2
54 62 0 2
54 63 0 2
54 64 0 2
54 65 0 2
54 66 0 2
54 67 0 3
54 68 0 3
54 69 0 3
54 70 0 3
54 71 0 3
54 72 0 3
54 73 3 11
54 74 4 12
54 75 7 10
54 76 7 9
54 77 1 3
54 78 8 11
54 79 5 13
54 80 1 10
54 81 1 3
54 82 3 11
54 83 2 4
54 84 2 9
54 85 3 8
54 86 1 3
54 87 0 2
54 88 0 2
54 89 0 2
54 90 1 3
54 91 1 3
54 92 1 3
54 93 3 13
54 94 3 11
54 95 1 3
54 96 1 4
54 97 1 3
54 98 6 13
54 99 5 11
54 100 0 2
55 1 0 3
55 2 0 3
55 3 0 3
55 4 0 3
55 5 4 10
55 6 7 10
55 7 1 3
55 8 0 2
55 9 0 2
55 10 1 3
55 11 0 2
55 12 1 3
55 13 0 2
55 14 0 2
55 15 1 3
55 16 0 2
55 17 1 3
55 18 1 3
55 19 1 3
55 20 0 2
55 21 0 2
55 22 0 2
55 23 0 2
55 24 0 2
55 25 0 2
55 26 1 3
55 27 0 2
55 28 0 2
55 29 0 2
55 30 0 2
55 31 0 2
55 32 0 2
55 33 0 2
55 34 0 2
55 35 0 2
55 36 1 3
55 37 1 3
55 38 0 2
55 39 0 2
55 40 1 3
55 41 0 2
55 42 0 2
55 43 0 2
55 44 0 2
55 45 0 2
55 46 0 2
55 47 0 2
55 48 0 2
55 49 1 3
55 50 0 2
55 51 0 2
55 52 0 2
55 53 0 2
55 54 0 2
55 55 3 6
55 56 1 3
55 57 0 2
55 58 1 3
55 59 0 2
55 60 0 2
55 61 0 2
55 62 0 2
55 63 0 2
55 64 0 2
55 65 0 2
55 66 0 2
55 67 0 2
55 68 0 2
55 69 0 2
55 70 1 3
55 71 1 3
55 72 1 3
55 73 4 11
55 74 2 9
55 75 2 6
55 76 10 13
55 77 2 7
55 78 7 13
55 79 4 11
55 80 1 10
55 81 4 10
55 82 1 2
55 83 2 6
55 84 0 2
55 85 2 3
55 86 1 3
55 87 1 3
55 88 3 9
55 89 5 13
55 90 1 3
55 91 1 3
55 92 4 12
55 93 0 2
55 94 3 11
55 95 2 12
55 96 5 12
55 97 2 10
55 98 4 11
55 99 3 11
55 100 0 12
56 1 0 3
56 2 0 3
56 3 0 3
56 4 0 3
56 5 0 3
56 6 1 3
56 7 1 3
56 8 0 2
56 9 0 2
56 10 1 3
56 11 0 2
56 12 1 3
56 13 0 2
56 14 0 2
56 15 1 3
56 16 0 2
56 17 1 3
56 18 1 3
56 19 1 3
56 20 0 2
56 21 0 2
56 22 0 2
56 23 0 2
56 24 0 2
56 25 0 2
56 26 1 3
56 27 0 2
56 28 0 2
56 29 0 2
56 30 0 2
56 31 0 2
56 32 0 2
56 33 0 2
56 34 0 2
56 35 0 2
56 36 0 2
56 37 0 2
56 38 0 2
56 39 0 2
56 40 0 2
56 41 1 3
56 42 0 2
56 43 0 2
56 44 0 2
56 45 0 2
56 46 0 2
56 47 0 2
56 48 1 3
56 49 0 2
56 50 0 2
56 51 0 2
56 52 0 2
56 53 0 2
56 54 0 2
56 55 0 2
56 56 0 2
56 57 0 2
56 58 0 2
56 59 0 2
56 60 1 3
56 61 1 3
56 62 0 2
56 63 0 2
56 64 0 2
56 65 0 2
56 66 0 2
56 67 0 2
56 68 0 2
56 69 0 2
56 70 1 3
56 71 5 13
56 72 9 13
56 73 7 10
56 74 2 6
56 75 2 8
56 76 4 10
56 77 2 7
56 78 4 10
56 79 2 4
56 80 1 3
56 81 3 6
56 82 6 13
56 83 4 10
56 84 8 12
56 85 1 3
56 86 0 1
56 87 1 2
56 88 5 12
56 89 4 10
56 90 2 9
56 91 1 3
56 92 1 3
56 93 0 2
56 94 0 2
56 95 0 2
56 96 0 2
56 97 3 8
56 98 1 10
56 99 2 12
56 100 4 12
57 1 5 9
57 2 1 3
57 3 0 3
57 4 0 3
57 5 0 3
57 6 0 3
57 7 0 3
57 8 3 12
57 9 3 7
57 10 1 3
57 11 0 2
57 12 0 2
57 13 1 3
57 14 0 2
57 15 1 3
57 16 0 2
57 17 0 2
57 18 1 3
57 19 0 2
57 20 1 3
57 21 1 3
57 22 1 3
57 23 0 2
57 24 0 2
57 25 0 2
57 26 0 2
57 27 0 2
57 28 0 2
57 29 1 3
57 30 0 2
57 31 0 2
57 32 0 2
57 33 0 2
57 34 1 3
57 35 0 2
57 36 0 2
57 37 0 2
57 38 0 2
57 39 1 3
57 40 0 2
57 41 0 2
57 42 0 2
57 43 0 2
57 44 0 2
57 45 0 2
57 46 0 2
57 47 0 2
57 48 1 3
57 49 1 3
57 50 0 2
57 51 0 2
57 52 0 2
57 53 0 2
57 54 0 2
57 55 0 2
57 56 0 2
57 57 1 3
57 58 0 2
57 59 0 2
57 60 0 2
57 61 0 2
57 62 0 2
57 63 0 2
57 64 0 2
57 65 0 2
57 66 0 2
57 67 0 2
57 68 0 2
57 69 0 2
57 70 0 2
57 71 1 3
57 72 0 2
57 73 0 2
57 74 1 3
57 75 0 2
57 76 2 3
57 77 3 10
57 78 1 3
57 79 5 13
57 80 5 12
57 81 1 3
57 82 4 9
57 83 1 5
57 84 1 2
57 85 1 3
57 86 0 2
57 87 0 2
57 88 0 2
57 89 0 2
57 90 2 8
57 91 1 7
57 92 2 6
57 93 3 12
57 94 0 2
57 95 0 2
57 96 0 2
57 97 0 2
57 98 2 9
57 99 1 7
57 100 3 14
58 1 2 9
58 2 0 3
58 3 1 3
58 4 0 2
58 5 0 2
58 6 1 3
58 7 0 2
58 8 1 3
58 9 0 2
58 10 0 2
58 11 1 3
58 12 0 2
58 13 1 3
58 14 1 3
58 15 1 3
58 16 0 2
58 17 0 2
58 18 0 2
58 19 0 2
58 20 0 2
58 21 0 2
58 22 1 3
58 23 0 2
58 24 0 2
58 25 1 3
58 26 0 2
58 27 0 2
58 28 0 2
58 29 0 2
58 30 1 3
58 31 0 2
58 32 0 2
58 33 0 2
58 34 1 3
58 35 0 2
58 36 0 2
58 37 0 2
58 38 0 2
58 39 0 2
58 40 0 2
58 41 0 2
58 42 0 2
58 43 0 2
58 44 0 2
58 45 0 2
58 46 0 2
58 47 1 3
58 48 0 2
58 49 0 2
58 50 0 2
58 51 0 2
58 52 0 2
58 53 1 3
58 54 1 3
58 55 2 9
58 56 1 9
58 57 1 9
58 58 1 4
58 59 2 9
58 60 1 3
58 61 0 2
58 62 0 2
58 63 5 9
58 64 0 3
58 65 0 3
58 66 0 3
58 67 0 3
58 68 0 3
58 69 0 3
58 70 1 3
58 71 3 15
58 72 3 12
58 73 5 7
58 74 3 7
58 75 1 10
58 76 3 12
58 77 6 12
58 78 5 13
58 79 5 9
58 80 0 2
58 81 1 3
58 82 0 2
58 83 0 2
58 84 3 4
58 85 3 10
58 86 3 7
58 87 1 3
58 88 1 3
58 89 1 3
58 90 1 11
58 91 0 5
58 92 0 4
58 93 0 2
58 94 3 9
58 95 0 2
58 96 0 2
58 97 2 11
58 98 6 13
58 99 4 10
58 100 5 11
59 1 1 3
59 2 2 4
59 3 0 3
59 4 2 4
59 5 0 8
59 6 2 9
59 7 1 3
59 8 0 2
59 9 0 2
59 10 1 3
59 11 0 2
59 12 1 3
59 13 0 2
59 14 0 2
59 15 1 3
59 16 0 2
59 17 1 3
59 18 1 3
59 19 1 3
59 20 0 2
59 21 0 2
59 22 0 2
59 23 0 2
59 24 0 2
59 25 0 2
59 26 1 3
59 27 0 2
59 28 0 2
59 29 1 3
59 30 0 2
59 31 0 2
59 32 0 2
59 33 0 2
59 34 1 3
59 35 0 2
59 36 0 2
59 37 0 2
59 38 0 2
59 39 0 2
59 40 0 2
59 41 0 2
59 42 0 2
59 43 0 2
59 44 0 2
59 45 1 3
59 46 0 2
59 47 0 2
59 48 0 2
59 49 0 2
59 50 1 3
59 51 0 2
59 52 0 2
59 53 0 2
59 54 0 2
59 55 0 2
59 56 0 2
59 57 0 2
59 58 1 3
59 59 0 2
59 60 1 3
59 61 0 2
59 62 1 3
59 63 0 2
59 64 0 2
59 65 0 2
59 66 1 3
59 67 0 2
59 68 0 2
59 69 1 3
59 70 0 2
59 71 0 2
59 72 0 2
59 73 1 3
59 74 0 2
59 75 0 2
59 76 1 3
59 77 0 2
59 78 0 2
59 79 0 3
59 80 1 3
59 81 0 3
59 82 7 13
59 83 0 3
59 84 0 3
59 85 0 3
59 86 0 3
59 87 0 3
59 88 0 3
59 89 3 4
59 90 4 13
59 91 1 3
59 92 0 2
59 93 1 3
59 94 1 7
59 95 2 4
59 96 1 3
59 97 0 4
59 98 5 13
59 99 0 10
59 100 5 9
60 1 1 3
60 2 1 3
60 3 5 13
60 4 7 13
60 5 0 3
60 6 0 3
60 7 0 3
60 8 0 3
60 9 1 3
60 10 0 8
60 11 2 4
60 12 2 4
60 13 1 4
60 14 0 3
60 15 4 10
60 16 3 4
60 17 0 6
60 18 1 3
60 19 0 2
60 20 0 2
60 21 1 3
60 22 0 2
60 23 1 3
60 24 0 2
60 25 0 2
60 26 1 3
60 27 0 2
60 28 1 3
60 29 1 3
60 30 1 3
60 31 0 2
60 32 0 2
60 33 0 2
60 34 0 2
60 35 0 2
60 36 0 2
60 37 1 3
60 38 0 2
60 39 0 2
60 40 1 3
60 41 0 2
60 42 0 2
60 43 0 2
60 44 0 2
60 45 0 2
60 46 1 3
60 47 0 2
60 48 1 3
60 49 1 3
60 50 0 2
60 51 0 2
60 52 0 2
60 53 0 2
60 54 0 2
60 55 0 2
60 56 0 2
60 57 0 2
60 58 1 3
60 59 0 2
60 60 0 2
60 61 0 2
60 62 1 3
60 63 0 2
60 64 0 2
60 65 0 2
60 66 0 2
60 67 0 2
60 68 0 2
60 69 0 2
60 70 0 2
60 71 0 2
60 72 0 2
60 73 0 2
60 74 1 3
60 75 2 9
60 76 6 12
60 77 6 11
60 78 3 11
60 79 3 10
60 80 4 8
60 81 1 2
60 82 3 7
60 83 1 3
60 84 2 4
60 85 0 2
60 86 0 2
60 87 2 8
60 88 4 12
60 89 2 5
60 90 1 8
60 91 0 3
60 92 1 8
60 93 0 2
60 94 0 2
60 95 0 2
60 96 4 13
60 97 3 6
60 98 3 9
60 99 5 12
60 100 1 2
61 1 1 4
61 2 0 3
61 3 0 3
61 4 0 3
61 5 1 3
61 6 3 11
61 7 1 3
61 8 0 2
61 9 0 2
61 10 1 3
61 11 0 2
61 12 1 3
61 13 0 2
61 14 0 2
61 15 1 3
61 16 0 2
61 17 1 3
61 18 1 3
61 19 1 3
61 20 0 2
61 21 0 2
61 22 0 2
61 23 0 2
61 24 0 2
61 25 0 2
61 26 1 3
61 27 1 3
61 28 1 3
61 29 0 2
61 30 0 2
61 31 0 2
61 32 0 2
61 33 0 2
61 34 0 2
61 35 0 2
61 36 0 2
61 37 0 2
61 38 0 2
61 39 1 3
61 40 1 3
61 41 0 2
61 42 0 2
61 43 0 2
61 44 0 2
61 45 0 2
61 46 0 2
61 47 0 2
61 48 0 2
61 49 0 2
61 50 0 2
61 51 0 2
61 52 0 3
61 53 1 3
61 54 0 2
61 55 0 6
61 56 2 9
61 57 0 3
61 58 0 3
61 59 0 3
61 60 5 9
61 61 7 13
61 62 1 3
61 63 1 3
61 64 1 3
61 65 1 3
61 66 0 2
61 67 3 9
61 68 4 10
61 69 0 8
61 70 1 3
61 71 1 5
61 72 1 3
61 73 0 3
61 74 0 3
61 75 2 4
61 76 2 4
61 77 5 13
61 78 3 4
61 79 5 12
61 80 5 10
61 81 4 10
61 82 0 1
61 83 0 2
61 84 0 2
61 85 2 3
61 86 2 4
61 87 1 6
61 88 3 8
61 89 2 12
61 90 1 7
61 91 2 11
61 92 1 3
61 93 1 3
61 94 1 3
61 95 0 2
61 96 0 2
61 97 1 10
61 98 3 11
61 99 3 12
61 100 0 2
62 1 0 3
62 2 0 3
62 3 0 3
62 4 0 3
62 5 0 3
62 6 1 3
62 7 1 3
62 8 3 7
62 9 3 9
62 10 4 12
62 11 3 10
62 12 3 11
62 13 0 3
62 14 0 3
62 15 0 3
62 16 2 7
62 17 8 11
62 18 1 4
62 19 1 4
62 20 2 10
62 21 1 3
62 22 0 2
62 23 0 2
62 24 1 3
62 25 0 2
62 26 1 3
62 27 0 2
62 28 0 2
62 29 1 3
62 30 0 2
62 31 1 3
62 32 1 3
62 33 1 3
62 34 0 2
62 35 0 2
62 36 0 2
62 37 0 2
62 38 0 2
62 39 0 2
62 40 1 3
62 41 1 3
62 42 1 3
62 43 0 2
62 44 0 2
62 45 0 2
62 46 0 2
62 47 0 2
62 48 0 2
62 49 0 2
62 50 0 2
62 51 0 2
62 52 0 2
62 53 0 2
62 54 1 3
62 55 0 3
62 56 0 2
62 57 1 3
62 58 1 3
62 59 0 2
62 60 0 2
62 61 0 2
62 62 0 2
62 63 0 2
62 64 0 2
62 65 0 2
62 66 0 2
62 67 0 2
62 68 0 2
62 69 0 2
62 70 1 3
62 71 0 2
62 72 1 3
62 73 2 4
62 74 3 8
62 75 1 3
62 76 1 3
62 77 1 3
62 78 0 2
62 79 1 4
62 80 0 2
62 81 0 2
62 82 2 4
62 83 0 2
62 84 0 2
62 85 0 2
62 86 5 11
62 87 5 11
62 88 2 5
62 89 5 12
62 90 6 12
62 91 1 2
62 92 3 9
62 93 9 13
62 94 4 13
62 95 2 6
62 96 1 3
62 97 0 3
62 98 4 10
62 99 2 12
62 100 3 10
63 1 1 3
63 2 0 2
63 3 0 2
63 4 1 3
63 5 0 2
63 6 1 3
63 7 0 2
63 8 0 2
63 9 1 3
63 10 0 2
63 11 0 2
63 12 0 2
63 13 0 2
63 14 1 3
63 15 0 2
63 16 0 2
63 17 0 2
63 18 0 2
63 19 0 2
63 20 0 3
63 21 0 2
63 22 0 2
63 23 1 3
63 24 0 2
63 25 0 2
63 26 0 2
63 27 0 2
63 28 0 2
63 29 1 3
63 30 0 2
63 31 0 2
63 32 0 2
63 33 0 2
63 34 0 2
63 35 0 2
63 36 0 2
63 37 0 2
63 38 0 2
63 39 0 2
63 40 0 2
63 41 1 4
63 42 1 4
63 43 1 4
63 44 0 4
63 45 8 11
63 46 2 10
63 47 0 3
63 48 0 3
63 49 0 3
63 50 0 3
63 51 0 3
63 52 3 13
63 53 3 9
63 54 0 3
63 55 1 3
63 56 0 3
63 57 3 11
63 58 2 9
63 59 0 3
63 60 0 3
63 61 0 3
63 62 2 8
63 63 1 3
63 64 3 11
63 65 4 13
63 66 3 7
63 67 7 11
63 68 2 7
63 69 3 10
63 70 5 15
63 71 7 12
63 72 0 2
63 73 0 2
63 74 1 3
63 75 1 3
63 76 4 12
63 77 1 5
63 78 2 6
63 79 2 10
63 80 6 12
63 81 2 3
63 82 6 8
63 83 3 7
63 84 5 8
63 85 2 3
63 86 4 12
63 87 0 6
63 88 1 8
63 89 1 8
63 90 1 3
63 91 1 3
63 92 0 2
63 93 1 4
63 94 1 6
63 95 5 13
63 96 1 3
63 97 1 7
63 98 2 6
63 99 2 10
63 100 0 7
64 1 1 3
64 2 6 14
64 3 11 15
64 4 0 3
64 5 0 3
64 6 1 3
64 7 0 2
64 8 0 2
64 9 1 3
64 10 0 2
64 11 1 3
64 12 0 2
64 13 0 2
64 14 1 3
64 15 0 2
64 16 0 2
64 17 0 2
64 18 0 2
64 19 1 3
64 20 0 2
64 21 0 2
64 22 0 2
64 23 0 2
64 24 0 2
64 25 0 3
64 26 0 2
64 27 0 2
64 28 1 3
64 29 0 2
64 30 0 2
64 31 0 2
64 32 0 2
64 33 0 2
64 34 1 3
64 35 0 2
64 36 0 2
64 37 0 2
64 38 0 2
64 39 0 2
64 40 0 2
64 41 0 2
64 42 1 3
64 43 0 2
64 44 0 2
64 45 0 3
64 46 1 3
64 47 1 3
64 48 0 2
64 49 0 2
64 50 0 2
64 51 0 2
64 52 0 2
64 53 0 2
64 54 0 2
64 55 0 2
64 56 8 11
64 57 1 3
64 58 0 2
64 59 0 3
64 60 11 14
64 61 1 3
64 62 6 14
64 63 4 9
64 64 3 9
64 65 1 4
64 66 1 4
64 67 0 3
64 68 0 3
64 69 0 3
64 70 7 12
64 71 1 11
64 72 7 13
64 73 2 7
64 74 3 9
64 75 4 10
64 76 3 7
64 77 4 13
64 78 7 11
64 79 3 10
64 80 4 13
64 81 0 2
64 82 0 2
64 83 2 6
64 84 1 3
64 85 4 12
64 86 5 11
64 87 1 3
64 88 1 4
64 89 0 3
64 90 2 7
64 91 0 6
64 92 5 10
64 93 2 8
64 94 4 13
64 95 4 9
64 96 6 14
64 97 5 12
64 98 5 11
64 99 3 9
64 100 1 3
65 1 0 3
65 2 0 3
65 3 1 3
65 4 4 12
65 5 1 3
65 6 0 2
65 7 0 2
65 8 1 3
65 9 0 2
65 10 1 3
65 11 0 2
65 12 0 2
65 13 1 3
65 14 0 2
65 15 0 2
65 16 0 2
65 17 0 2
65 18 1 3
65 19 0 2
65 20 0 2
65 21 0 2
65 22 0 2
65 23 0 2
65 24 0 3
65 25 0 2
65 26 0 2
65 27 1 3
65 28 0 2
65 29 0 2
65 30 3 9
65 31 0 2
65 32 1 3
65 33 0 2
65 34 0 2
65 35 0 2
65 36 0 2
65 37 0 2
65 38 0 2
65 39 0 2
65 40 0 2
65 41 0 2
65 42 0 2
65 43 1 3
65 44 0 2
65 45 1 3
65 46 0 2
65 47 0 2
65 48 0 2
65 49 0 2
65 50 1 3
65 51 0 2
65 52 0 2
65 53 0 2
65 54 0 2
65 55 0 2
65 56 0 2
65 57 0 2
65 58 0 2
65 59 0 2
65 60 1 3
65 61 0 2
65 62 0 2
65 63 0 2
65 64 0 2
65 65 4 8
65 66 6 14
65 67 11 15
65 68 0 3
65 69 4 10
65 70 0 3
65 71 8 11
65 72 8 15
65 73 1 3
65 74 1 3
65 75 1 3
65 76 1 3
65 77 4 9
65 78 6 14
65 79 3 9
65 80 9 14
65 81 1 3
65 82 0 2
65 83 1 3
65 84 0 1
65 85 0 1
65 86 0 2
65 87 0 2
65 88 3 11
65 89 0 4
65 90 2 7
65 91 1 10
65 92 0 6
65 93 2 9
65 94 3 11
65 95 1 3
65 96 1 3
65 97 3 8
65 98 0 2
65 99 4 6
65 100 1 3
66 1 1 3
66 2 0 3
66 3 0 3
66 4 0 3
66 5 0 3
66 6 6 12
66 7 6 10
66 8 1 3
66 9 0 2
66 10 0 2
66 11 1 3
66 12 0 2
66 13 1 3
66 14 0 2
66 15 0 2
66 16 1 3
66 17 0 2
66 18 0 2
66 19 0 2
66 20 0 2
66 21 1 3
66 22 0 2
66 23 0 2
66 24 0 2
66 25 0 2
66 26 0 2
66 27 0 3
66 28 0 2
66 29 0 2
66 30 1 3
66 31 0 2
66 32 0 2
66 33 0 2
66 34 0 2
66 35 0 2
66 36 0 2
66 37 0 2
66 38 0 2
66 39 1 3
66 40 0 2
66 41 0 2
66 42 0 2
66 43 1 3
66 44 0 2
66 45 0 2
66 46 0 2
66 47 0 2
66 48 0 2
66 49 0 2
66 50 0 2
66 51 0 2
66 52 0 2
66 53 0 2
66 54 0 2
66 55 0 2
66 56 0 2
66 57 0 2
66 58 1 3
66 59 0 2
66 60 1 3
66 61 0 2
66 62 0 2
66 63 0 2
66 64 0 2
66 65 1 5
66 66 0 2
66 67 0 2
66 68 0 2
66 69 5 12
66 70 3 9
66 71 4 10
66 72 2 6
66 73 1 3
66 74 4 15
66 75 4 12
66 76 3 9
66 77 3 7
66 78 1 7
66 79 1 6
66 80 7 11
66 81 6 12
66 82 2 4
66 83 0 3
66 84 4 13
66 85 3 4
66 86 0 2
66 87 0 2
66 88 0 1
66 89 0 2
66 90 0 1
66 91 0 1
66 92 1 3
66 93 1 3
66 94 2 3
66 95 1 4
66 96 1 6
66 97 1 3
66 98 1 9
66 99 4 9
66 100 4 14
67 1 1 4
67 2 6 10
67 3 0 5
67 4 2 12
67 5 4 12
67 6 1 3
67 7 0 2
67 8 0 2
67 9 1 3
67 10 0 2
67 11 1 3
67 12 0 2
67 13 0 2
67 14 1 3
67 15 0 2
67 16 0 2
67 17 0 2
67 18 0 2
67 19 1 3
67 20 0 2
67 21 0 2
67 22 0 2
67 23 0 2
67 24 0 2
67 25 0 3
67 26 0 2
67 27 0 2
67 28 1 3
67 29 0 2
67 30 0 2
67 31 0 2
67 32 0 2
67 33 0 2
67 34 0 2
67 35 1 3
67 36 0 2
67 37 0 2
67 38 0 2
67 39 0 2
67 40 0 2
67 41 0 2
67 42 0 2
67 43 0 2
67 44 0 2
67 45 0 2
67 46 0 2
67 47 0 2
67 48 0 2
67 49 0 2
67 50 0 2
67 51 0 2
67 52 0 2
67 53 0 2
67 54 0 2
67 55 0 2
67 56 0 2
67 57 0 2
67 58 0 2
67 59 0 2
67 60 0 2
67 61 0 2
67 62 0 2
67 63 0 2
67 64 3 9
67 65 1 3
67 66 5 14
67 67 0 3
67 68 0 3
67 69 0 3
67 70 0 3
67 71 6 12
67 72 2 3
67 73 5 12
67 74 3 15
67 75 1 3
67 76 0 3
67 77 0 3
67 78 1 3
67 79 5 10
67 80 0 3
67 81 0 3
67 82 5 10
67 83 5 9
67 84 3 11
67 85 1 6
67 86 2 5
67 87 4 7
67 88 0 1
67 89 0 1
67 90 0 1
67 91 0 1
67 92 0 1
67 93 0 1
67 94 1 4
67 95 0 1
67 96 0 2
67 97 1 9
67 98 7 15
67 99 1 6
67 100 3 10
68 1 0 3
68 2 1 3
68 3 0 3
68 4 0 3
68 5 6 9
68 6 0 3
68 7 0 3
68 8 16 14
68 9 1 3
68 10 0 2
68 11 0 2
68 12 1 3
68 13 0 2
68 14 1 3
68 15 0 2
68 16 0 2
68 17 1 3
68 18 0 2
68 19 0 2
68 20 0 2
68 21 0 2
68 22 1 3
68 23 0 2
68 24 0 2
68 25 0 2
68 26 0 2
68 27 0 2
68 28 0 3
68 29 0 2
68 30 0 2
68 31 1 3
68 32 0 2
68 33 0 2
68 34 0 2
68 35 0 2
68 36 0 2
68 37 0 2
68 38 0 2
68 39 0 2
68 40 0 2
68 41 0 2
68 42 0 2
68 43 0 2
68 44 0 2
68 45 0 2
68 46 0 2
68 47 0 2
68 48 0 2
68 49 0 2
68 50 0 2
68 51 0 2
68 52 0 2
68 53 0 2
68 54 0 2
68 55 0 2
68 56 0 2
68 57 0 2
68 58 0 2
68 59 1 3
68 60 0 2
68 61 0 2
68 62 0 2
68 63 0 2
68 64 3 10
68 65 3 5
68 66 0 5
68 67 4 11
68 68 5 11
68 69 4 11
68 70 4 9
68 71 0 3
68 72 4 14
68 73 4 13
68 74 3 14
68 75 2 12
68 76 1 4
68 77 1 2
68 78 4 12
68 79 6 10
68 80 6 9
68 81 0 1
68 82 0 2
68 83 0 1
68 84 0 2
68 85 0 1
68 86 0 1
68 87 0 1
68 88 0 1
68 89 0 7
68 90 4 13
68 91 0 4
68 92 1 9
68 93 6 12
68 94 2 13
68 95 0 1
68 96 0 2
68 97 5 12
68 98 3 10
68 99 5 13
68 100 6 10
69 1 6 9
69 2 0 3
69 3 0 3
69 4 4 10
69 5 3 13
69 6 1 3
69 7 0 2
69 8 0 2
69 9 1 3
69 10 0 2
69 11 1 3
69 12 0 2
69 13 0 2
69 14 1 3
69 15 0 2
69 16 0 2
69 17 0 2
69 18 0 2
69 19 1 3
69 20 0 2
69 21 0 2
69 22 0 2
69 23 0 2
69 24 0 2
69 25 0 3
69 26 0 2
69 27 0 2
69 28 0 2
69 29 0 2
69 30 0 2
69 31 0 2
69 32 0 2
69 33 0 2
69 34 0 2
69 35 3 7
69 36 1 3
69 37 0 2
69 38 0 2
69 39 0 2
69 40 0 2
69 41 1 3
69 42 1 3
69 43 0 2
69 44 0 2
69 45 0 2
69 46 1 3
69 47 0 2
69 48 4 9
69 49 0 2
69 50 0 2
69 51 0 2
69 52 0 2
69 53 0 2
69 54 0 2
69 55 0 2
69 56 0 2
69 57 0 2
69 58 0 2
69 59 0 2
69 60 0 2
69 61 0 2
69 62 0 2
69 63 0 2
69 64 1 3
69 65 0 2
69 66 1 5
69 67 3 7
69 68 0 3
69 69 1 3
69 70 0 3
69 71 0 3
69 72 0 3
69 73 1 3
69 74 0 3
69 75 4 12
69 76 1 9
69 77 9 12
69 78 4 11
69 79 16 14
69 80 8 14
69 81 0 5
69 82 0 1
69 83 0 2
69 84 0 1
69 85 0 2
69 86 0 1
69 87 0 2
69 88 0 1
69 89 2 4
69 90 4 8
69 91 6 14
69 92 3 10
69 93 0 2
69 94 3 8
69 95 1 3
69 96 1 9
69 97 2 11
69 98 0 1
69 99 0 3
69 100 2 8
70 1 1 3
70 2 0 2
70 3 0 2
70 4 1 3
70 5 0 2
70 6 1 3
70 7 0 2
70 8 0 2
70 9 1 3
70 10 0 2
70 11 0 2
70 12 0 2
70 13 0 2
70 14 1 3
70 15 0 2
70 16 0 2
70 17 0 2
70 18 0 2
70 19 0 2
70 20 0 3
70 21 0 2
70 22 0 2
70 23 0 2
70 24 0 2
70 25 0 2
70 26 0 2
70 27 0 2
70 28 0 2
70 29 0 2
70 30 0 2
70 31 0 2
70 32 0 2
70 33 0 2
70 34 0 2
70 35 0 2
70 36 0 2
70 37 0 2
70 38 0 2
70 39 1 3
70 40 0 2
70 41 0 2
70 42 1 3
70 43 1 3
70 44 0 2
70 45 0 2
70 46 0 2
70 47 0 2
70 48 0 2
70 49 0 2
70 50 0 2
70 51 0 2
70 52 0 2
70 53 0 2
70 54 0 2
70 55 0 2
70 56 0 2
70 57 0 2
70 58 0 3
70 59 0 3
70 60 0 3
70 61 4 10
70 62 3 13
70 63 1 10
70 64 0 3
70 65 3 6
70 66 2 11
70 67 0 3
70 68 0 3
70 69 1 3
70 70 0 3
70 71 6 9
70 72 6 13
70 73 5 12
70 74 4 14
70 75 4 13
70 76 6 15
70 77 3 11
70 78 6 12
70 79 1 2
70 80 2 4
70 81 1 3
70 82 1 3
70 83 2 6
70 84 0 1
70 85 0 1
70 86 0 1
70 87 0 1
70 88 0 1
70 89 0 4
70 90 1 3
70 91 1 3
70 92 1 3
70 93 2 7
70 94 0 2
70 95 0 2
70 96 0 3
70 97 3 12
70 98 2 13
70 99 3 9
70 100 0 2
71 1 1 3
71 2 0 2
71 3 0 2
71 4 1 3
71 5 0 2
71 6 1 3
71 7 0 2
71 8 0 2
71 9 1 3
71 10 0 2
71 11 0 2
71 12 0 2
71 13 0 2
71 14 1 3
71 15 0 2
71 16 0 2
71 17 0 2
71 18 0 2
71 19 0 2
71 20 0 3
71 21 0 2
71 22 0 2
71 23 0 2
71 24 0 2
71 25 0 2
71 26 0 2
71 27 0 2
71 28 0 2
71 29 0 2
71 30 0 2
71 31 2 6
71 32 0 2
71 33 0 2
71 34 0 2
71 35 0 2
71 36 0 2
71 37 0 2
71 38 0 2
71 39 0 2
71 40 0 2
71 41 0 2
71 42 0 2
71 43 0 2
71 44 0 2
71 45 0 2
71 46 0 2
71 47 0 2
71 48 0 2
71 49 0 2
71 50 0 2
71 51 0 2
71 52 0 2
71 53 0 2
71 54 1 3
71 55 0 2
71 56 0 2
71 57 0 2
71 58 0 2
71 59 0 2
71 60 0 2
71 61 0 2
71 62 0 2
71 63 0 3
71 64 0 3
71 65 0 2
71 66 5 8
71 67 3 8
71 68 5 12
71 69 2 7
71 70 6 8
71 71 7 12
71 72 0 4
71 73 5 14
71 74 0 2
71 75 0 1
71 76 0 1
71 77 0 1
71 78 0 2
71 79 0 1
71 80 0 2
71 81 0 3
71 82 1 3
71 83 2 4
71 84 2 5
71 85 1 2
71 86 6 9
71 87 3 9
71 88 3 11
71 89 2 10
71 90 4 10
71 91 0 2
71 92 0 2
71 93 1 3
71 94 1 3
71 95 4 10
71 96 2 9
71 97 6 11
71 98 5 11
71 99 3 12
71 100 3 9
72 1 1 3
72 2 0 2
72 3 0 2
72 4 1 3
72 5 0 2
72 6 1 3
72 7 0 2
72 8 0 2
72 9 1 3
72 10 0 2
72 11 0 2
72 12 0 2
72 13 0 2
72 14 1 3
72 15 0 2
72 16 0 2
72 17 0 2
72 18 0 2
72 19 0 2
72 20 0 3
72 21 0 2
72 22 0 2
72 23 0 2
72 24 0 2
72 25 0 2
72 26 0 2
72 27 0 2
72 28 0 2
72 29 0 2
72 30 0 2
72 31 0 2
72 32 0 2
72 33 0 2
72 34 0 2
72 35 0 2
72 36 0 2
72 37 0 2
72 38 0 2
72 39 0 2
72 40 0 2
72 41 0 2
72 42 0 2
72 43 0 2
72 44 0 2
72 45 0 2
72 46 0 2
72 47 0 2
72 48 0 2
72 49 0 2
72 50 0 2
72 51 0 2
72 52 0 2
72 53 0 2
72 54 0 2
72 55 0 2
72 56 0 2
72 57 0 2
72 58 0 2
72 59 0 2
72 60 0 2
72 61 0 2
72 62 0 2
72 63 0 3
72 64 0 3
72 65 0 2
72 66 0 2
72 67 4 12
72 68 3 10
72 69 5 14
72 70 3 9
72 71 5 11
72 72 3 7
72 73 2 8
72 74 0 3
72 75 5 13
72 76 4 13
72 77 1 2
72 78 2 10
72 79 3 5
72 80 1 6
72 81 0 2
72 82 0 2
72 83 0 2
72 84 0 2
72 85 1 3
72 86 0 2
72 87 0 1
72 88 0 2
72 89 0 1
72 90 0 3
72 91 0 6
72 92 0 2
72 93 1 3
72 94 0 2
72 95 1 3
72 96 4 11
72 97 3 8
72 98 2 4
72 99 0 2
72 100 3 11
73 1 1 3
73 2 0 2
73 3 0 2
73 4 1 3
73 5 0 2
73 6 1 3
73 7 0 2
73 8 0 2
73 9 1 3
73 10 0 2
73 11 0 2
73 12 0 2
73 13 0 2
73 14 1 3
73 15 0 2
73 16 0 2
73 17 0 2
73 18 0 2
73 19 0 2
73 20 0 3
73 21 0 2
73 22 0 2
73 23 0 2
73 24 0 2
73 25 0 2
73 26 0 2
73 27 0 2
73 28 0 2
73 29 0 2
73 30 0 2
73 31 0 2
73 32 0 2
73 33 0 2
73 34 0 2
73 35 0 2
73 36 0 2
73 37 0 2
73 38 0 2
73 39 0 2
73 40 0 2
73 41 0 2
73 42 0 2
73 43 0 2
73 44 0 2
73 45 0 2
73 46 0 2
73 47 0 2
73 48 0 2
73 49 0 2
73 50 0 2
73 51 0 2
73 52 0 2
73 53 0 2
73 54 0 2
73 55 0 2
73 56 0 2
73 57 0 2
73 58 0 2
73 59 1 3
73 60 0 2
73 61 0 2
73 62 0 2
73 63 0 2
73 64 0 2
73 65 0 2
73 66 0 2
73 67 0 2
73 68 0 2
73 69 4 11
73 70 0 2
73 71 0 3
73 72 1 2
73 73 1 2
73 74 0 3
73 75 5 9
73 76 1 3
73 77 4 12
73 78 4 11
73 79 0 3
73 80 6 13
73 81 3 8
73 82 0 2
73 83 0 2
73 84 0 1
73 85 0 2
73 86 0 2
73 87 0 1
73 88 0 2
73 89 0 2
73 90 5 12
73 91 0 2
73 92 0 1
73 93 0 2
73 94 3 10
73 95 1 3
73 96 7 10
73 97 2 9
73 98 1 4
73 99 0 5
73 100 1 3
74 1 1 3
74 2 0 2
74 3 0 2
74 4 1 3
74 5 0 2
74 6 1 3
74 7 0 2
74 8 0 2
74 9 1 3
74 10 0 2
74 11 0 2
74 12 0 2
74 13 0 2
74 14 1 3
74 15 0 2
74 16 0 2
74 17 0 2
74 18 0 2
74 19 0 2
74 20 0 3
74 21 0 2
74 22 0 2
74 23 0 2
74 24 0 2
74 25 0 2
74 26 0 2
74 27 0 2
74 28 0 2
74 29 0 2
74 30 0 2
74 31 0 2
74 32 1 3
74 33 0 2
74 34 0 2
74 35 0 2
74 36 0 2
74 37 0 2
74 38 0 2
74 39 0 2
74 40 0 2
74 41 0 2
74 42 0 2
74 43 0 2
74 44 0 2
74 45 2 9
74 46 0 2
74 47 0 2
74 48 0 2
74 49 0 2
74 50 0 2
74 51 0 2
74 52 0 2
74 53 0 2
74 54 1 3
74 55 0 2
74 56 0 2
74 57 0 2
74 58 0 2
74 59 0 2
74 60 0 2
74 61 0 2
74 62 0 2
74 63 0 2
74 64 0 2
74 65 0 2
74 66 6 12
74 67 7 14
74 68 5 13
74 69 1 3
74 70 4 10
74 71 0 3
74 72 0 2
74 73 1 2
74 74 1 2
74 75 3 6
74 76 1 3
74 77 5 14
74 78 1 3
74 79 4 10
74 80 4 9
74 81 5 12
74 82 2 10
74 83 0 1
74 84 0 1
74 85 0 2
74 86 0 1
74 87 0 2
74 88 1 2
74 89 0 2
74 90 0 2
74 91 0 6
74 92 4 10
74 93 0 2
74 94 1 10
74 95 6 13
74 96 3 6
74 97 2 7
74 98 1 9
74 99 1 8
74 100 1 3
75 1 1 3
75 2 0 2
75 3 0 2
75 4 1 3
75 5 0 2
75 6 1 3
75 7 0 2
75 8 0 2
75 9 1 3
75 10 0 2
75 11 0 2
75 12 0 2
75 13 0 2
75 14 1 3
75 15 0 2
75 16 0 2
75 17 0 2
75 18 0 2
75 19 0 2
75 20 0 3
75 21 0 2
75 22 0 2
75 23 0 2
75 24 0 2
75 25 0 2
75 26 0 2
75 27 0 2
75 28 0 2
75 29 0 2
75 30 0 2
75 31 0 3
75 32 0 2
75 33 0 2
75 34 0 2
75 35 0 2
75 36 0 2
75 37 0 2
75 38 0 2
75 39 1 3
75 40 1 3
75 41 0 2
75 42 0 2
75 43 1 3
75 44 0 2
75 45 0 2
75 46 0 2
75 47 0 2
75 48 0 2
75 49 0 2
75 50 0 2
75 51 0 2
75 52 0 2
75 53 0 2
75 54 0 2
75 55 0 2
75 56 0 2
75 57 0 2
75 58 0 2
75 59 0 2
75 60 1 3
75 61 0 2
75 62 0 2
75 63 0 2
75 64 0 2
75 65 1 3
75 66 0 2
75 67 0 2
75 68 0 2
75 69 0 2
75 70 0 2
75 71 0 2
75 72 5 10
75 73 3 8
75 74 4 15
75 75 3 6
75 76 6 12
75 77 1 2
75 78 1 2
75 79 4 8
75 80 1 3
75 81 4 13
75 82 2 8
75 83 3 9
75 84 0 2
75 85 0 2
75 86 0 1
75 87 0 1
75 88 0 2
75 89 0 2
75 90 0 2
75 91 0 2
75 92 0 2
75 93 0 1
75 94 0 2
75 95 0 2
75 96 2 7
75 97 0 2
75 98 1 3
75 99 3 11
75 100 0 8
76 1 3 8
76 2 2 4
76 3 1 3
76 4 0 2
76 5 0 2
76 6 1 3
76 7 0 2
76 8 1 3
76 9 0 2
76 10 0 2
76 11 1 3
76 12 0 2
76 13 0 2
76 14 0 2
76 15 0 2
76 16 1 3
76 17 0 2
76 18 0 2
76 19 0 2
76 20 0 2
76 21 0 2
76 22 0 3
76 23 0 2
76 24 0 2
76 25 0 2
76 26 0 2
76 27 0 2
76 28 0 2
76 29 0 2
76 30 0 2
76 31 0 2
76 32 0 2
76 33 0 2
76 34 0 2
76 35 0 2
76 36 0 2
76 37 0 2
76 38 0 2
76 39 0 2
76 40 0 2
76 41 0 2
76 42 0 2
76 43 0 2
76 44 0 2
76 45 1 3
76 46 0 2
76 47 0 2
76 48 0 2
76 49 0 2
76 50 0 2
76 51 0 2
76 52 0 2
76 53 0 2
76 54 0 2
76 55 0 2
76 56 0 2
76 57 0 2
76 58 0 2
76 59 1 3
76 60 0 2
76 61 0 2
76 62 0 2
76 63 0 2
76 64 0 2
76 65 0 2
76 66 0 2
76 67 0 2
76 68 0 2
76 69 0 2
76 70 0 2
76 71 0 2
76 72 2 12
76 73 1 3
76 74 6 14
76 75 3 13
76 76 4 11
76 77 2 8
76 78 7 9
76 79 8 12
76 80 1 4
76 81 7 13
76 82 3 6
76 83 0 2
76 84 0 2
76 85 0 2
76 86 0 1
76 87 0 2
76 88 0 2
76 89 0 2
76 90 0 2
76 91 0 2
76 92 0 2
76 93 6 8
76 94 1 3
76 95 3 13
76 96 1 4
76 97 5 12
76 98 4 11
76 99 5 10
76 100 1 3
77 1 1 3
77 2 0 2
77 3 0 2
77 4 1 3
77 5 0 2
77 6 1 3
77 7 0 2
77 8 0 2
77 9 1 3
77 10 0 2
77 11 0 2
77 12 0 2
77 13 0 2
77 14 1 3
77 15 0 2
77 16 0 2
77 17 0 2
77 18 0 2
77 19 0 2
77 20 0 3
77 21 0 2
77 22 0 2
77 23 0 2
77 24 0 2
77 25 0 2
77 26 0 2
77 27 0 2
77 28 0 2
77 29 0 2
77 30 0 2
77 31 0 3
77 32 0 2
77 33 0 2
77 34 0 2
77 35 0 2
77 36 0 2
77 37 0 2
77 38 0 2
77 39 0 2
77 40 0 2
77 41 0 2
77 42 0 2
77 43 0 2
77 44 0 2
77 45 0 2
77 46 0 2
77 47 0 2
77 48 0 2
77 49 0 2
77 50 0 2
77 51 0 2
77 52 0 2
77 53 0 2
77 54 0 2
77 55 0 2
77 56 0 2
77 57 1 3
77 58 0 2
77 59 0 2
77 60 0 2
77 61 0 2
77 62 0 2
77 63 0 2
77 64 0 2
77 65 0 2
77 66 0 2
77 67 0 2
77 68 0 2
77 69 0 2
77 70 0 2
77 71 1 3
77 72 0 3
77 73 3 8
77 74 2 4
77 75 5 9
77 76 8 14
77 77 1 3
77 78 4 13
77 79 4 8
77 80 4 13
77 81 5 10
77 82 2 3
77 83 0 2
77 84 0 2
77 85 0 2
77 86 0 1
77 87 2 3
77 88 0 1
77 89 0 2
77 90 0 2
77 91 2 9
77 92 1 3
77 93 0 2
77 94 0 2
77 95 0 2
77 96 3 11
77 97 2 8
77 98 0 2
77 99 2 6
77 100 2 13
78 1 1 3
78 2 0 2
78 3 0 2
78 4 1 3
78 5 0 2
78 6 1 3
78 7 0 2
78 8 0 2
78 9 1 3
78 10 0 2
78 11 0 2
78 12 0 2
78 13 0 2
78 14 1 3
78 15 0 2
78 16 0 2
78 17 0 2
78 18 0 2
78 19 0 2
78 20 0 3
78 21 0 2
78 22 0 2
78 23 0 2
78 24 0 2
78 25 0 2
78 26 0 2
78 27 0 2
78 28 0 2
78 29 0 2
78 30 0 2
78 31 0 2
78 32 0 2
78 33 0 2
78 34 0 2
78 35 0 2
78 36 0 2
78 37 0 2
78 38 0 2
78 39 0 2
78 40 0 2
78 41 0 2
78 42 0 2
78 43 0 2
78 44 0 2
78 45 0 2
78 46 0 2
78 47 0 2
78 48 1 3
78 49 0 2
78 50 0 2
78 51 0 2
78 52 0 2
78 53 0 2
78 54 0 2
78 55 0 2
78 56 0 2
78 57 0 2
78 58 0 2
78 59 0 2
78 60 0 2
78 61 0 2
78 62 1 3
78 63 0 2
78 64 0 2
78 65 1 3
78 66 0 2
78 67 0 2
78 68 0 2
78 69 1 3
78 70 0 2
78 71 0 2
78 72 0 2
78 73 0 2
78 74 0 2
78 75 5 13
78 76 5 14
78 77 6 13
78 78 3 10
78 79 3 6
78 80 0 2
78 81 7 15
78 82 3 7
78 83 1 3
78 84 4 12
78 85 0 2
78 86 0 1
78 87 0 2
78 88 0 1
78 89 2 12
78 90 2 12
78 91 5 13
78 92 1 3
78 93 1 3
78 94 1 3
78 95 0 2
78 96 7 12
78 97 2 14
78 98 5 14
78 99 0 2
78 100 1 3
79 1 3 7
79 2 5 9
79 3 1 3
79 4 0 2
79 5 0 2
79 6 1 3
79 7 0 2
79 8 1 3
79 9 0 2
79 10 0 2
79 11 1 3
79 12 0 2
79 13 0 2
79 14 0 2
79 15 0 2
79 16 1 3
79 17 0 2
79 18 0 2
79 19 0 2
79 20 0 2
79 21 0 2
79 22 0 3
79 23 0 2
79 24 0 2
79 25 0 2
79 26 0 2
79 27 0 2
79 28 0 2
79 29 0 2
79 30 0 2
79 31 0 2
79 32 0 2
79 33 0 2
79 34 0 2
79 35 0 2
79 36 0 2
79 37 0 2
79 38 0 2
79 39 0 2
79 40 1 3
79 41 0 2
79 42 1 3
79 43 1 3
79 44 0 2
79 45 0 2
79 46 0 2
79 47 0 2
79 48 0 2
79 49 0 2
79 50 0 2
79 51 0 2
79 52 0 2
79 53 0 2
79 54 0 2
79 55 0 2
79 56 0 2
79 57 0 2
79 58 0 2
79 59 0 2
79 60 0 2
79 61 0 2
79 62 0 2
79 63 0 2
79 64 0 2
79 65 0 2
79 66 0 2
79 67 1 3
79 68 0 2
79 69 0 2
79 70 6 11
79 71 2 11
79 72 2 3
79 73 6 11
79 74 1 2
79 75 4 9
79 76 4 8
79 77 3 5
79 78 1 4
79 79 10 13
79 80 3 6
79 81 3 10
79 82 0 2
79 83 0 2
79 84 0 2
79 85 5 9
79 86 0 1
79 87 0 1
79 88 3 10
79 89 2 8
79 90 0 4
79 91 2 12
79 92 1 4
79 93 0 2
79 94 0 2
79 95 1 3
79 96 1 3
79 97 5 8
79 98 4 9
79 99 4 13
79 100 2 4
80 1 2 3
80 2 1 3
80 3 0 2
80 4 0 2
80 5 1 3
80 6 0 2
80 7 1 3
80 8 0 2
80 9 0 2
80 10 1 3
80 11 0 2
80 12 0 2
80 13 0 2
80 14 0 2
80 15 1 3
80 16 0 2
80 17 0 2
80 18 0 2
80 19 0 2
80 20 0 2
80 21 0 3
80 22 0 2
80 23 0 2
80 24 0 2
80 25 0 2
80 26 0 2
80 27 0 2
80 28 0 2
80 29 0 2
80 30 1 3
80 31 0 2
80 32 1 3
80 33 0 2
80 34 0 2
80 35 0 2
80 36 0 2
80 37 1 3
80 38 0 2
80 39 0 2
80 40 1 3
80 41 0 2
80 42 0 2
80 43 0 2
80 44 0 2
80 45 0 2
80 46 0 2
80 47 0 2
80 48 0 2
80 49 0 2
80 50 0 2
80 51 0 3
80 52 0 3
80 53 0 2
80 54 0 2
80 55 0 2
80 56 0 2
80 57 0 2
80 58 1 3
80 59 0 2
80 60 0 2
80 61 0 2
80 62 0 2
80 63 0 2
80 64 0 2
80 65 0 2
80 66 0 2
80 67 0 2
80 68 0 2
80 69 5 9
80 70 3 7
80 71 2 8
80 72 0 3
80 73 9 12
80 74 2 3
80 75 0 1
80 76 0 2
80 77 0 2
80 78 4 12
80 79 6 14
80 80 4 9
80 81 4 11
80 82 2 9
80 83 4 14
80 84 3 10
80 85 6 12
80 86 3 9
80 87 1 2
80 88 1 3
80 89 0 2
80 90 1 4
80 91 0 2
80 92 6 10
80 93 4 11
80 94 1 3
80 95 1 3
80 96 1 3
80 97 1 10
80 98 3 10
80 99 5 12
80 100 2 7
81 1 1 3
81 2 0 2
81 3 0 2
81 4 1 3
81 5 0 2
81 6 1 3
81 7 0 2
81 8 0 2
81 9 1 3
81 10 0 2
81 11 0 2
81 12 0 2
81 13 0 2
81 14 1 3
81 15 0 2
81 16 0 2
81 17 0 2
81 18 0 2
81 19 0 2
81 20 0 3
81 21 0 2
81 22 0 2
81 23 0 2
81 24 0 2
81 25 0 2
81 26 0 2
81 27 0 2
81 28 0 2
81 29 1 3
81 30 0 2
81 31 0 2
81 32 0 2
81 33 0 2
81 34 1 3
81 35 0 2
81 36 0 2
81 37 0 2
81 38 0 2
81 39 0 2
81 40 1 3
81 41 0 2
81 42 0 2
81 43 0 2
81 44 0 2
81 45 0 2
81 46 0 2
81 47 0 2
81 48 0 2
81 49 0 2
81 50 0 2
81 51 0 2
81 52 0 2
81 53 0 2
81 54 0 2
81 55 0 2
81 56 0 2
81 57 0 2
81 58 0 2
81 59 0 2
81 60 0 2
81 61 0 2
81 62 0 2
81 63 0 2
81 64 0 2
81 65 1 5
81 66 3 12
81 67 2 3
81 68 2 8
81 69 7 12
81 70 4 12
81 71 0 2
81 72 2 4
81 73 3 13
81 74 2 3
81 75 9 12
81 76 0 1
81 77 0 2
81 78 0 2
81 79 0 2
81 80 0 2
81 81 0 2
81 82 5 14
81 83 1 2
81 84 1 2
81 85 1 3
81 86 5 12
81 87 3 8
81 88 4 11
81 89 1 4
81 90 2 8
81 91 1 3
81 92 0 2
81 93 1 4
81 94 4 11
81 95 2 7
81 96 0 2
81 97 1 3
81 98 1 6
81 99 1 8
81 100 4 11
82 1 3 9
82 2 1 3
82 3 0 2
82 4 0 2
82 5 1 3
82 6 0 2
82 7 1 3
82 8 0 2
82 9 0 2
82 10 1 3
82 11 0 2
82 12 0 2
82 13 0 2
82 14 0 2
82 15 1 3
82 16 0 2
82 17 0 2
82 18 0 2
82 19 0 2
82 20 0 2
82 21 0 3
82 22 0 2
82 23 0 2
82 24 0 2
82 25 0 2
82 26 0 2
82 27 0 2
82 28 0 2
82 29 0 2
82 30 1 3
82 31 0 2
82 32 1 3
82 33 0 3
82 34 0 2
82 35 0 2
82 36 0 2
82 37 0 2
82 38 0 2
82 39 0 2
82 40 0 2
82 41 0 2
82 42 0 2
82 43 0 2
82 44 0 2
82 45 0 2
82 46 0 2
82 47 0 2
82 48 0 2
82 49 0 2
82 50 0 2
82 51 0 2
82 52 0 2
82 53 0 2
82 54 0 2
82 55 0 2
82 56 0 2
82 57 0 2
82 58 0 2
82 59 0 2
82 60 0 2
82 61 0 2
82 62 0 2
82 63 0 2
82 64 0 2
82 65 0 2
82 66 0 2
82 67 0 2
82 68 4 11
82 69 4 11
82 70 4 10
82 71 1 3
82 72 0 4
82 73 1 6
82 74 2 8
82 75 2 3
82 76 4 13
82 77 4 11
82 78 6 10
82 79 6 12
82 80 1 2
82 81 1 2
82 82 2 8
82 83 1 3
82 84 1 3
82 85 0 2
82 86 0 2
82 87 0 2
82 88 0 2
82 89 4 9
82 90 0 8
82 91 0 5
82 92 3 13
82 93 0 10
82 94 1 3
82 95 1 3
82 96 6 13
82 97 0 2
82 98 2 3
82 99 2 5
82 100 1 3
83 1 1 3
83 2 0 2
83 3 0 2
83 4 1 3
83 5 0 2
83 6 1 3
83 7 0 2
83 8 0 2
83 9 1 3
83 10 0 2
83 11 0 2
83 12 0 2
83 13 0 2
83 14 1 3
83 15 0 2
83 16 0 2
83 17 0 2
83 18 0 2
83 19 0 2
83 20 0 3
83 21 0 2
83 22 0 2
83 23 0 2
83 24 0 2
83 25 0 2
83 26 0 2
83 27 0 2
83 28 0 2
83 29 1 3
83 30 0 2
83 31 0 2
83 32 1 3
83 33 0 2
83 34 0 2
83 35 0 2
83 36 0 2
83 37 0 2
83 38 0 2
83 39 0 2
83 40 0 2
83 41 0 2
83 42 0 2
83 43 0 2
83 44 0 2
83 45 0 2
83 46 0 2
83 47 0 2
83 48 0 2
83 49 0 2
83 50 0 2
83 51 0 2
83 52 0 3
83 53 0 2
83 54 0 2
83 55 1 3
83 56 1 3
83 57 1 3
83 58 0 2
83 59 0 2
83 60 0 3
83 61 0 2
83 62 0 2
83 63 0 2
83 64 1 3
83 65 0 2
83 66 0 2
83 67 0 2
83 68 0 2
83 69 0 2
83 70 0 2
83 71 4 6
83 72 6 10
83 73 3 9
83 74 1 3
83 75 1 5
83 76 0 2
83 77 1 2
83 78 1 2
83 79 3 8
83 80 3 5
83 81 5 9
83 82 6 8
83 83 2 7
83 84 2 12
83 85 0 2
83 86 0 2
83 87 0 2
83 88 3 10
83 89 0 2
83 90 2 12
83 91 3 12
83 92 1 3
83 93 1 3
83 94 5 13
83 95 1 3
83 96 2 3
83 97 7 14
83 98 4 13
83 99 1 3
83 100 7 11
84 1 1 3
84 2 1 3
84 3 0 2
84 4 0 2
84 5 1 3
84 6 0 2
84 7 1 3
84 8 0 2
84 9 0 2
84 10 1 3
84 11 0 2
84 12 0 2
84 13 0 2
84 14 0 2
84 15 1 3
84 16 0 2
84 17 0 2
84 18 0 2
84 19 0 2
84 20 0 2
84 21 0 3
84 22 0 2
84 23 0 2
84 24 0 2
84 25 0 2
84 26 0 2
84 27 0 2
84 28 0 2
84 29 0 2
84 30 1 3
84 31 0 2
84 32 0 2
84 33 1 3
84 34 0 2
84 35 0 2
84 36 0 2
84 37 0 2
84 38 0 2
84 39 0 2
84 40 0 2
84 41 0 2
84 42 0 2
84 43 0 2
84 44 0 2
84 45 0 2
84 46 0 2
84 47 0 2
84 48 0 2
84 49 0 2
84 50 0 3
84 51 0 3
84 52 0 2
84 53 0 3
84 54 0 2
84 55 0 2
84 56 0 2
84 57 0 2
84 58 0 2
84 59 0 2
84 60 0 2
84 61 0 2
84 62 0 2
84 63 0 2
84 64 0 2
84 65 0 2
84 66 0 3
84 67 0 2
84 68 0 2
84 69 0 2
84 70 0 2
84 71 0 2
84 72 0 2
84 73 1 3
84 74 1 3
84 75 4 11
84 76 4 14
84 77 1 12
84 78 6 13
84 79 1 2
84 80 1 2
84 81 0 2
84 82 5 6
84 83 3 5
84 84 4 13
84 85 2 12
84 86 4 11
84 87 0 2
84 88 1 3
84 89 1 3
84 90 7 13
84 91 0 11
84 92 1 3
84 93 0 2
84 94 1 3
84 95 0 2
84 96 0 2
84 97 0 3
84 98 5 13
84 99 3 12
84 100 6 13
85 1 1 3
85 2 1 3
85 3 0 2
85 4 0 2
85 5 1 3
85 6 0 2
85 7 1 3
85 8 0 2
85 9 0 2
85 10 1 3
85 11 0 2
85 12 0 2
85 13 0 2
85 14 0 2
85 15 1 3
85 16 0 2
85 17 0 2
85 18 0 2
85 19 0 2
85 20 0 2
85 21 0 3
85 22 0 2
85 23 0 2
85 24 0 2
85 25 0 2
85 26 0 2
85 27 0 2
85 28 0 2
85 29 0 2
85 30 1 3
85 31 0 2
85 32 0 2
85 33 0 2
85 34 0 2
85 35 0 3
85 36 0 2
85 37 0 2
85 38 0 2
85 39 1 3
85 40 0 2
85 41 0 2
85 42 0 2
85 43 0 2
85 44 0 2
85 45 0 2
85 46 0 2
85 47 0 2
85 48 0 2
85 49 0 2
85 50 0 2
85 51 0 2
85 52 0 2
85 53 0 2
85 54 0 2
85 55 0 2
85 56 0 2
85 57 0 2
85 58 0 2
85 59 1 3
85 60 0 2
85 61 0 2
85 62 0 2
85 63 0 2
85 64 0 2
85 65 0 2
85 66 0 2
85 67 1 3
85 68 2 5
85 69 10 13
85 70 5 9
85 71 1 3
85 72 5 14
85 73 7 13
85 74 6 14
85 75 1 2
85 76 6 10
85 77 4 13
85 78 5 8
85 79 1 3
85 80 0 2
85 81 1 10
85 82 3 11
85 83 4 11
85 84 1 3
85 85 1 3
85 86 6 11
85 87 0 8
85 88 0 6
85 89 0 2
85 90 1 3
85 91 1 3
85 92 2 10
85 93 0 3
85 94 4 13
85 95 3 8
85 96 1 2
85 97 5 7
85 98 3 11
85 99 0 2
85 100 0 4
86 1 1 3
86 2 0 2
86 3 0 2
86 4 1 3
86 5 0 2
86 6 1 3
86 7 0 2
86 8 0 2
86 9 1 3
86 10 0 2
86 11 0 2
86 12 0 2
86 13 0 2
86 14 1 3
86 15 0 2
86 16 0 2
86 17 0 2
86 18 0 2
86 19 0 2
86 20 0 3
86 21 0 2
86 22 0 2
86 23 0 2
86 24 0 2
86 25 0 2
86 26 0 2
86 27 0 2
86 28 0 2
86 29 1 3
86 30 0 2
86 31 0 2
86 32 0 2
86 33 1 3
86 34 0 2
86 35 0 2
86 36 0 2
86 37 0 2
86 38 0 2
86 39 0 2
86 40 0 2
86 41 0 2
86 42 0 2
86 43 0 2
86 44 1 3
86 45 0 2
86 46 1 3
86 47 0 2
86 48 0 2
86 49 0 2
86 50 0 2
86 51 0 2
86 52 0 2
86 53 0 2
86 54 0 2
86 55 0 2
86 56 0 2
86 57 0 2
86 58 0 2
86 59 0 2
86 60 0 2
86 61 0 2
86 62 0 2
86 63 0 2
86 64 0 2
86 65 1 3
86 66 0 2
86 67 1 5
86 68 0 2
86 69 0 2
86 70 0 2
86 71 0 2
86 72 0 2
86 73 0 2
86 74 0 2
86 75 1 3
86 76 2 8
86 77 3 6
86 78 2 8
86 79 7 14
86 80 2 12
86 81 9 14
86 82 4 13
86 83 0 2
86 84 1 3
86 85 1 3
86 86 0 2
86 87 7 11
86 88 3 13
86 89 1 3
86 90 0 2
86 91 0 2
86 92 3 8
86 93 1 4
86 94 5 11
86 95 4 12
86 96 4 10
86 97 7 15
86 98 1 9
86 99 5 12
86 100 1 11
87 1 1 3
87 2 0 2
87 3 0 2
87 4 1 3
87 5 0 2
87 6 1 3
87 7 0 2
87 8 0 2
87 9 1 3
87 10 0 2
87 11 0 2
87 12 0 2
87 13 0 2
87 14 1 3
87 15 0 2
87 16 0 2
87 17 0 2
87 18 0 2
87 19 0 2
87 20 0 3
87 21 0 2
87 22 0 2
87 23 0 2
87 24 0 2
87 25 0 2
87 26 0 2
87 27 0 2
87 28 0 2
87 29 1 3
87 30 0 2
87 31 0 2
87 32 0 2
87 33 0 2
87 34 0 2
87 35 0 2
87 36 0 2
87 37 0 2
87 38 0 2
87 39 1 3
87 40 0 2
87 41 0 2
87 42 1 3
87 43 0 2
87 44 0 2
87 45 0 2
87 46 0 2
87 47 0 2
87 48 0 2
87 49 0 2
87 50 0 2
87 51 0 2
87 52 0 3
87 53 0 2
87 54 0 2
87 55 0 2
87 56 0 2
87 57 0 2
87 58 0 2
87 59 0 2
87 60 0 2
87 61 0 2
87 62 0 2
87 63 0 2
87 64 0 2
87 65 0 2
87 66 0 2
87 67 0 2
87 68 0 2
87 69 0 2
87 70 0 2
87 71 0 2
87 72 0 2
87 73 0 2
87 74 0 2
87 75 1 5
87 76 0 3
87 77 0 3
87 78 0 3
87 79 0 3
87 80 0 3
87 81 4 7
87 82 1 6
87 83 1 3
87 84 2 10
87 85 0 2
87 86 0 2
87 87 1 3
87 88 4 9
87 89 6 10
87 90 3 11
87 91 0 6
87 92 2 11
87 93 0 10
87 94 1 3
87 95 1 12
87 96 0 3
87 97 0 2
87 98 1 3
87 99 2 14
87 100 1 10
88 1 1 3
88 2 0 2
88 3 0 2
88 4 1 3
88 5 0 2
88 6 1 3
88 7 0 2
88 8 0 2
88 9 1 3
88 10 0 2
88 11 0 2
88 12 0 2
88 13 0 2
88 14 1 3
88 15 0 2
88 16 0 2
88 17 0 2
88 18 0 2
88 19 0 2
88 20 0 3
88 21 0 2
88 22 0 2
88 23 0 2
88 24 0 2
88 25 0 2
88 26 0 2
88 27 0 2
88 28 0 2
88 29 1 3
88 30 0 2
88 31 0 2
88 32 0 2
88 33 0 2
88 34 0 2
88 35 0 2
88 36 0 2
88 37 0 2
88 38 0 2
88 39 0 2
88 40 0 2
88 41 0 2
88 42 0 2
88 43 0 2
88 44 0 2
88 45 0 2
88 46 1 3
88 47 0 2
88 48 0 2
88 49 0 2
88 50 0 2
88 51 0 2
88 52 0 2
88 53 0 2
88 54 0 2
88 55 0 2
88 56 0 2
88 57 0 2
88 58 0 2
88 59 0 2
88 60 0 2
88 61 1 3
88 62 0 2
88 63 0 2
88 64 0 2
88 65 1 3
88 66 0 2
88 67 0 2
88 68 0 2
88 69 0 2
88 70 0 2
88 71 0 2
88 72 0 2
88 73 0 2
88 74 0 2
88 75 3 9
88 76 2 5
88 77 4 9
88 78 0 4
88 79 0 3
88 80 0 3
88 81 0 2
88 82 12 14
88 83 3 7
88 84 2 4
88 85 3 9
88 86 1 3
88 87 1 3
88 88 2 3
88 89 0 2
88 90 0 2
88 91 1 3
88 92 0 2
88 93 0 3
88 94 3 9
88 95 4 15
88 96 5 10
88 97 5 9
88 98 8 14
88 99 4 9
88 100 0 2
89 1 1 3
89 2 0 2
89 3 0 2
89 4 1 3
89 5 0 2
89 6 1 3
89 7 0 2
89 8 0 2
89 9 1 3
89 10 0 2
89 11 0 2
89 12 0 2
89 13 0 2
89 14 1 3
89 15 0 2
89 16 0 2
89 17 0 2
89 18 0 2
89 19 0 2
89 20 0 3
89 21 0 2
89 22 0 2
89 23 0 2
89 24 0 2
89 25 0 2
89 26 0 2
89 27 0 2
89 28 0 2
89 29 1 3
89 30 0 2
89 31 0 2
89 32 0 2
89 33 0 2
89 34 0 2
89 35 0 2
89 36 0 2
89 37 0 2
89 38 1 3
89 39 0 2
89 40 0 2
89 41 0 2
89 42 1 3
89 43 0 2
89 44 0 2
89 45 0 2
89 46 0 2
89 47 0 2
89 48 0 2
89 49 0 2
89 50 0 2
89 51 0 2
89 52 0 2
89 53 0 2
89 54 2 9
89 55 0 2
89 56 0 2
89 57 0 2
89 58 0 2
89 59 0 2
89 60 0 2
89 61 0 2
89 62 0 2
89 63 0 2
89 64 0 2
89 65 0 2
89 66 0 2
89 67 0 2
89 68 0 2
89 69 5 10
89 70 0 2
89 71 0 2
89 72 0 2
89 73 12 14
89 74 5 12
89 75 2 4
89 76 3 8
89 77 2 9
89 78 2 4
89 79 2 3
89 80 2 3
89 81 6 12
89 82 4 12
89 83 3 9
89 84 1 3
89 85 5 12
89 86 5 14
89 87 2 3
89 88 4 7
89 89 1 4
89 90 5 11
89 91 4 13
89 92 1 3
89 93 1 3
89 94 5 12
89 95 3 8
89 96 1 3
89 97 3 5
89 98 3 7
89 99 2 11
89 100 1 3
90 1 1 3
90 2 0 2
90 3 0 2
90 4 1 3
90 5 0 2
90 6 1 3
90 7 0 2
90 8 0 2
90 9 1 3
90 10 0 2
90 11 0 2
90 12 0 2
90 13 0 2
90 14 1 3
90 15 0 2
90 16 0 2
90 17 0 2
90 18 0 2
90 19 0 2
90 20 0 3
90 21 0 2
90 22 0 2
90 23 0 2
90 24 0 2
90 25 0 2
90 26 0 2
90 27 0 2
90 28 0 2
90 29 1 3
90 30 0 2
90 31 0 2
90 32 0 2
90 33 0 2
90 34 0 2
90 35 0 2
90 36 0 2
90 37 0 2
90 38 4 10
90 39 0 2
90 40 0 2
90 41 1 3
90 42 0 2
90 43 0 2
90 44 0 2
90 45 0 2
90 46 0 2
90 47 0 2
90 48 0 2
90 49 0 2
90 50 0 2
90 51 0 2
90 52 0 2
90 53 0 2
90 54 0 2
90 55 0 2
90 56 0 2
90 57 0 2
90 58 0 2
90 59 0 2
90 60 0 2
90 61 0 2
90 62 0 2
90 63 0 2
90 64 0 2
90 65 0 2
90 66 0 2
90 67 0 2
90 68 0 2
90 69 0 2
90 70 0 2
90 71 0 2
90 72 2 6
90 73 0 2
90 74 0 2
90 75 0 2
90 76 5 11
90 77 1 3
90 78 6 12
90 79 1 5
90 80 3 12
90 81 3 13
90 82 2 7
90 83 5 11
90 84 5 11
90 85 2 3
90 86 2 3
90 87 2 3
90 88 6 12
90 89 8 11
90 90 2 6
90 91 1 3
90 92 0 1
90 93 2 5
90 94 1 8
90 95 3 13
90 96 1 3
90 97 0 2
90 98 6 13
90 99 7 9
90 100 1 2
91 1 1 3
91 2 5 8
91 3 4 11
91 4 1 3
91 5 0 2
91 6 0 2
91 7 1 3
91 8 0 2
91 9 1 3
91 10 0 2
91 11 0 2
91 12 1 3
91 13 0 2
91 14 0 2
91 15 0 2
91 16 0 2
91 17 1 3
91 18 0 2
91 19 0 2
91 20 0 2
91 21 0 2
91 22 0 2
91 23 0 3
91 24 0 2
91 25 0 2
91 26 0 2
91 27 0 2
91 28 0 2
91 29 0 2
91 30 0 2
91 31 0 2
91 32 1 3
91 33 0 2
91 34 0 2
91 35 0 2
91 36 0 2
91 37 0 2
91 38 0 2
91 39 0 2
91 40 0 2
91 41 0 2
91 42 0 2
91 43 0 2
91 44 0 2
91 45 0 2
91 46 0 2
91 47 0 2
91 48 0 2
91 49 0 2
91 50 0 2
91 51 0 2
91 52 0 2
91 53 0 2
91 54 0 2
91 55 0 2
91 56 0 2
91 57 0 2
91 58 0 2
91 59 0 2
91 60 0 2
91 61 0 2
91 62 0 2
91 63 0 2
91 64 0 2
91 65 0 2
91 66 0 2
91 67 0 2
91 68 1 3
91 69 0 2
91 70 0 2
91 71 0 2
91 72 3 13
91 73 0 3
91 74 2 5
91 75 3 12
91 76 5 10
91 77 1 6
91 78 7 11
91 79 4 13
91 80 4 10
91 81 5 13
91 82 8 13
91 83 7 14
91 84 4 9
91 85 1 3
91 86 2 3
91 87 4 12
91 88 0 2
91 89 0 2
91 90 4 8
91 91 5 11
91 92 5 12
91 93 0 2
91 94 0 2
91 95 1 3
91 96 8 15
91 97 0 4
91 98 4 10
91 99 7 14
91 100 2 3
92 1 1 3
92 2 0 2
92 3 0 2
92 4 1 3
92 5 0 2
92 6 1 3
92 7 0 2
92 8 0 2
92 9 1 3
92 10 0 2
92 11 0 2
92 12 0 2
92 13 0 2
92 14 1 3
92 15 0 2
92 16 0 2
92 17 0 2
92 18 0 2
92 19 0 2
92 20 0 3
92 21 0 2
92 22 0 2
92 23 0 2
92 24 0 2
92 25 0 2
92 26 0 2
92 27 0 2
92 28 0 2
92 29 0 2
92 30 0 2
92 31 0 2
92 32 0 2
92 33 0 2
92 34 0 2
92 35 0 2
92 36 0 2
92 37 0 2
92 38 0 2
92 39 1 3
92 40 0 2
92 41 0 2
92 42 0 2
92 43 0 2
92 44 0 2
92 45 0 2
92 46 0 2
92 47 0 2
92 48 0 2
92 49 0 2
92 50 1 3
92 51 0 2
92 52 0 2
92 53 0 2
92 54 0 2
92 55 0 2
92 56 0 2
92 57 0 2
92 58 0 2
92 59 0 2
92 60 0 2
92 61 0 2
92 62 0 2
92 63 0 2
92 64 1 3
92 65 0 2
92 66 0 2
92 67 0 2
92 68 5 13
92 69 6 11
92 70 3 13
92 71 4 14
92 72 1 3
92 73 1 3
92 74 1 3
92 75 4 11
92 76 1 3
92 77 4 12
92 78 4 7
92 79 5 8
92 80 4 13
92 81 1 2
92 82 1 3
92 83 7 13
92 84 0 2
92 85 0 2
92 86 2 3
92 87 5 9
92 88 2 10
92 89 2 8
92 90 1 11
92 91 5 8
92 92 0 3
92 93 1 3
92 94 10 14
92 95 0 2
92 96 0 2
92 97 1 4
92 98 3 13
92 99 3 13
92 100 1 3
93 1 1 3
93 2 0 2
93 3 0 2
93 4 1 3
93 5 0 2
93 6 1 3
93 7 0 2
93 8 0 2
93 9 1 3
93 10 0 2
93 11 0 2
93 12 0 2
93 13 0 2
93 14 1 3
93 15 0 2
93 16 0 2
93 17 0 2
93 18 0 2
93 19 0 2
93 20 0 3
93 21 0 2
93 22 0 2
93 23 0 2
93 24 0 2
93 25 0 2
93 26 0 2
93 27 0 2
93 28 0 2
93 29 0 2
93 30 0 2
93 31 1 3
93 32 0 2
93 33 0 2
93 34 1 3
93 35 1 3
93 36 0 2
93 37 0 2
93 38 0 2
93 39 0 2
93 40 0 2
93 41 0 2
93 42 0 2
93 43 0 2
93 44 0 2
93 45 0 2
93 46 0 2
93 47 0 2
93 48 0 2
93 49 0 2
93 50 0 2
93 51 0 2
93 52 0 2
93 53 0 2
93 54 0 2
93 55 0 2
93 56 0 2
93 57 0 2
93 58 0 2
93 59 0 2
93 60 0 2
93 61 0 2
93 62 0 2
93 63 0 2
93 64 0 2
93 65 0 2
93 66 0 2
93 67 0 2
93 68 0 2
93 69 0 2
93 70 0 2
93 71 0 2
93 72 0 7
93 73 7 12
93 74 5 12
93 75 1 3
93 76 3 12
93 77 6 12
93 78 8 13
93 79 8 12
93 80 4 14
93 81 1 2
93 82 1 2
93 83 5 12
93 84 1 3
93 85 0 2
93 86 0 2
93 87 0 2
93 88 0 2
93 89 4 11
93 90 0 2
93 91 0 2
93 92 1 3
93 93 0 2
93 94 0 2
93 95 0 2
93 96 0 2
93 97 0 2
93 98 5 7
93 99 3 9
93 100 5 9
94 1 1 3
94 2 0 2
94 3 0 2
94 4 1 3
94 5 0 2
94 6 1 3
94 7 0 2
94 8 0 2
94 9 1 3
94 10 0 2
94 11 0 2
94 12 0 2
94 13 0 2
94 14 1 3
94 15 0 2
94 16 0 2
94 17 0 2
94 18 0 2
94 19 0 2
94 20 0 3
94 21 0 2
94 22 0 2
94 23 0 2
94 24 0 2
94 25 0 2
94 26 0 2
94 27 0 2
94 28 0 2
94 29 0 2
94 30 0 2
94 31 0 2
94 32 0 2
94 33 1 3
94 34 1 3
94 35 0 2
94 36 0 2
94 37 0 2
94 38 0 2
94 39 0 2
94 40 0 2
94 41 0 2
94 42 0 2
94 43 0 2
94 44 0 2
94 45 0 2
94 46 0 2
94 47 0 2
94 48 0 2
94 49 0 2
94 50 0 2
94 51 0 2
94 52 0 2
94 53 0 2
94 54 0 2
94 55 0 2
94 56 0 2
94 57 0 2
94 58 0 2
94 59 0 2
94 60 0 2
94 61 0 2
94 62 0 2
94 63 0 2
94 64 0 2
94 65 0 2
94 66 0 2
94 67 0 2
94 68 0 2
94 69 0 2
94 70 0 2
94 71 0 2
94 72 0 2
94 73 0 2
94 74 0 2
94 75 2 3
94 76 4 9
94 77 1 5
94 78 4 14
94 79 2 10
94 80 1 3
94 81 13 14
94 82 2 8
94 83 5 11
94 84 5 8
94 85 1 2
94 86 1 3
94 87 2 3
94 88 3 9
94 89 1 3
94 90 1 3
94 91 4 8
94 92 1 6
94 93 0 2
94 94 0 2
94 95 0 2
94 96 0 2
94 97 1 2
94 98 1 6
94 99 5 12
94 100 3 8
95 1 1 3
95 2 0 2
95 3 0 2
95 4 1 3
95 5 0 2
95 6 1 3
95 7 0 2
95 8 0 2
95 9 1 3
95 10 0 2
95 11 0 2
95 12 0 2
95 13 0 2
95 14 1 3
95 15 0 2
95 16 0 2
95 17 0 2
95 18 0 2
95 19 0 2
95 20 0 3
95 21 0 2
95 22 0 2
95 23 0 2
95 24 0 2
95 25 0 2
95 26 0 2
95 27 0 2
95 28 0 2
95 29 0 2
95 30 0 2
95 31 0 2
95 32 0 2
95 33 0 2
95 34 0 2
95 35 0 2
95 36 0 2
95 37 0 2
95 38 0 2
95 39 0 2
95 40 0 2
95 41 0 2
95 42 0 2
95 43 0 2
95 44 0 2
95 45 0 2
95 46 0 2
95 47 0 2
95 48 0 2
95 49 0 2
95 50 0 2
95 51 0 2
95 52 0 2
95 53 0 2
95 54 0 2
95 55 0 2
95 56 0 2
95 57 0 2
95 58 0 2
95 59 0 2
95 60 0 2
95 61 0 2
95 62 0 2
95 63 0 2
95 64 0 2
95 65 0 2
95 66 0 2
95 67 0 2
95 68 0 2
95 69 0 2
95 70 0 3
95 71 0 2
95 72 0 2
95 73 0 2
95 74 0 2
95 75 0 2
95 76 0 2
95 77 0 2
95 78 2 3
95 79 4 14
95 80 0 3
95 81 2 3
95 82 3 5
95 83 6 10
95 84 3 10
95 85 0 4
95 86 4 9
95 87 6 9
95 88 3 9
95 89 7 11
95 90 2 11
95 91 4 15
95 92 0 2
95 93 1 8
95 94 2 12
95 95 1 3
95 96 1 3
95 97 0 2
95 98 7 11
95 99 6 12
95 100 0 9
96 1 1 3
96 2 0 2
96 3 0 2
96 4 1 3
96 5 0 2
96 6 1 3
96 7 0 2
96 8 0 2
96 9 1 3
96 10 0 2
96 11 0 2
96 12 0 2
96 13 0 2
96 14 1 3
96 15 0 2
96 16 0 2
96 17 0 2
96 18 0 2
96 19 0 2
96 20 0 3
96 21 0 2
96 22 0 2
96 23 0 2
96 24 0 2
96 25 0 2
96 26 0 2
96 27 0 2
96 28 0 2
96 29 0 2
96 30 0 2
96 31 0 2
96 32 0 2
96 33 0 2
96 34 0 2
96 35 0 2
96 36 0 2
96 37 0 2
96 38 0 2
96 39 0 2
96 40 0 2
96 41 0 2
96 42 0 2
96 43 0 2
96 44 1 3
96 45 0 2
96 46 0 2
96 47 0 2
96 48 0 2
96 49 0 2
96 50 0 2
96 51 0 2
96 52 0 2
96 53 0 2
96 54 0 2
96 55 0 2
96 56 0 2
96 57 0 2
96 58 1 3
96 59 0 2
96 60 0 2
96 61 0 2
96 62 0 2
96 63 0 2
96 64 0 2
96 65 1 3
96 66 0 2
96 67 0 2
96 68 0 2
96 69 0 2
96 70 1 13
96 71 4 13
96 72 0 3
96 73 7 13
96 74 0 2
96 75 0 3
96 76 2 4
96 77 6 12
96 78 1 5
96 79 4 10
96 80 1 2
96 81 1 3
96 82 4 8
96 83 8 13
96 84 5 11
96 85 2 13
96 86 0 2
96 87 0 2
96 88 0 2
96 89 3 8
96 90 2 3
96 91 0 2
96 92 0 2
96 93 1 3
96 94 1 3
96 95 3 7
96 96 3 10
96 97 3 9
96 98 2 3
96 99 8 13
96 100 1 3
97 1 6 14
97 2 1 3
97 3 0 2
97 4 0 2
97 5 1 3
97 6 0 2
97 7 1 3
97 8 0 2
97 9 0 2
97 10 1 3
97 11 0 2
97 12 0 2
97 13 0 2
97 14 0 2
97 15 1 3
97 16 0 2
97 17 0 2
97 18 0 2
97 19 0 2
97 20 0 2
97 21 0 3
97 22 0 2
97 23 0 2
97 24 0 2
97 25 0 2
97 26 0 2
97 27 0 2
97 28 0 2
97 29 0 2
97 30 0 2
97 31 0 2
97 32 0 2
97 33 0 2
97 34 0 2
97 35 0 2
97 36 0 2
97 37 0 2
97 38 0 2
97 39 0 2
97 40 0 2
97 41 5 12
97 42 0 2
97 43 0 2
97 44 0 2
97 45 0 2
97 46 1 3
97 47 1 3
97 48 0 2
97 49 0 2
97 50 0 2
97 51 0 2
97 52 0 2
97 53 0 2
97 54 0 2
97 55 0 2
97 56 0 2
97 57 0 2
97 58 0 2
97 59 0 2
97 60 0 2
97 61 0 2
97 62 0 2
97 63 0 2
97 64 0 2
97 65 0 2
97 66 0 2
97 67 0 2
97 68 0 2
97 69 0 2
97 70 0 2
97 71 0 2
97 72 0 2
97 73 1 3
97 74 0 2
97 75 0 2
97 76 1 4
97 77 5 13
97 78 2 10
97 79 4 7
97 80 0 2
97 81 0 2
97 82 3 13
97 83 2 11
97 84 1 4
97 85 0 4
97 86 5 13
97 87 0 3
97 88 1 2
97 89 7 15
97 90 1 11
97 91 5 8
97 92 0 2
97 93 0 2
97 94 0 2
97 95 0 2
97 96 0 2
97 97 6 10
97 98 0 2
97 99 0 2
97 100 0 12
98 1 1 3
98 2 0 2
98 3 0 2
98 4 1 3
98 5 0 2
98 6 1 3
98 7 0 2
98 8 0 2
98 9 1 3
98 10 0 2
98 11 0 2
98 12 0 2
98 13 0 2
98 14 1 3
98 15 0 2
98 16 0 2
98 17 0 2
98 18 0 2
98 19 0 2
98 20 0 3
98 21 0 2
98 22 0 2
98 23 0 2
98 24 0 2
98 25 0 2
98 26 0 2
98 27 0 2
98 28 0 2
98 29 0 2
98 30 0 2
98 31 0 2
98 32 0 2
98 33 0 2
98 34 0 2
98 35 0 2
98 36 1 3
98 37 0 2
98 38 0 2
98 39 0 2
98 40 0 2
98 41 0 2
98 42 0 2
98 43 0 2
98 44 0 2
98 45 0 2
98 46 0 2
98 47 0 2
98 48 0 2
98 49 0 2
98 50 0 2
98 51 0 2
98 52 0 2
98 53 0 2
98 54 0 2
98 55 0 2
98 56 1 3
98 57 0 2
98 58 0 2
98 59 0 2
98 60 0 2
98 61 0 2
98 62 0 2
98 63 0 2
98 64 0 2
98 65 0 2
98 66 0 2
98 67 0 2
98 68 0 2
98 69 0 2
98 70 0 2
98 71 0 3
98 72 0 2
98 73 0 2
98 74 0 2
98 75 6 14
98 76 2 3
98 77 7 12
98 78 1 3
98 79 6 9
98 80 3 9
98 81 2 11
98 82 3 11
98 83 5 9
98 84 6 9
98 85 0 2
98 86 0 1
98 87 1 3
98 88 1 2
98 89 0 1
98 90 0 2
98 91 0 2
98 92 1 3
98 93 0 2
98 94 2 4
98 95 5 12
98 96 1 5
98 97 2 12
98 98 5 15
98 99 2 8
98 100 3 8
99 1 1 3
99 2 0 2
99 3 0 2
99 4 1 3
99 5 0 2
99 6 1 3
99 7 0 2
99 8 0 2
99 9 1 3
99 10 0 2
99 11 0 2
99 12 0 2
99 13 0 2
99 14 1 3
99 15 0 2
99 16 0 2
99 17 0 2
99 18 0 2
99 19 0 2
99 20 0 3
99 21 0 2
99 22 0 2
99 23 0 2
99 24 0 2
99 25 0 2
99 26 0 2
99 27 0 2
99 28 0 2
99 29 0 2
99 30 0 2
99 31 0 2
99 32 0 2
99 33 0 2
99 34 0 2
99 35 0 2
99 36 0 2
99 37 0 2
99 38 0 2
99 39 1 3
99 40 0 2
99 41 0 2
99 42 0 2
99 43 0 2
99 44 0 2
99 45 0 2
99 46 0 2
99 47 0 2
99 48 0 2
99 49 0 2
99 50 0 2
99 51 0 2
99 52 0 2
99 53 0 2
99 54 1 3
99 55 0 2
99 56 0 2
99 57 0 2
99 58 1 3
99 59 0 2
99 60 0 2
99 61 0 2
99 62 0 2
99 63 0 2
99 64 0 2
99 65 0 2
99 66 5 13
99 67 3 14
99 68 2 8
99 69 0 2
99 70 6 14
99 71 5 6
99 72 3 9
99 73 5 11
99 74 2 3
99 75 2 3
99 76 1 2
99 77 6 10
99 78 5 8
99 79 11 14
99 80 3 10
99 81 3 9
99 82 0 2
99 83 1 4
99 84 0 2
99 85 0 2
99 86 0 2
99 87 0 2
99 88 1 9
99 89 2 12
99 90 1 2
99 91 0 2
99 92 1 3
99 93 3 13
99 94 1 3
99 95 2 3
99 96 5 9
99 97 3 14
99 98 4 12
99 99 9 15
99 100 1 3
