1 1 2 6
1 2 4 10
1 3 4 13
1 4 5 9
1 5 3 6
1 6 3 6
1 7 3 6
1 8 2 10
1 9 6 13
1 10 2 9
1 11 5 13
1 12 4 14
1 13 3 10
1 14 4 11
1 15 2 14
1 16 4 10
1 17 4 10
1 18 7 12
1 19 6 13
1 20 4 6
1 21 4 7
1 22 4 7
1 23 4 14
1 24 4 12
1 25 4 12
1 26 7 13
1 27 3 6
1 28 4 13
1 29 5 11
1 30 4 12
1 31 3 9
1 32 6 10
1 33 3 6
1 34 3 8
1 35 4 11
1 36 6 13
1 37 6 14
1 38 3 7
1 39 3 11
1 40 15 15
1 41 6 14
1 42 3 6
1 43 2 11
1 44 7 14
1 45 7 14
1 46 5 15
1 47 4 14
1 48 4 6
1 49 2 7
1 50 2 7
1 51 3 7
1 52 4 13
1 53 5 11
1 54 2 4
1 55 6 9
1 56 2 6
1 57 2 6
1 58 5 12
1 59 6 14
1 60 3 7
1 61 3 13
1 62 3 9
1 63 6 13
1 64 3 13
1 65 5 12
1 66 2 9
1 67 3 6
1 68 4 13
1 69 4 9
1 70 4 8
1 71 6 12
1 72 7 12
1 73 5 11
1 74 3 10
1 75 5 12
1 76 6 10
1 77 4 10
1 78 5 10
1 79 4 10
1 80 5 10
1 81 8 11
1 82 3 9
1 83 4 6
1 84 4 6
1 85 4 6
1 86 4 6
1 87 4 6
1 88 4 6
1 89 7 12
1 90 3 10
1 91 4 11
1 92 5 12
1 93 4 11
1 94 4 11
1 95 3 10
1 96 3 6
1 97 4 6
1 98 4 12
1 99 2 9
1 100 3 9
2 1 4 10
2 2 6 13
2 3 2 6
2 4 2 6
2 5 2 9
2 6 3 6
2 7 3 6
2 8 6 13
2 9 6 13
2 10 4 7
2 11 4 6
2 12 3 10
2 13 4 13
2 14 8 13
2 15 5 14
2 16 4 10
2 17 3 7
2 18 2 4
2 19 5 9
2 20 2 9
2 21 2 9
2 22 3 8
2 23 2 10
2 24 4 11
2 25 4 7
2 26 4 7
2 27 5 13
2 28 2 14
2 29 4 10
2 30 6 13
2 31 4 6
2 32 3 6
2 33 3 6
2 34 3 6
2 35 3 6
2 36 3 6
2 37 3 6
2 38 4 12
2 39 3 7
2 40 5 13
2 41 4 14
2 42 4 14
2 43 5 13
2 44 4 13
2 45 4 12
2 46 7 12
2 47 6 13
2 48 3 11
2 49 2 7
2 50 3 6
2 51 3 6
2 52 6 11
2 53 4 12
2 54 7 13
2 55 3 11
2 56 4 7
2 57 4 11
2 58 5 12
2 59 5 11
2 60 4 9
2 61 7 10
2 62 4 11
2 63 3 6
2 64 3 6
2 65 3 9
2 66 5 11
2 67 3 7
2 68 3 14
2 69 3 7
2 70 4 6
2 71 4 13
2 72 3 7
2 73 4 9
2 74 3 11
2 75 6 13
2 76 4 8
2 77 6 12
2 78 3 6
2 79 2 6
2 80 2 12
2 81 5 10
2 82 5 11
2 83 5 7
2 84 4 6
2 85 4 14
2 86 1 9
2 87 2 4
2 88 3 8
2 89 3 10
2 90 2 6
2 91 5 11
2 92 3 6
2 93 3 7
2 94 4 8
2 95 2 7
2 96 4 10
2 97 6 11
2 98 2 7
2 99 3 9
2 100 2 6
3 1 4 10
3 2 6 13
3 3 2 6
3 4 2 6
3 5 2 6
3 6 2 6
3 7 3 6
3 8 3 6
3 9 2 9
3 10 2 8
3 11 3 7
3 12 4 13
3 13 6 13
3 14 3 7
3 15 2 4
3 16 2 4
3 17 2 4
3 18 3 7
3 19 5 14
3 20 6 13
3 21 2 4
3 22 2 14
3 23 4 12
3 24 4 14
3 25 8 13
3 26 2 9
3 27 3 7
3 28 3 6
3 29 8 12
3 30 4 10
3 31 5 9
3 32 2 5
3 33 4 7
3 34 4 6
3 35 3 10
3 36 4 10
3 37 2 10
3 38 5 13
3 39 6 9
3 40 3 9
3 41 5 14
3 42 4 10
3 43 6 13
3 44 3 4
3 45 6 11
3 46 6 10
3 47 4 6
3 48 4 7
3 49 4 7
3 50 4 11
3 51 3 12
3 52 2 12
3 53 2 10
3 54 3 8
3 55 2 10
3 56 3 6
3 57 3 6
3 58 3 6
3 59 3 6
3 60 3 6
3 61 3 6
3 62 3 6
3 63 3 6
3 64 2 6
3 65 2 9
3 66 5 8
3 67 7 13
3 68 8 11
3 69 3 5
3 70 5 10
3 71 4 9
3 72 2 7
3 73 2 5
3 74 2 7
3 75 3 10
3 76 2 6
3 77 2 5
3 78 4 8
3 79 4 10
3 80 3 8
3 81 3 6
3 82 2 6
3 83 4 8
3 84 3 7
3 85 4 10
3 86 4 7
3 87 6 9
3 88 2 6
3 89 1 4
3 90 5 13
3 91 5 12
3 92 2 6
3 93 2 5
3 94 2 9
3 95 4 5
3 96 2 6
3 97 2 4
3 98 1 4
3 99 4 8
3 100 3 9
4 1 2 14
4 2 3 7
4 3 4 10
4 4 2 6
4 5 2 6
4 6 2 6
4 7 2 6
4 8 1 2
4 9 2 6
4 10 2 3
4 11 2 3
4 12 2 6
4 13 2 6
4 14 5 14
4 15 4 10
4 16 6 13
4 17 4 12
4 18 2 5
4 19 2 9
4 20 2 8
4 21 3 6
4 22 3 6
4 23 3 6
4 24 2 5
4 25 4 13
4 26 4 12
4 27 5 14
4 28 6 13
4 29 3 7
4 30 2 4
4 31 2 4
4 32 2 4
4 33 2 4
4 34 2 4
4 35 2 4
4 36 2 4
4 37 2 4
4 38 2 4
4 39 3 7
4 40 3 7
4 41 3 7
4 42 4 11
4 43 4 9
4 44 4 14
4 45 2 4
4 46 2 4
4 47 3 10
4 48 2 4
4 49 8 13
4 50 2 9
4 51 4 10
4 52 3 6
4 53 3 6
4 54 2 9
4 55 6 12
4 56 4 6
4 57 7 10
4 58 4 6
4 59 3 6
4 60 3 6
4 61 4 10
4 62 6 12
4 63 6 13
4 64 3 4
4 65 2 8
4 66 2 8
4 67 5 12
4 68 5 8
4 69 1 6
4 70 4 5
4 71 8 12
4 72 3 12
4 73 4 9
4 74 3 7
4 75 6 10
4 76 2 9
4 77 4 8
4 78 2 5
4 79 5 6
4 80 3 7
4 81 1 6
4 82 6 14
4 83 2 5
4 84 2 5
4 85 2 5
4 86 3 9
4 87 2 4
4 88 3 9
4 89 4 7
4 90 2 9
4 91 5 11
4 92 3 14
4 93 2 6
4 94 3 5
4 95 4 6
4 96 4 10
4 97 4 6
4 98 4 12
4 99 3 9
4 100 5 13
5 1 4 10
5 2 4 10
5 3 2 14
5 4 2 6
5 5 2 6
5 6 2 6
5 7 2 6
5 8 1 2
5 9 2 6
5 10 2 3
5 11 2 3
5 12 2 6
5 13 2 6
5 14 2 3
5 15 2 4
5 16 2 6
5 17 2 3
5 18 2 6
5 19 2 3
5 20 2 3
5 21 2 6
5 22 2 3
5 23 2 6
5 24 3 6
5 25 2 3
5 26 5 14
5 27 3 7
5 28 4 12
5 29 2 9
5 30 2 8
5 31 3 6
5 32 3 6
5 33 3 6
5 34 4 8
5 35 3 6
5 36 6 13
5 37 2 5
5 38 3 8
5 39 4 13
5 40 4 11
5 41 6 13
5 42 2 7
5 43 3 7
5 44 4 8
5 45 3 9
5 46 4 9
5 47 2 4
5 48 2 4
5 49 2 4
5 50 2 4
5 51 2 4
5 52 2 4
5 53 5 14
5 54 2 4
5 55 2 4
5 56 2 4
5 57 2 4
5 58 2 4
5 59 2 4
5 60 2 4
5 61 2 4
5 62 2 4
5 63 2 4
5 64 2 4
5 65 2 4
5 66 2 4
5 67 2 4
5 68 8 10
5 69 4 12
5 70 3 6
5 71 8 8
5 72 2 5
5 73 2 4
5 74 6 7
5 75 3 11
5 76 5 12
5 77 4 12
5 78 4 9
5 79 2 5
5 80 2 6
5 81 2 4
5 82 2 4
5 83 4 9
5 84 3 7
5 85 7 9
5 86 3 8
5 87 3 9
5 88 5 11
5 89 3 9
5 90 2 5
5 91 2 4
5 92 3 13
5 93 3 9
5 94 1 4
5 95 4 11
5 96 2 4
5 97 2 4
5 98 4 11
5 99 2 4
5 100 2 4
6 1 3 7
6 2 4 12
6 3 2 6
6 4 2 6
6 5 2 6
6 6 2 6
6 7 1 2
6 8 2 6
6 9 2 3
6 10 2 3
6 11 2 6
6 12 2 6
6 13 2 3
6 14 2 4
6 15 2 6
6 16 2 3
6 17 2 6
6 18 2 3
6 19 2 3
6 20 2 6
6 21 2 3
6 22 2 6
6 23 3 6
6 24 2 3
6 25 2 3
6 26 1 3
6 27 2 4
6 28 2 3
6 29 2 6
6 30 2 3
6 31 2 3
6 32 2 3
6 33 2 3
6 34 2 3
6 35 2 3
6 36 2 3
6 37 3 9
6 38 2 3
6 39 1 3
6 40 2 6
6 41 2 3
6 42 2 3
6 43 2 3
6 44 5 14
6 45 2 9
6 46 4 9
6 47 2 8
6 48 8 13
6 49 3 6
6 50 5 10
6 51 4 10
6 52 3 8
6 53 6 13
6 54 2 13
6 55 2 14
6 56 2 4
6 57 2 4
6 58 2 4
6 59 2 4
6 60 2 4
6 61 2 4
6 62 2 4
6 63 2 4
6 64 2 4
6 65 2 4
6 66 2 4
6 67 2 4
6 68 2 4
6 69 2 4
6 70 2 4
6 71 2 7
6 72 5 9
6 73 7 12
6 74 4 10
6 75 2 4
6 76 2 5
6 77 4 10
6 78 2 6
6 79 5 7
6 80 3 7
6 81 3 7
6 82 2 7
6 83 1 5
6 84 2 4
6 85 3 10
6 86 3 12
6 87 4 7
6 88 4 10
6 89 5 10
6 90 3 5
6 91 2 4
6 92 2 4
6 93 2 5
6 94 5 12
6 95 2 4
6 96 2 3
6 97 3 9
6 98 4 7
6 99 1 5
6 100 2 4
7 1 4 13
7 2 3 7
7 3 4 12
7 4 2 6
7 5 2 6
7 6 2 6
7 7 2 6
7 8 1 2
7 9 2 6
7 10 2 3
7 11 2 3
7 12 2 6
7 13 2 6
7 14 2 3
7 15 2 4
7 16 2 6
7 17 2 3
7 18 2 6
7 19 2 3
7 20 2 3
7 21 2 6
7 22 2 3
7 23 2 6
7 24 3 6
7 25 2 3
7 26 2 3
7 27 1 3
7 28 2 4
7 29 2 3
7 30 2 6
7 31 2 3
7 32 2 3
7 33 1 3
7 34 2 3
7 35 2 3
7 36 1 2
7 37 2 3
7 38 2 3
7 39 2 3
7 40 2 3
7 41 2 3
7 42 2 3
7 43 2 3
7 44 1 3
7 45 2 3
7 46 2 3
7 47 2 3
7 48 2 3
7 49 2 3
7 50 2 3
7 51 2 3
7 52 2 3
7 53 2 3
7 54 2 3
7 55 2 3
7 56 2 3
7 57 2 3
7 58 2 3
7 59 2 3
7 60 2 3
7 61 2 3
7 62 2 5
7 63 6 13
7 64 4 13
7 65 2 4
7 66 2 4
7 67 2 4
7 68 2 4
7 69 4 12
7 70 2 4
7 71 2 4
7 72 2 4
7 73 2 4
7 74 2 4
7 75 2 4
7 76 2 10
7 77 1 4
7 78 2 9
7 79 5 8
7 80 8 9
7 81 8 9
7 82 2 4
7 83 5 9
7 84 5 6
7 85 4 12
7 86 4 9
7 87 5 8
7 88 1 3
7 89 2 3
7 90 4 6
7 91 1 3
7 92 3 9
7 93 2 8
7 94 2 5
7 95 3 8
7 96 5 13
7 97 2 3
7 98 2 3
7 99 2 4
7 100 2 4
8 1 2 6
8 2 2 6
8 3 2 6
8 4 2 6
8 5 1 2
8 6 2 6
8 7 2 3
8 8 2 3
8 9 2 6
8 10 2 6
8 11 2 3
8 12 2 4
8 13 2 6
8 14 2 3
8 15 2 6
8 16 2 3
8 17 2 3
8 18 2 6
8 19 2 3
8 20 2 6
8 21 3 6
8 22 2 3
8 23 2 3
8 24 1 3
8 25 2 4
8 26 2 3
8 27 2 6
8 28 2 3
8 29 2 3
8 30 2 3
8 31 2 3
8 32 1 2
8 33 2 3
8 34 2 3
8 35 2 3
8 36 2 3
8 37 2 3
8 38 2 3
8 39 1 3
8 40 2 3
8 41 1 3
8 42 2 3
8 43 1 3
8 44 1 3
8 45 2 3
8 46 2 3
8 47 2 3
8 48 2 3
8 49 2 3
8 50 2 3
8 51 2 3
8 52 2 3
8 53 2 3
8 54 2 3
8 55 2 3
8 56 2 3
8 57 2 3
8 58 2 3
8 59 4 11
8 60 3 7
8 61 6 11
8 62 5 11
8 63 4 12
8 64 5 7
8 65 3 6
8 66 2 4
8 67 10 13
8 68 6 13
8 69 2 4
8 70 2 4
8 71 6 10
8 72 4 13
8 73 5 10
8 74 3 9
8 75 6 12
8 76 2 3
8 77 2 3
8 78 2 3
8 79 2 3
8 80 2 3
8 81 8 12
8 82 7 13
8 83 7 14
8 84 2 5
8 85 2 12
8 86 4 6
8 87 2 3
8 88 2 8
8 89 2 3
8 90 2 3
8 91 2 4
8 92 3 8
8 93 3 10
8 94 5 11
8 95 3 10
8 96 8 11
8 97 7 10
8 98 2 6
8 99 4 11
8 100 2 5
9 1 8 9
9 2 2 6
9 3 2 6
9 4 2 6
9 5 2 6
9 6 1 2
9 7 2 6
9 8 2 3
9 9 2 3
9 10 2 6
9 11 2 6
9 12 2 3
9 13 2 4
9 14 2 6
9 15 2 3
9 16 2 6
9 17 2 3
9 18 2 3
9 19 2 6
9 20 2 3
9 21 2 6
9 22 3 6
9 23 2 3
9 24 2 3
9 25 1 3
9 26 2 4
9 27 2 3
9 28 2 6
9 29 2 3
9 30 2 3
9 31 2 3
9 32 2 3
9 33 2 3
9 34 2 3
9 35 2 3
9 36 2 3
9 37 2 3
9 38 2 3
9 39 1 2
9 40 2 3
9 41 2 6
9 42 2 3
9 43 2 3
9 44 2 3
9 45 2 3
9 46 2 3
9 47 1 3
9 48 1 3
9 49 2 3
9 50 2 3
9 51 1 3
9 52 1 3
9 53 1 3
9 54 2 3
9 55 2 3
9 56 2 3
9 57 2 3
9 58 1 3
9 59 2 3
9 60 2 3
9 61 2 3
9 62 2 3
9 63 1 2
9 64 2 3
9 65 2 3
9 66 2 3
9 67 1 3
9 68 2 3
9 69 2 3
9 70 2 3
9 71 2 3
9 72 2 3
9 73 1 3
9 74 2 4
9 75 4 9
9 76 3 7
9 77 4 11
9 78 2 4
9 79 3 9
9 80 4 11
9 81 6 13
9 82 3 14
9 83 3 8
9 84 3 7
9 85 5 10
9 86 9 14
9 87 4 9
9 88 2 5
9 89 2 8
9 90 4 9
9 91 2 3
9 92 2 3
9 93 2 3
9 94 2 5
9 95 9 13
9 96 3 7
9 97 0 4
9 98 4 11
9 99 4 6
9 100 2 3
10 1 2 6
10 2 2 6
10 3 2 6
10 4 2 6
10 5 1 2
10 6 2 6
10 7 2 3
10 8 2 3
10 9 2 6
10 10 2 6
10 11 2 3
10 12 2 4
10 13 2 6
10 14 2 3
10 15 2 6
10 16 2 3
10 17 2 3
10 18 2 6
10 19 2 3
10 20 2 6
10 21 3 6
10 22 2 3
10 23 2 3
10 24 1 3
10 25 2 4
10 26 2 3
10 27 2 6
10 28 2 3
10 29 2 3
10 30 2 3
10 31 2 3
10 32 1 3
10 33 2 3
10 34 2 3
10 35 2 3
10 36 2 3
10 37 2 3
10 38 2 3
10 39 2 3
10 40 2 5
10 41 1 3
10 42 2 3
10 43 1 3
10 44 2 3
10 45 1 3
10 46 2 3
10 47 2 3
10 48 2 3
10 49 2 3
10 50 2 3
10 51 2 3
10 52 2 3
10 53 1 3
10 54 1 3
10 55 2 3
10 56 2 3
10 57 2 3
10 58 1 2
10 59 1 3
10 60 2 3
10 61 2 3
10 62 2 3
10 63 2 3
10 64 2 3
10 65 2 3
10 66 2 3
10 67 2 3
10 68 1 3
10 69 2 3
10 70 1 3
10 71 3 8
10 72 8 9
10 73 4 10
10 74 4 8
10 75 5 10
10 76 2 4
10 77 5 11
10 78 4 8
10 79 2 10
10 80 4 6
10 81 2 3
10 82 4 11
10 83 5 11
10 84 1 3
10 85 4 11
10 86 2 3
10 87 2 3
10 88 2 3
10 89 2 3
10 90 2 3
10 91 5 13
10 92 4 9
10 93 3 4
10 94 2 3
10 95 2 3
10 96 2 3
10 97 5 13
10 98 2 5
10 99 2 6
10 100 2 4
11 1 2 4
11 2 2 4
11 3 6 14
11 4 2 5
11 5 2 6
11 6 2 6
11 7 2 6
11 8 2 6
11 9 1 2
11 10 2 6
11 11 2 3
11 12 2 3
11 13 2 6
11 14 2 6
11 15 2 3
11 16 2 4
11 17 2 6
11 18 2 3
11 19 2 6
11 20 2 3
11 21 2 3
11 22 2 6
11 23 2 3
11 24 2 6
11 25 3 6
11 26 2 3
11 27 2 3
11 28 1 3
11 29 2 4
11 30 2 3
11 31 2 6
11 32 2 3
11 33 2 3
11 34 2 3
11 35 2 3
11 36 2 3
11 37 2 3
11 38 2 3
11 39 2 3
11 40 1 3
11 41 2 3
11 42 2 3
11 43 3 4
11 44 2 6
11 45 2 3
11 46 2 3
11 47 1 3
11 48 2 3
11 49 2 3
11 50 2 3
11 51 2 3
11 52 2 3
11 53 2 3
11 54 2 3
11 55 2 6
11 56 2 3
11 57 2 3
11 58 2 3
11 59 1 3
11 60 1 3
11 61 2 3
11 62 2 3
11 63 2 3
11 64 2 3
11 65 2 3
11 66 2 3
11 67 1 3
11 68 2 3
11 69 7 14
11 70 4 10
11 71 5 13
11 72 7 13
11 73 5 13
11 74 2 4
11 75 2 4
11 76 2 3
11 77 5 13
11 78 5 11
11 79 6 12
11 80 6 12
11 81 8 13
11 82 1 4
11 83 4 9
11 84 3 8
11 85 1 3
11 86 7 10
11 87 2 5
11 88 4 11
11 89 5 12
11 90 8 14
11 91 2 3
11 92 5 10
11 93 3 8
11 94 6 12
11 95 3 12
11 96 8 13
11 97 4 10
11 98 4 11
11 99 4 11
11 100 3 7
12 1 4 11
12 2 5 14
12 3 2 6
12 4 2 6
12 5 2 6
12 6 2 6
12 7 1 2
12 8 2 6
12 9 2 3
12 10 2 3
12 11 2 6
12 12 2 6
12 13 2 3
12 14 2 4
12 15 2 6
12 16 2 3
12 17 2 6
12 18 2 3
12 19 2 3
12 20 2 6
12 21 2 3
12 22 2 6
12 23 3 6
12 24 2 3
12 25 2 3
12 26 1 3
12 27 2 4
12 28 2 3
12 29 2 3
12 30 1 3
12 31 2 3
12 32 1 3
12 33 1 3
12 34 2 3
12 35 1 3
12 36 2 3
12 37 2 3
12 38 2 3
12 39 1 3
12 40 1 3
12 41 2 3
12 42 2 3
12 43 2 3
12 44 4 6
12 45 2 3
12 46 1 3
12 47 2 3
12 48 2 3
12 49 2 3
12 50 2 3
12 51 2 3
12 52 2 3
12 53 2 3
12 54 2 3
12 55 2 3
12 56 2 3
12 57 2 3
12 58 2 3
12 59 4 8
12 60 1 5
12 61 4 6
12 62 5 9
12 63 2 4
12 64 2 4
12 65 2 4
12 66 2 4
12 67 2 5
12 68 6 14
12 69 4 11
12 70 7 14
12 71 5 9
12 72 4 11
12 73 2 3
12 74 1 5
12 75 4 11
12 76 2 5
12 77 2 3
12 78 3 9
12 79 2 4
12 80 4 12
12 81 7 10
12 82 1 4
12 83 5 10
12 84 6 11
12 85 6 12
12 86 2 4
12 87 2 4
12 88 8 12
12 89 6 9
12 90 5 11
12 91 5 14
12 92 3 7
12 93 2 3
12 94 4 6
12 95 2 10
12 96 2 3
12 97 3 11
12 98 2 7
12 99 3 9
12 100 2 3
13 1 2 6
13 2 2 6
13 3 2 6
13 4 2 6
13 5 1 2
13 6 2 6
13 7 2 3
13 8 2 3
13 9 2 6
13 10 2 6
13 11 2 3
13 12 2 4
13 13 2 6
13 14 2 3
13 15 2 6
13 16 2 3
13 17 2 3
13 18 2 6
13 19 2 3
13 20 2 6
13 21 3 6
13 22 2 3
13 23 2 3
13 24 1 3
13 25 2 4
13 26 2 3
13 27 2 3
13 28 1 3
13 29 2 3
13 30 2 3
13 31 2 3
13 32 2 3
13 33 1 3
13 34 2 3
13 35 2 3
13 36 2 3
13 37 1 3
13 38 2 3
13 39 2 3
13 40 2 3
13 41 2 3
13 42 1 3
13 43 2 3
13 44 2 3
13 45 2 3
13 46 2 3
13 47 2 3
13 48 2 3
13 49 2 3
13 50 2 3
13 51 2 3
13 52 2 3
13 53 1 3
13 54 2 3
13 55 2 3
13 56 1 3
13 57 2 3
13 58 1 3
13 59 1 5
13 60 4 11
13 61 5 6
13 62 5 9
13 63 2 4
13 64 2 4
13 65 2 4
13 66 4 14
13 67 4 9
13 68 5 14
13 69 1 3
13 70 1 3
13 71 2 9
13 72 2 5
13 73 2 4
13 74 2 4
13 75 2 4
13 76 2 3
13 77 2 3
13 78 2 3
13 79 2 3
13 80 4 12
13 81 3 12
13 82 5 13
13 83 2 4
13 84 3 9
13 85 2 3
13 86 2 3
13 87 2 3
13 88 2 3
13 89 7 12
13 90 3 11
13 91 5 13
13 92 1 5
13 93 4 9
13 94 2 3
13 95 2 3
13 96 9 12
13 97 2 8
13 98 2 5
13 99 5 13
13 100 6 13
14 1 3 6
14 2 2 6
14 3 2 6
14 4 2 6
14 5 2 6
14 6 1 2
14 7 2 6
14 8 2 3
14 9 2 3
14 10 2 6
14 11 2 6
14 12 2 3
14 13 2 4
14 14 2 6
14 15 2 3
14 16 2 6
14 17 2 3
14 18 2 3
14 19 2 6
14 20 2 3
14 21 2 6
14 22 3 6
14 23 2 3
14 24 2 3
14 25 1 3
14 26 2 4
14 27 2 3
14 28 2 3
14 29 1 3
14 30 2 3
14 31 2 3
14 32 2 3
14 33 2 3
14 34 2 3
14 35 2 3
14 36 3 6
14 37 0 1
14 38 2 3
14 39 2 3
14 40 2 3
14 41 2 3
14 42 2 3
14 43 1 3
14 44 1 3
14 45 2 3
14 46 1 3
14 47 2 3
14 48 2 3
14 49 2 3
14 50 1 3
14 51 2 3
14 52 2 3
14 53 2 3
14 54 2 3
14 55 2 3
14 56 2 3
14 57 1 3
14 58 1 3
14 59 2 3
14 60 2 3
14 61 2 3
14 62 1 3
14 63 2 3
14 64 2 3
14 65 2 6
14 66 4 10
14 67 1 5
14 68 4 7
14 69 6 13
14 70 11 14
14 71 4 11
14 72 3 5
14 73 2 4
14 74 2 4
14 75 2 4
14 76 2 4
14 77 2 3
14 78 2 3
14 79 2 7
14 80 4 10
14 81 1 3
14 82 7 15
14 83 4 12
14 84 3 7
14 85 4 11
14 86 3 8
14 87 2 7
14 88 2 4
14 89 2 4
14 90 4 7
14 91 2 3
14 92 2 3
14 93 2 3
14 94 1 12
14 95 2 12
14 96 4 7
14 97 4 9
14 98 1 4
14 99 2 5
14 100 4 11
15 1 1 5
15 2 1 8
15 3 3 6
15 4 2 6
15 5 2 6
15 6 2 6
15 7 2 6
15 8 1 2
15 9 2 6
15 10 2 3
15 11 2 3
15 12 2 6
15 13 2 6
15 14 2 3
15 15 2 4
15 16 2 6
15 17 2 3
15 18 2 6
15 19 2 3
15 20 2 3
15 21 2 6
15 22 2 3
15 23 2 6
15 24 3 6
15 25 2 3
15 26 2 3
15 27 1 3
15 28 2 4
15 29 2 3
15 30 2 3
15 31 1 3
15 32 2 3
15 33 2 3
15 34 2 3
15 35 1 3
15 36 2 3
15 37 2 3
15 38 2 3
15 39 1 3
15 40 2 3
15 41 2 3
15 42 2 3
15 43 2 3
15 44 2 6
15 45 1 3
15 46 2 3
15 47 2 3
15 48 2 3
15 49 2 3
15 50 2 3
15 51 2 3
15 52 2 3
15 53 1 2
15 54 2 3
15 55 2 3
15 56 1 3
15 57 2 3
15 58 2 3
15 59 2 3
15 60 2 3
15 61 2 3
15 62 2 3
15 63 2 3
15 64 2 3
15 65 2 4
15 66 2 3
15 67 2 3
15 68 0 1
15 69 2 3
15 70 2 3
15 71 2 3
15 72 4 6
15 73 6 14
15 74 4 11
15 75 3 7
15 76 2 3
15 77 2 3
15 78 2 3
15 79 1 4
15 80 2 4
15 81 2 4
15 82 2 5
15 83 5 12
15 84 7 10
15 85 3 12
15 86 1 3
15 87 1 3
15 88 3 9
15 89 4 8
15 90 2 10
15 91 6 12
15 92 4 9
15 93 2 7
15 94 4 11
15 95 2 4
15 96 1 3
15 97 5 10
15 98 3 8
15 99 4 6
15 100 4 7
16 1 1 8
16 2 2 6
16 3 2 6
16 4 2 6
16 5 2 6
16 6 1 2
16 7 2 6
16 8 2 3
16 9 2 3
16 10 2 6
16 11 2 6
16 12 2 3
16 13 2 4
16 14 2 6
16 15 2 3
16 16 2 6
16 17 2 3
16 18 2 3
16 19 2 6
16 20 2 3
16 21 2 6
16 22 3 6
16 23 2 3
16 24 2 3
16 25 1 3
16 26 2 4
16 27 2 3
16 28 2 3
16 29 2 3
16 30 2 3
16 31 2 3
16 32 2 3
16 33 2 3
16 34 1 3
16 35 2 3
16 36 2 3
16 37 2 3
16 38 2 3
16 39 2 3
16 40 2 3
16 41 2 3
16 42 1 2
16 43 2 3
16 44 1 3
16 45 1 3
16 46 2 3
16 47 2 3
16 48 2 3
16 49 2 3
16 50 1 3
16 51 2 3
16 52 1 3
16 53 2 3
16 54 2 3
16 55 1 3
16 56 2 3
16 57 2 3
16 58 2 3
16 59 2 3
16 60 2 3
16 61 2 3
16 62 2 3
16 63 1 2
16 64 2 3
16 65 3 6
16 66 1 5
16 67 3 8
16 68 2 8
16 69 7 11
16 70 5 13
16 71 5 11
16 72 6 7
16 73 4 7
16 74 3 7
16 75 1 5
16 76 2 4
16 77 5 10
16 78 3 6
16 79 2 3
16 80 2 3
16 81 2 3
16 82 2 3
16 83 4 6
16 84 1 3
16 85 1 3
16 86 1 5
16 87 1 3
16 88 5 8
16 89 3 4
16 90 2 3
16 91 2 3
16 92 6 10
16 93 5 11
16 94 10 15
16 95 3 11
16 96 2 7
16 97 2 5
16 98 2 5
16 99 5 13
16 100 2 6
17 1 1 8
17 2 2 6
17 3 2 6
17 4 2 6
17 5 2 6
17 6 1 2
17 7 2 6
17 8 2 3
17 9 2 3
17 10 2 6
17 11 2 6
17 12 2 3
17 13 2 4
17 14 2 6
17 15 2 3
17 16 2 6
17 17 2 3
17 18 2 3
17 19 2 6
17 20 2 3
17 21 2 6
17 22 3 6
17 23 2 3
17 24 2 3
17 25 1 3
17 26 2 4
17 27 2 3
17 28 2 3
17 29 2 3
17 30 2 3
17 31 2 3
17 32 2 3
17 33 2 3
17 34 2 3
17 35 2 3
17 36 2 3
17 37 2 3
17 38 1 3
17 39 1 3
17 40 1 2
17 41 2 3
17 42 2 3
17 43 2 3
17 44 2 3
17 45 1 3
17 46 2 3
17 47 1 3
17 48 2 3
17 49 2 4
17 50 1 3
17 51 2 3
17 52 2 3
17 53 2 3
17 54 2 3
17 55 2 3
17 56 2 3
17 57 1 3
17 58 1 2
17 59 2 3
17 60 2 3
17 61 2 3
17 62 1 3
17 63 1 3
17 64 2 3
17 65 2 3
17 66 2 3
17 67 2 3
17 68 2 3
17 69 4 12
17 70 5 8
17 71 3 10
17 72 3 5
17 73 7 9
17 74 4 13
17 75 2 5
17 76 1 3
17 77 4 12
17 78 5 13
17 79 2 4
17 80 2 4
17 81 2 3
17 82 2 3
17 83 5 12
17 84 4 14
17 85 5 11
17 86 3 14
17 87 4 9
17 88 5 12
17 89 3 8
17 90 4 11
17 91 2 3
17 92 2 5
17 93 2 11
17 94 2 10
17 95 2 3
17 96 2 7
17 97 3 10
17 98 4 6
17 99 7 13
17 100 3 8
18 1 2 6
18 2 2 6
18 3 2 6
18 4 2 6
18 5 1 2
18 6 2 6
18 7 2 3
18 8 2 3
18 9 2 6
18 10 2 6
18 11 2 3
18 12 2 4
18 13 2 6
18 14 2 3
18 15 2 6
18 16 2 3
18 17 2 3
18 18 2 6
18 19 2 3
18 20 2 6
18 21 3 6
18 22 2 3
18 23 2 3
18 24 1 3
18 25 2 4
18 26 2 3
18 27 2 3
18 28 2 3
18 29 2 3
18 30 2 3
18 31 2 3
18 32 1 3
18 33 1 3
18 34 1 3
18 35 2 3
18 36 2 3
18 37 2 3
18 38 2 3
18 39 2 3
18 40 2 3
18 41 2 3
18 42 2 3
18 43 1 3
18 44 2 3
18 45 1 3
18 46 1 3
18 47 1 3
18 48 2 3
18 49 2 3
18 50 1 3
18 51 2 3
18 52 1 2
18 53 2 3
18 54 2 3
18 55 2 3
18 56 2 3
18 57 1 3
18 58 2 3
18 59 2 3
18 60 2 3
18 61 1 3
18 62 1 3
18 63 2 3
18 64 2 3
18 65 1 3
18 66 1 3
18 67 2 5
18 68 1 8
18 69 3 8
18 70 4 13
18 71 4 8
18 72 2 5
18 73 2 4
18 74 3 8
18 75 4 9
18 76 2 4
18 77 4 13
18 78 1 3
18 79 2 3
18 80 2 3
18 81 6 13
18 82 4 12
18 83 5 10
18 84 4 12
18 85 5 11
18 86 4 12
18 87 2 3
18 88 3 9
18 89 3 12
18 90 2 3
18 91 2 3
18 92 2 3
18 93 1 4
18 94 1 7
18 95 3 8
18 96 6 14
18 97 2 3
18 98 4 6
18 99 6 12
18 100 1 4
19 1 1 3
19 2 2 6
19 3 2 6
19 4 2 6
19 5 2 6
19 6 2 6
19 7 1 2
19 8 2 6
19 9 2 3
19 10 2 3
19 11 2 6
19 12 2 6
19 13 2 3
19 14 2 4
19 15 2 6
19 16 2 3
19 17 2 6
19 18 2 3
19 19 2 3
19 20 2 6
19 21 2 3
19 22 2 6
19 23 3 6
19 24 2 3
19 25 2 3
19 26 1 3
19 27 2 4
19 28 2 3
19 29 2 3
19 30 2 3
19 31 2 3
19 32 2 3
19 33 7 13
19 34 1 3
19 35 1 3
19 36 2 3
19 37 2 3
19 38 2 3
19 39 2 3
19 40 2 3
19 41 2 3
19 42 1 3
19 43 1 3
19 44 2 3
19 45 2 3
19 46 2 3
19 47 2 3
19 48 1 3
19 49 2 3
19 50 1 3
19 51 2 3
19 52 2 3
19 53 2 3
19 54 1 3
19 55 2 3
19 56 2 3
19 57 2 3
19 58 1 3
19 59 2 3
19 60 2 3
19 61 2 3
19 62 2 3
19 63 2 3
19 64 2 3
19 65 1 3
19 66 2 3
19 67 2 3
19 68 2 6
19 69 2 5
19 70 3 6
19 71 1 3
19 72 1 3
19 73 2 9
19 74 4 11
19 75 2 4
19 76 3 11
19 77 3 8
19 78 10 13
19 79 2 3
19 80 2 3
19 81 6 12
19 82 2 5
19 83 5 11
19 84 3 8
19 85 5 12
19 86 3 9
19 87 7 11
19 88 4 9
19 89 4 9
19 90 7 11
19 91 2 3
19 92 2 3
19 93 4 7
19 94 7 13
19 95 3 6
19 96 9 13
19 97 2 3
19 98 2 3
19 99 2 3
19 100 3 8
20 1 2 6
20 2 2 6
20 3 2 6
20 4 2 6
20 5 1 2
20 6 2 6
20 7 2 3
20 8 2 3
20 9 2 6
20 10 2 6
20 11 2 3
20 12 2 4
20 13 2 6
20 14 2 3
20 15 2 6
20 16 2 3
20 17 2 3
20 18 2 6
20 19 2 3
20 20 2 6
20 21 3 6
20 22 2 3
20 23 2 3
20 24 1 3
20 25 2 4
20 26 2 3
20 27 2 3
20 28 2 3
20 29 2 3
20 30 2 3
20 31 1 3
20 32 2 3
20 33 2 3
20 34 1 3
20 35 2 3
20 36 1 3
20 37 2 3
20 38 1 3
20 39 2 3
20 40 2 3
20 41 2 3
20 42 1 3
20 43 2 3
20 44 2 3
20 45 1 3
20 46 1 3
20 47 2 3
20 48 1 3
20 49 2 3
20 50 2 3
20 51 1 3
20 52 2 3
20 53 2 3
20 54 2 3
20 55 2 3
20 56 2 3
20 57 1 3
20 58 2 3
20 59 2 3
20 60 2 3
20 61 2 3
20 62 2 3
20 63 2 3
20 64 2 3
20 65 2 3
20 66 2 3
20 67 3 4
20 68 2 3
20 69 2 6
20 70 3 9
20 71 2 4
20 72 1 3
20 73 1 3
20 74 6 15
20 75 5 15
20 76 2 6
20 77 2 4
20 78 1 5
20 79 3 9
20 80 1 6
20 81 4 12
20 82 7 13
20 83 2 3
20 84 2 3
20 85 2 3
20 86 4 13
20 87 2 4
20 88 4 11
20 89 2 4
20 90 4 10
20 91 4 10
20 92 5 13
20 93 2 3
20 94 2 3
20 95 3 9
20 96 2 3
20 97 3 8
20 98 5 10
20 99 8 13
20 100 4 14
21 1 2 6
21 2 2 6
21 3 2 6
21 4 2 6
21 5 1 2
21 6 2 6
21 7 2 3
21 8 2 3
21 9 2 6
21 10 2 6
21 11 2 3
21 12 2 4
21 13 2 6
21 14 2 3
21 15 2 6
21 16 2 3
21 17 2 3
21 18 2 6
21 19 2 3
21 20 2 6
21 21 3 6
21 22 2 3
21 23 2 3
21 24 1 3
21 25 2 4
21 26 2 3
21 27 2 3
21 28 2 3
21 29 2 3
21 30 2 3
21 31 2 3
21 32 2 3
21 33 2 3
21 34 2 3
21 35 2 3
21 36 2 3
21 37 2 3
21 38 2 3
21 39 2 3
21 40 2 3
21 41 1 3
21 42 2 3
21 43 2 3
21 44 2 3
21 45 1 3
21 46 2 3
21 47 1 3
21 48 2 3
21 49 2 3
21 50 1 3
21 51 2 3
21 52 2 3
21 53 2 3
21 54 2 3
21 55 2 3
21 56 1 3
21 57 2 3
21 58 2 3
21 59 2 3
21 60 1 3
21 61 2 3
21 62 2 3
21 63 2 3
21 64 1 3
21 65 2 3
21 66 1 3
21 67 2 3
21 68 2 3
21 69 1 3
21 70 4 10
21 71 3 5
21 72 5 9
21 73 2 7
21 74 5 13
21 75 2 4
21 76 2 4
21 77 4 10
21 78 2 10
21 79 2 4
21 80 2 6
21 81 2 9
21 82 2 3
21 83 2 3
21 84 4 14
21 85 1 3
21 86 4 9
21 87 2 5
21 88 1 5
21 89 5 9
21 90 3 6
21 91 4 8
21 92 4 10
21 93 2 3
21 94 3 7
21 95 5 9
21 96 8 13
21 97 6 14
21 98 3 13
21 99 2 7
21 100 3 7
22 1 2 6
22 2 2 6
22 3 2 6
22 4 2 6
22 5 1 2
22 6 2 6
22 7 2 3
22 8 2 3
22 9 2 6
22 10 2 6
22 11 2 3
22 12 2 4
22 13 2 6
22 14 2 3
22 15 2 6
22 16 2 3
22 17 2 3
22 18 2 6
22 19 2 3
22 20 2 6
22 21 3 6
22 22 2 3
22 23 2 3
22 24 1 3
22 25 2 4
22 26 2 3
22 27 2 3
22 28 2 3
22 29 2 3
22 30 2 3
22 31 2 3
22 32 1 3
22 33 2 3
22 34 2 3
22 35 2 3
22 36 2 3
22 37 2 3
22 38 2 3
22 39 2 3
22 40 1 3
22 41 2 3
22 42 2 3
22 43 1 3
22 44 2 3
22 45 2 3
22 46 2 3
22 47 2 3
22 48 1 3
22 49 1 3
22 50 1 3
22 51 2 3
22 52 2 3
22 53 2 3
22 54 2 3
22 55 2 3
22 56 2 3
22 57 2 3
22 58 1 3
22 59 2 3
22 60 2 3
22 61 2 3
22 62 2 3
22 63 2 3
22 64 1 3
22 65 2 3
22 66 2 3
22 67 1 3
22 68 2 3
22 69 1 3
22 70 2 3
22 71 2 3
22 72 2 3
22 73 2 3
22 74 2 3
22 75 2 7
22 76 4 8
22 77 5 7
22 78 2 5
22 79 3 7
22 80 6 10
22 81 2 3
22 82 2 3
22 83 2 3
22 84 2 10
22 85 1 3
22 86 5 13
22 87 4 8
22 88 5 11
22 89 3 4
22 90 5 11
22 91 3 8
22 92 2 3
22 93 5 13
22 94 4 13
22 95 2 3
22 96 4 11
22 97 4 14
22 98 2 3
22 99 4 13
22 100 4 9
23 1 2 6
23 2 2 6
23 3 2 6
23 4 2 6
23 5 1 2
23 6 2 6
23 7 2 3
23 8 2 3
23 9 2 6
23 10 2 6
23 11 2 3
23 12 2 4
23 13 2 6
23 14 2 3
23 15 2 6
23 16 2 3
23 17 2 3
23 18 2 6
23 19 2 3
23 20 2 6
23 21 3 6
23 22 2 3
23 23 2 3
23 24 1 3
23 25 2 4
23 26 2 3
23 27 2 3
23 28 2 3
23 29 2 3
23 30 2 3
23 31 2 3
23 32 2 3
23 33 2 3
23 34 1 3
23 35 2 3
23 36 2 3
23 37 2 3
23 38 2 3
23 39 1 3
23 40 2 3
23 41 1 3
23 42 1 3
23 43 2 3
23 44 2 3
23 45 2 3
23 46 2 3
23 47 2 3
23 48 1 3
23 49 2 3
23 50 1 3
23 51 2 4
23 52 2 3
23 53 2 3
23 54 2 3
23 55 2 3
23 56 2 3
23 57 2 3
23 58 2 3
23 59 2 3
23 60 2 3
23 61 1 3
23 62 2 3
23 63 2 3
23 64 2 3
23 65 2 3
23 66 2 3
23 67 1 3
23 68 2 3
23 69 2 3
23 70 2 3
23 71 2 3
23 72 2 3
23 73 2 5
23 74 5 10
23 75 3 6
23 76 2 10
23 77 4 6
23 78 3 9
23 79 3 10
23 80 4 12
23 81 2 3
23 82 2 3
23 83 0 3
23 84 6 13
23 85 4 7
23 86 4 5
23 87 1 3
23 88 7 13
23 89 1 3
23 90 2 3
23 91 3 9
23 92 1 4
23 93 3 8
23 94 2 4
23 95 2 8
23 96 2 3
23 97 3 11
23 98 2 5
23 99 1 4
23 100 3 4
24 1 2 6
24 2 2 6
24 3 2 6
24 4 2 6
24 5 1 2
24 6 2 6
24 7 2 3
24 8 2 3
24 9 2 6
24 10 2 6
24 11 2 3
24 12 2 4
24 13 2 6
24 14 2 3
24 15 2 6
24 16 2 3
24 17 2 3
24 18 2 6
24 19 2 3
24 20 2 6
24 21 3 6
24 22 2 3
24 23 2 3
24 24 1 3
24 25 2 4
24 26 2 3
24 27 2 3
24 28 2 3
24 29 2 3
24 30 2 3
24 31 2 3
24 32 2 3
24 33 2 3
24 34 2 3
24 35 2 3
24 36 2 3
24 37 2 3
24 38 2 3
24 39 2 3
24 40 1 3
24 41 2 3
24 42 2 3
24 43 2 3
24 44 2 3
24 45 2 3
24 46 1 3
24 47 2 3
24 48 2 3
24 49 2 4
24 50 1 4
24 51 2 3
24 52 2 3
24 53 1 3
24 54 2 3
24 55 2 3
24 56 2 3
24 57 2 3
24 58 2 3
24 59 2 3
24 60 1 3
24 61 2 3
24 62 2 3
24 63 2 3
24 64 2 3
24 65 2 3
24 66 2 6
24 67 4 13
24 68 4 9
24 69 9 13
24 70 4 7
24 71 4 9
24 72 1 7
24 73 2 10
24 74 1 3
24 75 4 11
24 76 5 10
24 77 2 3
24 78 2 3
24 79 2 3
24 80 2 3
24 81 2 3
24 82 2 3
24 83 2 3
24 84 5 10
24 85 1 3
24 86 1 3
24 87 4 12
24 88 2 7
24 89 2 3
24 90 5 13
24 91 6 10
24 92 3 10
24 93 1 7
24 94 2 3
24 95 2 8
24 96 3 8
24 97 6 12
24 98 4 9
24 99 4 7
24 100 5 13
25 1 2 6
25 2 2 6
25 3 2 6
25 4 2 6
25 5 1 2
25 6 2 6
25 7 2 3
25 8 2 3
25 9 2 6
25 10 2 6
25 11 2 3
25 12 2 4
25 13 2 6
25 14 2 3
25 15 2 6
25 16 2 3
25 17 2 3
25 18 2 6
25 19 2 3
25 20 2 6
25 21 3 6
25 22 2 3
25 23 2 3
25 24 1 3
25 25 2 4
25 26 2 3
25 27 2 3
25 28 2 3
25 29 2 3
25 30 2 3
25 31 2 3
25 32 2 3
25 33 2 3
25 34 2 3
25 35 1 3
25 36 2 3
25 37 1 3
25 38 1 3
25 39 2 3
25 40 2 3
25 41 1 3
25 42 2 3
25 43 2 3
25 44 1 3
25 45 2 3
25 46 2 4
25 47 2 4
25 48 1 4
25 49 1 4
25 50 2 3
25 51 2 3
25 52 2 3
25 53 1 3
25 54 1 3
25 55 2 3
25 56 2 3
25 57 2 3
25 58 2 3
25 59 2 3
25 60 2 3
25 61 2 3
25 62 2 3
25 63 1 3
25 64 2 3
25 65 1 3
25 66 2 3
25 67 2 3
25 68 6 9
25 69 5 12
25 70 3 7
25 71 5 10
25 72 5 13
25 73 4 6
25 74 2 4
25 75 4 9
25 76 2 3
25 77 5 12
25 78 2 5
25 79 2 3
25 80 2 3
25 81 2 5
25 82 6 11
25 83 4 11
25 84 4 12
25 85 6 12
25 86 1 3
25 87 5 9
25 88 2 3
25 89 4 9
25 90 2 3
25 91 4 9
25 92 2 3
25 93 2 3
25 94 2 3
25 95 3 11
25 96 4 11
25 97 2 5
25 98 2 5
25 99 5 7
25 100 4 6
26 1 6 12
26 2 2 6
26 3 2 6
26 4 2 6
26 5 2 6
26 6 1 2
26 7 2 6
26 8 2 3
26 9 2 3
26 10 2 6
26 11 2 6
26 12 2 3
26 13 2 4
26 14 2 6
26 15 2 3
26 16 2 6
26 17 2 3
26 18 2 3
26 19 2 6
26 20 2 3
26 21 2 6
26 22 3 6
26 23 2 3
26 24 2 3
26 25 1 3
26 26 2 4
26 27 2 3
26 28 2 3
26 29 2 3
26 30 2 3
26 31 2 3
26 32 2 4
26 33 2 3
26 34 2 3
26 35 2 3
26 36 2 3
26 37 2 3
26 38 2 3
26 39 1 3
26 40 4 7
26 41 2 3
26 42 2 3
26 43 2 3
26 44 2 3
26 45 2 3
26 46 2 3
26 47 1 3
26 48 2 3
26 49 2 3
26 50 2 3
26 51 2 3
26 52 1 3
26 53 1 3
26 54 2 3
26 55 2 3
26 56 2 3
26 57 2 3
26 58 2 3
26 59 2 3
26 60 1 3
26 61 2 3
26 62 1 3
26 63 2 3
26 64 2 3
26 65 2 3
26 66 2 3
26 67 2 3
26 68 1 3
26 69 6 11
26 70 5 9
26 71 5 9
26 72 1 5
26 73 8 13
26 74 2 4
26 75 2 5
26 76 5 8
26 77 6 11
26 78 5 12
26 79 2 8
26 80 4 12
26 81 6 12
26 82 3 12
26 83 4 13
26 84 6 14
26 85 1 5
26 86 1 3
26 87 3 8
26 88 5 10
26 89 4 10
26 90 1 3
26 91 4 6
26 92 1 3
26 93 2 3
26 94 7 13
26 95 2 3
26 96 0 4
26 97 4 8
26 98 2 5
26 99 3 10
26 100 4 9
27 1 6 12
27 2 2 6
27 3 2 6
27 4 2 6
27 5 2 6
27 6 1 2
27 7 2 6
27 8 2 3
27 9 2 3
27 10 2 6
27 11 2 6
27 12 2 3
27 13 2 4
27 14 2 6
27 15 2 3
27 16 2 6
27 17 2 3
27 18 2 3
27 19 2 6
27 20 2 3
27 21 2 6
27 22 3 6
27 23 2 3
27 24 2 3
27 25 1 3
27 26 2 4
27 27 2 3
27 28 2 3
27 29 2 3
27 30 2 3
27 31 2 3
27 32 1 3
27 33 1 3
27 34 2 3
27 35 1 3
27 36 1 3
27 37 2 3
27 38 2 3
27 39 2 3
27 40 2 3
27 41 1 3
27 42 2 3
27 43 2 3
27 44 2 3
27 45 1 3
27 46 1 3
27 47 2 3
27 48 2 3
27 49 1 3
27 50 2 3
27 51 2 3
27 52 1 3
27 53 2 3
27 54 2 3
27 55 2 3
27 56 2 3
27 57 2 3
27 58 2 3
27 59 2 3
27 60 1 3
27 61 2 3
27 62 2 3
27 63 5 11
27 64 4 9
27 65 4 9
27 66 4 10
27 67 2 4
27 68 1 5
27 69 4 9
27 70 3 5
27 71 2 5
27 72 2 4
27 73 3 12
27 74 4 9
27 75 3 5
27 76 2 3
27 77 6 11
27 78 2 3
27 79 13 11
27 80 1 3
27 81 3 13
27 82 4 9
27 83 4 10
27 84 4 10
27 85 3 6
27 86 3 11
27 87 1 3
27 88 9 13
27 89 2 3
27 90 1 3
27 91 4 8
27 92 2 3
27 93 2 3
27 94 2 3
27 95 3 9
27 96 5 9
27 97 2 3
27 98 3 10
27 99 4 13
27 100 2 5
28 1 2 6
28 2 2 6
28 3 2 6
28 4 2 6
28 5 1 2
28 6 2 6
28 7 2 3
28 8 2 3
28 9 2 6
28 10 2 6
28 11 2 3
28 12 2 4
28 13 2 6
28 14 2 3
28 15 2 6
28 16 2 3
28 17 2 3
28 18 2 6
28 19 2 3
28 20 2 6
28 21 3 6
28 22 2 3
28 23 2 3
28 24 1 3
28 25 2 4
28 26 2 3
28 27 2 3
28 28 2 3
28 29 2 3
28 30 2 3
28 31 2 3
28 32 2 3
28 33 2 3
28 34 2 3
28 35 2 3
28 36 2 3
28 37 2 3
28 38 2 3
28 39 1 3
28 40 2 3
28 41 2 3
28 42 2 3
28 43 2 3
28 44 1 2
28 45 2 3
28 46 1 3
28 47 1 3
28 48 1 3
28 49 2 3
28 50 2 3
28 51 2 3
28 52 2 3
28 53 1 3
28 54 2 3
28 55 1 3
28 56 2 3
28 57 1 3
28 58 2 3
28 59 2 3
28 60 2 3
28 61 2 3
28 62 2 3
28 63 1 3
28 64 2 4
28 65 2 3
28 66 1 3
28 67 2 3
28 68 6 12
28 69 2 4
28 70 7 11
28 71 1 4
28 72 3 9
28 73 3 9
28 74 5 11
28 75 5 10
28 76 2 3
28 77 2 3
28 78 2 3
28 79 2 3
28 80 2 3
28 81 2 3
28 82 4 5
28 83 7 9
28 84 4 10
28 85 3 8
28 86 1 3
28 87 1 3
28 88 4 8
28 89 4 8
28 90 6 12
28 91 2 3
28 92 4 10
28 93 6 11
28 94 3 5
28 95 5 14
28 96 1 7
28 97 1 9
28 98 3 11
28 99 5 7
28 100 5 9
29 1 2 6
29 2 2 6
29 3 2 6
29 4 2 6
29 5 1 2
29 6 2 6
29 7 2 3
29 8 2 3
29 9 2 6
29 10 2 6
29 11 2 3
29 12 2 4
29 13 2 6
29 14 2 3
29 15 2 6
29 16 2 3
29 17 2 3
29 18 2 6
29 19 2 3
29 20 2 6
29 21 3 6
29 22 2 3
29 23 2 3
29 24 1 3
29 25 2 4
29 26 2 3
29 27 2 3
29 28 2 3
29 29 2 3
29 30 2 3
29 31 1 3
29 32 1 3
29 33 2 3
29 34 2 4
29 35 1 3
29 36 1 3
29 37 2 3
29 38 2 4
29 39 2 3
29 40 2 3
29 41 2 3
29 42 2 3
29 43 1 3
29 44 2 3
29 45 1 3
29 46 2 3
29 47 2 3
29 48 2 3
29 49 2 3
29 50 1 3
29 51 1 3
29 52 2 3
29 53 1 3
29 54 2 3
29 55 2 3
29 56 2 3
29 57 2 3
29 58 1 3
29 59 2 3
29 60 2 3
29 61 2 3
29 62 5 11
29 63 5 12
29 64 4 10
29 65 4 11
29 66 4 12
29 67 2 4
29 68 3 7
29 69 2 4
29 70 5 11
29 71 2 3
29 72 2 3
29 73 2 3
29 74 2 3
29 75 4 13
29 76 3 12
29 77 2 5
29 78 3 10
29 79 3 5
29 80 4 13
29 81 2 4
29 82 9 14
29 83 4 6
29 84 1 3
29 85 4 10
29 86 5 13
29 87 9 13
29 88 3 12
29 89 1 3
29 90 4 8
29 91 4 10
29 92 7 12
29 93 7 13
29 94 1 3
29 95 5 11
29 96 6 14
29 97 2 5
29 98 4 7
29 99 3 6
29 100 5 8
30 1 1 4
30 2 1 3
30 3 2 6
30 4 2 6
30 5 2 6
30 6 2 6
30 7 1 2
30 8 2 6
30 9 2 3
30 10 2 3
30 11 2 6
30 12 2 6
30 13 2 3
30 14 2 4
30 15 2 6
30 16 2 3
30 17 2 6
30 18 2 3
30 19 2 3
30 20 2 6
30 21 2 3
30 22 2 6
30 23 3 6
30 24 2 3
30 25 2 3
30 26 1 3
30 27 2 4
30 28 2 3
30 29 2 3
30 30 2 3
30 31 2 3
30 32 2 3
30 33 1 3
30 34 1 3
30 35 2 3
30 36 2 3
30 37 2 3
30 38 1 3
30 39 2 3
30 40 0 3
30 41 2 3
30 42 2 3
30 43 2 3
30 44 1 3
30 45 1 3
30 46 2 3
30 47 2 3
30 48 2 3
30 49 2 3
30 50 2 3
30 51 2 3
30 52 1 3
30 53 2 3
30 54 2 3
30 55 2 3
30 56 2 3
30 57 2 3
30 58 2 3
30 59 2 3
30 60 2 3
30 61 2 3
30 62 2 3
30 63 2 3
30 64 1 3
30 65 2 3
30 66 2 3
30 67 2 4
30 68 5 11
30 69 6 10
30 70 4 8
30 71 3 4
30 72 2 3
30 73 2 3
30 74 3 13
30 75 1 5
30 76 2 5
30 77 2 4
30 78 2 4
30 79 1 4
30 80 3 5
30 81 2 4
30 82 5 10
30 83 4 13
30 84 4 10
30 85 2 5
30 86 3 7
30 87 3 6
30 88 5 9
30 89 4 13
30 90 1 4
30 91 4 9
30 92 2 4
30 93 4 11
30 94 5 11
30 95 2 3
30 96 2 3
30 97 6 13
30 98 2 3
30 99 2 5
30 100 5 11
31 1 1 3
31 2 2 6
31 3 2 6
31 4 2 6
31 5 2 6
31 6 1 2
31 7 2 6
31 8 2 3
31 9 2 3
31 10 2 6
31 11 2 6
31 12 2 3
31 13 2 4
31 14 2 6
31 15 2 3
31 16 2 6
31 17 2 3
31 18 2 3
31 19 2 6
31 20 2 3
31 21 2 6
31 22 3 6
31 23 2 3
31 24 2 3
31 25 1 3
31 26 2 4
31 27 2 3
31 28 2 3
31 29 2 3
31 30 2 3
31 31 1 3
31 32 2 3
31 33 2 3
31 34 1 3
31 35 2 3
31 36 2 4
31 37 2 4
31 38 2 3
31 39 2 3
31 40 2 4
31 41 1 3
31 42 1 3
31 43 2 3
31 44 1 3
31 45 2 3
31 46 2 3
31 47 1 3
31 48 2 3
31 49 2 3
31 50 1 3
31 51 2 4
31 52 1 3
31 53 2 3
31 54 1 5
31 55 2 3
31 56 2 3
31 57 2 6
31 58 0 1
31 59 2 3
31 60 2 3
31 61 2 3
31 62 2 3
31 63 2 3
31 64 2 3
31 65 2 3
31 66 1 3
31 67 2 3
31 68 2 3
31 69 2 3
31 70 2 3
31 71 1 3
31 72 3 8
31 73 4 13
31 74 1 4
31 75 3 6
31 76 3 8
31 77 4 11
31 78 2 3
31 79 2 4
31 80 3 4
31 81 2 12
31 82 3 4
31 83 4 12
31 84 2 3
31 85 2 3
31 86 2 3
31 87 2 3
31 88 2 3
31 89 7 11
31 90 2 7
31 91 4 10
31 92 1 3
31 93 2 3
31 94 2 3
31 95 2 3
31 96 1 3
31 97 5 12
31 98 3 6
31 99 3 7
31 100 5 9
32 1 2 6
32 2 2 6
32 3 2 6
32 4 2 6
32 5 1 2
32 6 2 6
32 7 2 3
32 8 2 3
32 9 2 6
32 10 2 6
32 11 2 3
32 12 2 4
32 13 2 6
32 14 2 3
32 15 2 6
32 16 2 3
32 17 2 3
32 18 2 6
32 19 2 3
32 20 2 6
32 21 3 6
32 22 2 3
32 23 2 3
32 24 1 3
32 25 2 4
32 26 2 3
32 27 2 3
32 28 2 3
32 29 2 3
32 30 3 4
32 31 2 3
32 32 1 3
32 33 2 3
32 34 2 3
32 35 0 1
32 36 2 3
32 37 2 3
32 38 2 3
32 39 2 3
32 40 2 3
32 41 1 3
32 42 2 3
32 43 1 3
32 44 1 3
32 45 2 3
32 46 2 3
32 47 1 3
32 48 2 4
32 49 2 3
32 50 2 3
32 51 2 4
32 52 1 3
32 53 1 4
32 54 2 3
32 55 2 3
32 56 1 3
32 57 2 3
32 58 2 3
32 59 1 3
32 60 1 3
32 61 6 13
32 62 2 3
32 63 2 3
32 64 2 3
32 65 2 3
32 66 2 3
32 67 1 3
32 68 2 3
32 69 2 3
32 70 2 3
32 71 2 3
32 72 6 10
32 73 4 9
32 74 6 7
32 75 3 8
32 76 2 5
32 77 4 8
32 78 5 13
32 79 1 3
32 80 2 4
32 81 1 4
32 82 9 11
32 83 5 9
32 84 6 12
32 85 3 9
32 86 2 3
32 87 2 3
32 88 4 7
32 89 6 12
32 90 1 3
32 91 1 3
32 92 2 3
32 93 2 3
32 94 4 8
32 95 2 6
32 96 2 6
32 97 7 13
32 98 9 12
32 99 5 12
32 100 1 4
33 1 2 4
33 2 1 3
33 3 2 6
33 4 2 6
33 5 2 6
33 6 2 6
33 7 1 2
33 8 2 6
33 9 2 3
33 10 2 3
33 11 2 6
33 12 2 6
33 13 2 3
33 14 2 4
33 15 2 6
33 16 2 3
33 17 2 6
33 18 2 3
33 19 2 3
33 20 2 6
33 21 2 3
33 22 2 6
33 23 3 6
33 24 2 3
33 25 2 3
33 26 1 3
33 27 2 4
33 28 2 3
33 29 2 3
33 30 2 3
33 31 2 3
33 32 3 4
33 33 2 3
33 34 2 3
33 35 1 3
33 36 1 3
33 37 1 3
33 38 2 3
33 39 1 3
33 40 1 4
33 41 1 3
33 42 2 3
33 43 2 3
33 44 2 3
33 45 0 1
33 46 2 3
33 47 2 3
33 48 2 3
33 49 2 3
33 50 2 4
33 51 0 1
33 52 1 2
33 53 2 4
33 54 2 3
33 55 1 3
33 56 1 3
33 57 2 3
33 58 1 3
33 59 1 3
33 60 2 3
33 61 2 3
33 62 2 3
33 63 1 3
33 64 0 1
33 65 2 3
33 66 2 3
33 67 2 3
33 68 2 3
33 69 2 4
33 70 2 3
33 71 1 3
33 72 1 12
33 73 5 8
33 74 3 6
33 75 5 7
33 76 4 9
33 77 2 4
33 78 2 4
33 79 2 5
33 80 6 11
33 81 4 10
33 82 6 13
33 83 4 11
33 84 2 3
33 85 3 8
33 86 4 9
33 87 2 7
33 88 6 14
33 89 3 5
33 90 3 5
33 91 4 6
33 92 6 14
33 93 1 3
33 94 2 3
33 95 2 3
33 96 2 3
33 97 5 13
33 98 3 9
33 99 5 6
33 100 2 3
34 1 2 4
34 2 2 5
34 3 2 13
34 4 2 6
34 5 2 6
34 6 2 6
34 7 2 6
34 8 1 2
34 9 2 6
34 10 2 3
34 11 2 3
34 12 2 6
34 13 2 6
34 14 2 3
34 15 2 4
34 16 2 6
34 17 2 3
34 18 2 6
34 19 2 3
34 20 2 3
34 21 2 6
34 22 2 3
34 23 2 6
34 24 3 6
34 25 2 3
34 26 2 3
34 27 1 3
34 28 2 4
34 29 2 3
34 30 2 3
34 31 2 3
34 32 0 1
34 33 2 3
34 34 2 3
34 35 2 3
34 36 2 4
34 37 0 1
34 38 1 3
34 39 2 3
34 40 1 3
34 41 2 3
34 42 1 2
34 43 2 3
34 44 2 3
34 45 1 3
34 46 2 3
34 47 2 3
34 48 2 3
34 49 1 3
34 50 2 3
34 51 1 3
34 52 1 2
34 53 0 1
34 54 2 3
34 55 2 3
34 56 2 3
34 57 2 3
34 58 2 3
34 59 0 1
34 60 2 4
34 61 2 3
34 62 2 3
34 63 1 3
34 64 0 1
34 65 2 3
34 66 1 3
34 67 0 1
34 68 2 3
34 69 1 3
34 70 3 5
34 71 2 8
34 72 1 3
34 73 2 8
34 74 3 7
34 75 3 5
34 76 2 7
34 77 2 5
34 78 2 6
34 79 5 10
34 80 2 3
34 81 2 3
34 82 2 5
34 83 2 4
34 84 3 7
34 85 1 3
34 86 5 13
34 87 4 8
34 88 3 7
34 89 1 3
34 90 7 10
34 91 3 9
34 92 3 9
34 93 2 3
34 94 2 3
34 95 4 8
34 96 3 7
34 97 2 6
34 98 4 14
34 99 2 5
34 100 4 9
35 1 2 5
35 2 2 4
35 3 4 7
35 4 2 13
35 5 2 4
35 6 2 6
35 7 2 6
35 8 2 6
35 9 2 6
35 10 1 2
35 11 2 6
35 12 2 3
35 13 2 3
35 14 2 6
35 15 2 6
35 16 2 3
35 17 2 4
35 18 2 6
35 19 2 3
35 20 2 6
35 21 2 3
35 22 2 3
35 23 2 6
35 24 2 3
35 25 2 6
35 26 3 6
35 27 2 3
35 28 2 3
35 29 1 3
35 30 2 4
35 31 2 3
35 32 2 3
35 33 2 3
35 34 2 5
35 35 2 3
35 36 2 3
35 37 1 3
35 38 2 3
35 39 2 3
35 40 2 3
35 41 1 3
35 42 1 3
35 43 3 4
35 44 2 3
35 45 0 1
35 46 2 3
35 47 2 4
35 48 2 3
35 49 2 3
35 50 1 3
35 51 1 3
35 52 2 3
35 53 2 3
35 54 1 3
35 55 1 3
35 56 2 3
35 57 1 3
35 58 2 3
35 59 0 1
35 60 1 4
35 61 0 1
35 62 1 3
35 63 1 3
35 64 2 4
35 65 0 1
35 66 0 1
35 67 4 7
35 68 5 9
35 69 4 8
35 70 2 6
35 71 5 9
35 72 1 10
35 73 5 9
35 74 2 4
35 75 2 4
35 76 5 9
35 77 1 3
35 78 3 7
35 79 2 4
35 80 2 3
35 81 2 3
35 82 2 3
35 83 2 3
35 84 5 11
35 85 3 9
35 86 4 7
35 87 5 14
35 88 5 11
35 89 4 9
35 90 4 7
35 91 5 14
35 92 4 10
35 93 1 3
35 94 5 9
35 95 2 3
35 96 5 14
35 97 7 13
35 98 3 13
35 99 5 6
35 100 0 1
36 1 2 5
36 2 4 7
36 3 4 13
36 4 2 13
36 5 3 9
36 6 2 6
36 7 2 6
36 8 2 6
36 9 2 6
36 10 1 2
36 11 2 6
36 12 2 3
36 13 2 3
36 14 2 6
36 15 2 6
36 16 2 3
36 17 2 4
36 18 2 6
36 19 2 3
36 20 2 6
36 21 2 3
36 22 2 3
36 23 2 6
36 24 2 3
36 25 2 6
36 26 3 6
36 27 2 3
36 28 2 3
36 29 1 3
36 30 2 4
36 31 1 3
36 32 1 3
36 33 2 3
36 34 1 3
36 35 0 1
36 36 0 1
36 37 0 1
36 38 2 3
36 39 2 3
36 40 1 3
36 41 1 3
36 42 2 3
36 43 1 3
36 44 0 1
36 45 1 4
36 46 2 3
36 47 1 3
36 48 1 3
36 49 0 1
36 50 2 3
36 51 2 3
36 52 0 1
36 53 1 3
36 54 1 3
36 55 2 3
36 56 0 1
36 57 2 3
36 58 0 1
36 59 2 3
36 60 1 3
36 61 2 3
36 62 2 3
36 63 2 3
36 64 0 1
36 65 0 1
36 66 3 12
36 67 2 6
36 68 3 6
36 69 5 11
36 70 5 9
36 71 4 12
36 72 4 12
36 73 2 9
36 74 1 3
36 75 1 3
36 76 4 6
36 77 2 4
36 78 2 4
36 79 2 4
36 80 5 13
36 81 2 3
36 82 2 3
36 83 2 3
36 84 2 3
36 85 2 3
36 86 2 3
36 87 2 3
36 88 4 7
36 89 3 9
36 90 2 10
36 91 3 8
36 92 5 15
36 93 9 13
36 94 1 3
36 95 1 3
36 96 1 3
36 97 2 6
36 98 5 11
36 99 6 13
36 100 2 3
37 1 2 5
37 2 2 6
37 3 4 7
37 4 1 4
37 5 2 6
37 6 2 6
37 7 2 6
37 8 2 6
37 9 1 2
37 10 2 6
37 11 2 3
37 12 2 3
37 13 2 6
37 14 2 6
37 15 2 3
37 16 2 4
37 17 2 6
37 18 2 3
37 19 2 6
37 20 2 3
37 21 2 3
37 22 2 6
37 23 2 3
37 24 2 6
37 25 3 6
37 26 2 3
37 27 2 3
37 28 1 3
37 29 2 4
37 30 0 1
37 31 0 1
37 32 2 3
37 33 2 3
37 34 0 1
37 35 1 3
37 36 0 1
37 37 0 1
37 38 0 1
37 39 0 1
37 40 2 3
37 41 0 1
37 42 2 3
37 43 0 1
37 44 1 3
37 45 2 3
37 46 1 3
37 47 2 4
37 48 1 3
37 49 1 3
37 50 0 1
37 51 2 3
37 52 2 4
37 53 2 3
37 54 2 3
37 55 0 1
37 56 1 3
37 57 0 1
37 58 2 3
37 59 1 5
37 60 3 4
37 61 4 13
37 62 2 13
37 63 3 9
37 64 1 3
37 65 1 3
37 66 1 3
37 67 3 13
37 68 2 6
37 69 4 7
37 70 2 3
37 71 3 7
37 72 7 12
37 73 2 3
37 74 2 3
37 75 1 3
37 76 1 3
37 77 2 3
37 78 4 12
37 79 3 7
37 80 5 6
37 81 6 13
37 82 4 12
37 83 3 7
37 84 7 14
37 85 9 13
37 86 1 3
37 87 2 3
37 88 2 6
37 89 1 2
37 90 1 3
37 91 4 7
37 92 2 3
37 93 2 3
37 94 4 12
37 95 3 12
37 96 1 4
37 97 5 13
37 98 6 11
37 99 5 11
37 100 5 9
38 1 4 10
38 2 1 4
38 3 1 4
38 4 2 5
38 5 4 7
38 6 1 3
38 7 1 3
38 8 2 6
38 9 2 6
38 10 2 6
38 11 2 6
38 12 1 2
38 13 2 6
38 14 2 3
38 15 2 3
38 16 2 6
38 17 2 6
38 18 2 3
38 19 2 4
38 20 2 6
38 21 2 3
38 22 2 6
38 23 2 3
38 24 2 3
38 25 2 6
38 26 2 3
38 27 2 6
38 28 3 6
38 29 2 3
38 30 2 3
38 31 1 3
38 32 2 4
38 33 0 1
38 34 0 1
38 35 0 1
38 36 0 1
38 37 0 1
38 38 1 3
38 39 0 1
38 40 0 1
38 41 1 3
38 42 0 1
38 43 0 1
38 44 0 1
38 45 2 3
38 46 0 1
38 47 1 4
38 48 0 1
38 49 0 1
38 50 1 3
38 51 0 1
38 52 0 1
38 53 2 3
38 54 1 3
38 55 1 3
38 56 0 1
38 57 1 4
38 58 2 4
38 59 0 1
38 60 2 3
38 61 2 3
38 62 1 3
38 63 0 1
38 64 0 1
38 65 0 1
38 66 0 1
38 67 2 3
38 68 0 1
38 69 2 4
38 70 0 1
38 71 2 3
38 72 3 6
38 73 2 6
38 74 1 3
38 75 2 7
38 76 2 3
38 77 2 3
38 78 3 4
38 79 2 4
38 80 2 4
38 81 2 10
38 82 6 12
38 83 3 8
38 84 3 7
38 85 3 11
38 86 2 4
38 87 5 14
38 88 4 9
38 89 3 4
38 90 4 10
38 91 7 11
38 92 8 11
38 93 4 9
38 94 4 9
38 95 2 3
38 96 3 12
38 97 3 7
38 98 3 8
38 99 2 6
38 100 4 7
39 1 2 5
39 2 4 10
39 3 4 12
39 4 7 14
39 5 4 7
39 6 2 6
39 7 2 6
39 8 2 6
39 9 2 6
39 10 1 2
39 11 2 6
39 12 2 3
39 13 2 3
39 14 2 6
39 15 2 6
39 16 2 3
39 17 2 4
39 18 2 6
39 19 2 3
39 20 2 6
39 21 2 3
39 22 2 3
39 23 2 6
39 24 2 3
39 25 2 6
39 26 3 6
39 27 2 3
39 28 2 3
39 29 0 1
39 30 0 1
39 31 0 1
39 32 2 3
39 33 0 1
39 34 0 1
39 35 0 1
39 36 0 1
39 37 0 1
39 38 2 3
39 39 0 1
39 40 0 1
39 41 1 3
39 42 1 3
39 43 0 1
39 44 0 1
39 45 0 1
39 46 1 3
39 47 0 1
39 48 0 1
39 49 0 1
39 50 0 1
39 51 0 1
39 52 2 3
39 53 0 1
39 54 0 1
39 55 0 1
39 56 0 1
39 57 0 1
39 58 0 1
39 59 0 1
39 60 2 3
39 61 0 1
39 62 0 1
39 63 0 1
39 64 0 1
39 65 1 2
39 66 1 3
39 67 0 1
39 68 0 1
39 69 0 1
39 70 0 1
39 71 1 3
39 72 6 9
39 73 3 9
39 74 1 3
39 75 1 3
39 76 2 9
39 77 6 13
39 78 1 4
39 79 1 4
39 80 1 4
39 81 5 13
39 82 1 3
39 83 3 10
39 84 2 3
39 85 2 3
39 86 2 6
39 87 1 3
39 88 3 9
39 89 3 7
39 90 4 8
39 91 8 12
39 92 6 7
39 93 3 11
39 94 3 7
39 95 4 8
39 96 2 10
39 97 2 3
39 98 2 7
39 99 6 10
39 100 4 11
40 1 1 3
40 2 4 10
40 3 2 5
40 4 4 7
40 5 4 11
40 6 4 12
40 7 2 6
40 8 2 6
40 9 2 6
40 10 2 6
40 11 1 2
40 12 2 6
40 13 2 3
40 14 2 3
40 15 2 6
40 16 2 6
40 17 2 3
40 18 2 4
40 19 2 6
40 20 2 3
40 21 2 6
40 22 2 3
40 23 2 3
40 24 2 6
40 25 2 3
40 26 2 6
40 27 3 6
40 28 2 3
40 29 2 3
40 30 0 1
40 31 0 1
40 32 0 1
40 33 0 1
40 34 0 1
40 35 0 1
40 36 0 1
40 37 0 1
40 38 0 1
40 39 0 1
40 40 1 3
40 41 0 1
40 42 1 3
40 43 2 3
40 44 0 1
40 45 0 1
40 46 0 1
40 47 0 1
40 48 2 3
40 49 1 3
40 50 0 1
40 51 0 1
40 52 0 1
40 53 0 1
40 54 0 1
40 55 1 3
40 56 0 1
40 57 0 1
40 58 0 1
40 59 0 1
40 60 1 2
40 61 0 1
40 62 0 1
40 63 0 1
40 64 0 1
40 65 2 3
40 66 0 1
40 67 0 1
40 68 1 2
40 69 2 3
40 70 0 1
40 71 0 1
40 72 0 1
40 73 0 1
40 74 0 1
40 75 0 1
40 76 0 1
40 77 0 1
40 78 0 1
40 79 4 14
40 80 1 3
40 81 5 12
40 82 5 12
40 83 1 4
40 84 5 11
40 85 4 11
40 86 8 11
40 87 4 8
40 88 7 14
40 89 3 13
40 90 4 7
40 91 4 14
40 92 6 9
40 93 6 8
40 94 3 6
40 95 3 9
40 96 2 6
40 97 3 9
40 98 4 11
40 99 5 14
40 100 3 5
41 1 1 3
41 2 4 11
41 3 4 12
41 4 2 5
41 5 4 11
41 6 4 12
41 7 4 10
41 8 3 7
41 9 2 6
41 10 2 6
41 11 2 6
41 12 2 6
41 13 1 2
41 14 2 6
41 15 2 3
41 16 2 3
41 17 2 6
41 18 2 6
41 19 2 3
41 20 2 4
41 21 2 6
41 22 2 3
41 23 2 6
41 24 2 3
41 25 2 3
41 26 2 6
41 27 2 3
41 28 2 6
41 29 3 6
41 30 2 3
41 31 2 3
41 32 0 1
41 33 0 1
41 34 0 1
41 35 0 1
41 36 2 3
41 37 0 1
41 38 0 1
41 39 0 1
41 40 0 1
41 41 0 1
41 42 2 3
41 43 3 5
41 44 0 1
41 45 2 3
41 46 0 1
41 47 0 1
41 48 0 1
41 49 0 1
41 50 0 1
41 51 0 1
41 52 0 1
41 53 0 1
41 54 1 3
41 55 0 1
41 56 0 1
41 57 2 3
41 58 0 1
41 59 0 1
41 60 0 1
41 61 0 1
41 62 2 3
41 63 0 1
41 64 0 1
41 65 0 1
41 66 0 1
41 67 0 1
41 68 0 1
41 69 0 1
41 70 0 1
41 71 0 1
41 72 0 1
41 73 2 3
41 74 0 1
41 75 0 1
41 76 0 1
41 77 0 1
41 78 2 3
41 79 2 3
41 80 4 7
41 81 1 4
41 82 6 10
41 83 5 11
41 84 6 13
41 85 7 7
41 86 5 9
41 87 6 14
41 88 4 11
41 89 5 13
41 90 6 12
41 91 4 8
41 92 4 8
41 93 3 5
41 94 2 4
41 95 2 4
41 96 2 3
41 97 6 12
41 98 6 10
41 99 2 5
41 100 5 13
42 1 2 5
42 2 1 3
42 3 4 12
42 4 2 5
42 5 4 10
42 6 5 10
42 7 5 12
42 8 4 12
42 9 3 7
42 10 5 8
42 11 2 6
42 12 2 6
42 13 2 6
42 14 2 6
42 15 1 2
42 16 2 6
42 17 2 3
42 18 2 3
42 19 2 6
42 20 2 6
42 21 2 3
42 22 2 4
42 23 2 6
42 24 2 3
42 25 2 6
42 26 2 3
42 27 2 3
42 28 2 6
42 29 2 3
42 30 2 6
42 31 3 6
42 32 2 3
42 33 0 1
42 34 0 1
42 35 0 1
42 36 0 1
42 37 0 1
42 38 1 4
42 39 0 1
42 40 0 1
42 41 2 4
42 42 0 1
42 43 0 1
42 44 0 1
42 45 0 1
42 46 0 1
42 47 0 1
42 48 0 1
42 49 0 1
42 50 0 1
42 51 2 4
42 52 2 3
42 53 0 1
42 54 0 1
42 55 2 3
42 56 0 1
42 57 0 1
42 58 0 1
42 59 0 1
42 60 1 2
42 61 2 3
42 62 0 1
42 63 0 1
42 64 0 1
42 65 0 1
42 66 0 1
42 67 0 1
42 68 2 3
42 69 0 1
42 70 0 1
42 71 0 1
42 72 0 1
42 73 0 1
42 74 0 1
42 75 0 1
42 76 0 1
42 77 0 1
42 78 0 1
42 79 2 3
42 80 4 11
42 81 3 10
42 82 5 14
42 83 4 11
42 84 7 12
42 85 4 10
42 86 4 7
42 87 2 3
42 88 5 8
42 89 3 8
42 90 3 8
42 91 10 14
42 92 5 11
42 93 8 11
42 94 2 6
42 95 2 5
42 96 4 10
42 97 0 1
42 98 0 1
42 99 0 1
42 100 0 1
43 1 4 10
43 2 2 6
43 3 1 3
43 4 4 12
43 5 2 5
43 6 2 5
43 7 5 12
43 8 5 10
43 9 2 5
43 10 2 6
43 11 2 6
43 12 2 6
43 13 2 6
43 14 1 2
43 15 2 6
43 16 2 3
43 17 2 3
43 18 2 6
43 19 2 6
43 20 2 3
43 21 2 4
43 22 2 6
43 23 2 3
43 24 2 6
43 25 2 3
43 26 2 3
43 27 2 6
43 28 2 3
43 29 2 6
43 30 0 1
43 31 0 1
43 32 0 1
43 33 0 1
43 34 0 1
43 35 0 1
43 36 0 1
43 37 0 1
43 38 0 1
43 39 0 1
43 40 0 1
43 41 0 1
43 42 0 1
43 43 2 3
43 44 0 1
43 45 1 5
43 46 0 1
43 47 0 1
43 48 0 1
43 49 1 3
43 50 0 1
43 51 2 3
43 52 0 1
43 53 2 3
43 54 0 1
43 55 0 1
43 56 0 1
43 57 0 1
43 58 0 1
43 59 0 1
43 60 0 1
43 61 0 1
43 62 0 1
43 63 0 1
43 64 0 1
43 65 0 1
43 66 0 1
43 67 0 1
43 68 0 1
43 69 0 1
43 70 0 1
43 71 0 1
43 72 0 1
43 73 0 1
43 74 3 7
43 75 3 13
43 76 3 6
43 77 4 12
43 78 5 13
43 79 3 7
43 80 4 6
43 81 5 8
43 82 3 8
43 83 5 12
43 84 4 11
43 85 5 12
43 86 7 13
43 87 0 3
43 88 5 13
43 89 4 10
43 90 6 13
43 91 4 9
43 92 6 11
43 93 6 12
43 94 2 3
43 95 4 7
43 96 3 10
43 97 2 5
43 98 3 13
43 99 4 12
43 100 0 3
44 1 2 5
44 2 2 5
44 3 5 12
44 4 5 10
44 5 2 6
44 6 2 6
44 7 2 6
44 8 2 6
44 9 1 2
44 10 2 6
44 11 2 3
44 12 2 3
44 13 2 6
44 14 2 6
44 15 2 3
44 16 2 4
44 17 2 6
44 18 2 3
44 19 2 6
44 20 2 3
44 21 2 3
44 22 2 6
44 23 2 3
44 24 2 6
44 25 0 1
44 26 0 1
44 27 0 1
44 28 0 1
44 29 0 1
44 30 1 3
44 31 0 1
44 32 0 1
44 33 0 1
44 34 0 1
44 35 0 1
44 36 0 1
44 37 0 1
44 38 2 3
44 39 0 1
44 40 0 1
44 41 0 1
44 42 0 1
44 43 0 1
44 44 0 1
44 45 0 1
44 46 0 1
44 47 0 1
44 48 0 1
44 49 0 1
44 50 0 1
44 51 0 1
44 52 0 1
44 53 0 1
44 54 2 3
44 55 2 3
44 56 0 1
44 57 0 1
44 58 0 1
44 59 0 1
44 60 0 1
44 61 0 1
44 62 0 1
44 63 0 1
44 64 0 1
44 65 2 3
44 66 0 1
44 67 0 1
44 68 0 1
44 69 0 1
44 70 0 1
44 71 0 1
44 72 2 3
44 73 0 1
44 74 3 6
44 75 3 8
44 76 5 15
44 77 4 10
44 78 1 7
44 79 5 13
44 80 2 6
44 81 2 5
44 82 2 6
44 83 4 12
44 84 8 13
44 85 5 11
44 86 1 3
44 87 8 12
44 88 2 3
44 89 5 11
44 90 9 14
44 91 4 11
44 92 5 7
44 93 7 13
44 94 2 3
44 95 4 8
44 96 6 14
44 97 3 12
44 98 0 1
44 99 0 1
44 100 0 1
45 1 2 5
45 2 5 12
45 3 2 6
45 4 2 6
45 5 2 6
45 6 2 6
45 7 1 2
45 8 2 6
45 9 2 3
45 10 2 3
45 11 2 6
45 12 2 6
45 13 2 3
45 14 2 4
45 15 2 6
45 16 2 3
45 17 2 6
45 18 2 3
45 19 2 3
45 20 2 6
45 21 2 3
45 22 2 6
45 23 0 1
45 24 0 1
45 25 0 1
45 26 0 1
45 27 0 1
45 28 1 3
45 29 0 1
45 30 0 1
45 31 0 1
45 32 0 1
45 33 0 1
45 34 0 1
45 35 0 1
45 36 0 1
45 37 0 1
45 38 0 1
45 39 0 1
45 40 0 1
45 41 0 1
45 42 0 1
45 43 0 1
45 44 0 1
45 45 0 1
45 46 0 1
45 47 0 1
45 48 0 1
45 49 0 1
45 50 0 1
45 51 0 1
45 52 0 1
45 53 0 1
45 54 0 1
45 55 0 1
45 56 0 1
45 57 0 1
45 58 0 1
45 59 0 1
45 60 2 3
45 61 0 1
45 62 0 1
45 63 0 1
45 64 0 1
45 65 0 1
45 66 0 1
45 67 0 1
45 68 0 1
45 69 0 1
45 70 0 1
45 71 2 3
45 72 0 1
45 73 0 1
45 74 5 12
45 75 2 5
45 76 5 10
45 77 3 11
45 78 3 6
45 79 3 7
45 80 3 11
45 81 6 14
45 82 3 10
45 83 3 10
45 84 5 8
45 85 10 13
45 86 6 12
45 87 4 11
45 88 6 9
45 89 4 9
45 90 3 7
45 91 6 13
45 92 2 3
45 93 6 12
45 94 6 9
45 95 7 13
45 96 3 5
45 97 5 15
45 98 4 10
45 99 4 10
45 100 0 1
46 1 5 12
46 2 5 12
46 3 2 6
46 4 2 6
46 5 2 6
46 6 2 6
46 7 1 2
46 8 2 6
46 9 2 3
46 10 2 3
46 11 2 6
46 12 2 6
46 13 2 3
46 14 2 4
46 15 2 6
46 16 2 3
46 17 2 6
46 18 2 3
46 19 2 3
46 20 2 6
46 21 2 3
46 22 2 6
46 23 0 1
46 24 0 1
46 25 0 1
46 26 0 1
46 27 0 1
46 28 1 3
46 29 0 1
46 30 0 1
46 31 0 1
46 32 0 1
46 33 0 1
46 34 0 1
46 35 0 1
46 36 0 1
46 37 0 1
46 38 2 3
46 39 0 1
46 40 0 1
46 41 2 6
46 42 0 1
46 43 0 1
46 44 0 1
46 45 0 1
46 46 0 1
46 47 0 1
46 48 0 1
46 49 0 1
46 50 0 1
46 51 0 1
46 52 0 1
46 53 0 1
46 54 0 1
46 55 0 1
46 56 0 1
46 57 0 1
46 58 0 1
46 59 0 1
46 60 0 1
46 61 0 1
46 62 0 1
46 63 0 1
46 64 0 1
46 65 0 1
46 66 0 1
46 67 2 3
46 68 0 1
46 69 0 1
46 70 0 1
46 71 0 1
46 72 0 1
46 73 0 1
46 74 0 1
46 75 0 1
46 76 0 1
46 77 0 1
46 78 0 1
46 79 0 1
46 80 0 1
46 81 0 1
46 82 0 1
46 83 0 1
46 84 0 1
46 85 1 3
46 86 2 5
46 87 5 12
46 88 6 14
46 89 4 11
46 90 6 13
46 91 4 11
46 92 3 9
46 93 7 13
46 94 9 11
46 95 3 8
46 96 6 11
46 97 6 14
46 98 6 11
46 99 3 7
46 100 0 1
47 1 3 10
47 2 5 12
47 3 4 11
47 4 5 12
47 5 2 6
47 6 2 6
47 7 2 6
47 8 2 6
47 9 1 2
47 10 2 6
47 11 2 3
47 12 2 3
47 13 2 6
47 14 2 6
47 15 2 3
47 16 2 4
47 17 2 6
47 18 2 3
47 19 2 6
47 20 2 3
47 21 2 3
47 22 2 6
47 23 2 3
47 24 2 6
47 25 0 1
47 26 0 1
47 27 0 1
47 28 0 1
47 29 0 1
47 30 1 3
47 31 0 1
47 32 0 1
47 33 0 1
47 34 0 1
47 35 0 1
47 36 0 1
47 37 0 1
47 38 0 1
47 39 0 1
47 40 0 1
47 41 0 1
47 42 0 1
47 43 0 1
47 44 0 1
47 45 0 1
47 46 0 1
47 47 0 1
47 48 0 1
47 49 0 1
47 50 0 1
47 51 2 3
47 52 0 1
47 53 0 1
47 54 0 1
47 55 0 1
47 56 0 1
47 57 0 1
47 58 2 3
47 59 0 1
47 60 0 1
47 61 0 1
47 62 0 1
47 63 0 1
47 64 0 1
47 65 0 1
47 66 0 1
47 67 0 1
47 68 0 1
47 69 0 1
47 70 0 1
47 71 0 1
47 72 0 1
47 73 0 1
47 74 0 1
47 75 0 1
47 76 0 1
47 77 0 1
47 78 0 1
47 79 0 1
47 80 0 1
47 81 0 1
47 82 0 1
47 83 0 1
47 84 0 1
47 85 0 1
47 86 17 14
47 87 6 12
47 88 6 10
47 89 4 10
47 90 5 12
47 91 1 4
47 92 1 7
47 93 2 9
47 94 7 13
47 95 3 6
47 96 8 13
47 97 4 7
47 98 3 12
47 99 0 1
47 100 0 1
48 1 5 12
48 2 3 10
48 3 2 9
48 4 4 11
48 5 5 12
48 6 2 6
48 7 2 6
48 8 2 6
48 9 2 6
48 10 1 2
48 11 2 6
48 12 2 3
48 13 2 3
48 14 2 6
48 15 2 6
48 16 2 3
48 17 2 4
48 18 2 6
48 19 2 3
48 20 2 6
48 21 2 3
48 22 2 3
48 23 2 6
48 24 2 3
48 25 2 6
48 26 0 1
48 27 0 1
48 28 0 1
48 29 0 1
48 30 0 1
48 31 1 3
48 32 0 1
48 33 2 3
48 34 0 1
48 35 0 1
48 36 0 1
48 37 1 2
48 38 0 1
48 39 1 3
48 40 0 1
48 41 0 1
48 42 0 1
48 43 0 1
48 44 0 1
48 45 0 1
48 46 0 1
48 47 0 1
48 48 0 1
48 49 0 1
48 50 0 1
48 51 0 1
48 52 0 1
48 53 0 1
48 54 0 1
48 55 0 1
48 56 0 1
48 57 0 1
48 58 0 1
48 59 0 1
48 60 0 1
48 61 0 1
48 62 0 1
48 63 0 1
48 64 0 1
48 65 0 1
48 66 0 1
48 67 0 1
48 68 0 1
48 69 0 1
48 70 0 1
48 71 0 1
48 72 0 1
48 73 0 1
48 74 0 1
48 75 0 1
48 76 0 1
48 77 0 1
48 78 0 1
48 79 0 1
48 80 0 1
48 81 0 1
48 82 0 1
48 83 0 1
48 84 0 1
48 85 3 8
48 86 9 10
48 87 6 9
48 88 3 12
48 89 4 13
48 90 5 13
48 91 5 9
48 92 4 12
48 93 1 4
48 94 6 10
48 95 4 9
48 96 4 9
48 97 3 13
48 98 1 11
48 99 5 12
48 100 0 1
49 1 5 12
49 2 2 9
49 3 3 10
49 4 5 12
49 5 4 11
49 6 2 6
49 7 2 6
49 8 2 6
49 9 2 6
49 10 1 2
49 11 2 6
49 12 2 3
49 13 2 3
49 14 2 6
49 15 2 6
49 16 2 3
49 17 2 4
49 18 2 6
49 19 2 3
49 20 2 6
49 21 2 3
49 22 2 3
49 23 2 6
49 24 2 3
49 25 2 6
49 26 0 1
49 27 0 1
49 28 0 1
49 29 0 1
49 30 0 1
49 31 1 2
49 32 0 1
49 33 0 1
49 34 0 1
49 35 0 1
49 36 0 1
49 37 0 1
49 38 0 1
49 39 0 1
49 40 2 4
49 41 0 1
49 42 0 1
49 43 0 1
49 44 0 1
49 45 0 1
49 46 0 1
49 47 0 1
49 48 2 4
49 49 0 1
49 50 0 1
49 51 0 1
49 52 0 1
49 53 0 1
49 54 0 1
49 55 0 1
49 56 0 1
49 57 0 1
49 58 0 1
49 59 0 1
49 60 0 1
49 61 0 1
49 62 0 1
49 63 0 1
49 64 0 1
49 65 0 1
49 66 0 1
49 67 0 1
49 68 0 1
49 69 0 1
49 70 0 1
49 71 0 1
49 72 0 1
49 73 0 1
49 74 0 1
49 75 0 1
49 76 0 1
49 77 0 1
49 78 0 1
49 79 0 1
49 80 0 1
49 81 2 14
49 82 3 8
49 83 2 5
49 84 2 4
49 85 4 12
49 86 3 10
49 87 4 12
49 88 5 14
49 89 10 15
49 90 6 10
49 91 7 13
49 92 3 8
49 93 5 14
49 94 6 13
49 95 2 10
49 96 4 9
49 97 8 14
49 98 0 1
49 99 0 1
49 100 0 1
50 1 2 9
50 2 8 12
50 3 3 8
50 4 3 10
50 5 4 11
50 6 5 12
50 7 10 13
50 8 2 6
50 9 2 6
50 10 2 6
50 11 2 6
50 12 1 2
50 13 2 6
50 14 2 3
50 15 2 3
50 16 2 6
50 17 2 6
50 18 2 3
50 19 2 4
50 20 2 6
50 21 2 3
50 22 2 6
50 23 2 3
50 24 2 3
50 25 2 6
50 26 2 3
50 27 2 6
50 28 0 1
50 29 0 1
50 30 0 1
50 31 0 1
50 32 0 1
50 33 0 1
50 34 0 1
50 35 0 1
50 36 0 1
50 37 0 1
50 38 0 1
50 39 2 3
50 40 0 1
50 41 0 1
50 42 0 1
50 43 0 1
50 44 0 1
50 45 3 11
50 46 0 1
50 47 0 1
50 48 0 1
50 49 0 1
50 50 0 1
50 51 0 1
50 52 2 4
50 53 0 1
50 54 0 1
50 55 0 1
50 56 0 1
50 57 0 1
50 58 0 1
50 59 1 2
50 60 0 1
50 61 0 1
50 62 0 1
50 63 0 1
50 64 0 1
50 65 0 1
50 66 0 1
50 67 0 1
50 68 0 1
50 69 0 1
50 70 0 1
50 71 0 1
50 72 0 1
50 73 0 1
50 74 0 1
50 75 0 1
50 76 0 1
50 77 1 2
50 78 0 1
50 79 0 1
50 80 0 1
50 81 0 1
50 82 0 1
50 83 0 1
50 84 0 1
50 85 0 1
50 86 0 1
50 87 0 1
50 88 0 1
50 89 0 1
50 90 0 1
50 91 0 1
50 92 0 1
50 93 0 1
50 94 6 12
50 95 8 13
50 96 4 11
50 97 5 12
50 98 9 12
50 99 0 1
50 100 0 1
51 1 2 9
51 2 3 10
51 3 2 6
51 4 2 6
51 5 2 6
51 6 2 6
51 7 1 2
51 8 2 6
51 9 2 3
51 10 2 3
51 11 2 6
51 12 2 6
51 13 2 3
51 14 2 4
51 15 2 6
51 16 2 3
51 17 2 6
51 18 2 3
51 19 2 3
51 20 2 6
51 21 2 3
51 22 2 6
51 23 0 1
51 24 0 1
51 25 0 1
51 26 0 1
51 27 0 1
51 28 0 1
51 29 2 3
51 30 0 1
51 31 0 1
51 32 0 1
51 33 0 1
51 34 0 1
51 35 0 1
51 36 0 1
51 37 0 1
51 38 0 1
51 39 0 1
51 40 0 1
51 41 0 1
51 42 0 1
51 43 0 1
51 44 0 1
51 45 0 1
51 46 0 1
51 47 2 3
51 48 0 1
51 49 0 1
51 50 0 1
51 51 0 1
51 52 0 1
51 53 0 1
51 54 0 1
51 55 0 1
51 56 0 1
51 57 1 2
51 58 0 1
51 59 0 1
51 60 0 1
51 61 0 1
51 62 0 1
51 63 0 1
51 64 1 2
51 65 0 1
51 66 1 2
51 67 0 1
51 68 0 1
51 69 0 1
51 70 0 1
51 71 2 3
51 72 0 1
51 73 0 1
51 74 0 1
51 75 0 1
51 76 0 1
51 77 1 2
51 78 5 12
51 79 4 11
51 80 3 12
51 81 6 11
51 82 2 7
51 83 3 5
51 84 10 13
51 85 8 12
51 86 4 12
51 87 2 5
51 88 5 12
51 89 4 12
51 90 7 13
51 91 5 13
51 92 3 8
51 93 4 7
51 94 5 10
51 95 7 11
51 96 5 11
51 97 7 11
51 98 0 1
51 99 0 1
51 100 0 1
52 1 2 9
52 2 3 10
52 3 2 6
52 4 2 6
52 5 2 6
52 6 2 6
52 7 1 2
52 8 2 6
52 9 2 3
52 10 2 3
52 11 2 6
52 12 2 6
52 13 2 3
52 14 2 4
52 15 2 6
52 16 2 3
52 17 2 6
52 18 2 3
52 19 2 3
52 20 2 6
52 21 2 3
52 22 2 6
52 23 0 1
52 24 0 1
52 25 0 1
52 26 0 1
52 27 0 1
52 28 0 1
52 29 2 3
52 30 0 1
52 31 0 1
52 32 0 1
52 33 0 1
52 34 0 1
52 35 0 1
52 36 0 1
52 37 0 1
52 38 0 1
52 39 0 1
52 40 0 1
52 41 0 1
52 42 0 1
52 43 0 1
52 44 0 1
52 45 1 2
52 46 0 1
52 47 0 1
52 48 0 1
52 49 0 1
52 50 0 1
52 51 0 1
52 52 0 1
52 53 0 1
52 54 0 1
52 55 0 1
52 56 0 1
52 57 0 1
52 58 0 1
52 59 0 1
52 60 1 2
52 61 0 1
52 62 0 1
52 63 0 1
52 64 0 1
52 65 0 1
52 66 0 1
52 67 0 1
52 68 0 1
52 69 0 1
52 70 0 1
52 71 0 1
52 72 0 1
52 73 0 1
52 74 0 1
52 75 0 1
52 76 0 1
52 77 0 1
52 78 0 1
52 79 0 1
52 80 0 1
52 81 0 1
52 82 0 1
52 83 1 2
52 84 0 1
52 85 4 13
52 86 8 12
52 87 5 14
52 88 7 8
52 89 6 12
52 90 4 6
52 91 5 9
52 92 3 4
52 93 7 15
52 94 3 12
52 95 5 15
52 96 3 8
52 97 10 15
52 98 2 3
52 99 0 1
52 100 0 1
53 1 2 9
53 2 3 10
53 3 2 6
53 4 2 6
53 5 2 6
53 6 2 6
53 7 1 2
53 8 2 6
53 9 2 3
53 10 2 3
53 11 2 6
53 12 2 6
53 13 2 3
53 14 2 4
53 15 2 6
53 16 2 3
53 17 2 6
53 18 2 3
53 19 2 3
53 20 2 6
53 21 2 3
53 22 2 6
53 23 0 1
53 24 0 1
53 25 0 1
53 26 0 1
53 27 0 1
53 28 0 1
53 29 2 3
53 30 0 1
53 31 0 1
53 32 0 1
53 33 0 1
53 34 0 1
53 35 4 6
53 36 0 1
53 37 0 1
53 38 0 1
53 39 0 1
53 40 0 1
53 41 0 1
53 42 1 2
53 43 0 1
53 44 0 1
53 45 0 1
53 46 0 1
53 47 0 1
53 48 1 2
53 49 0 1
53 50 0 1
53 51 0 1
53 52 0 1
53 53 0 1
53 54 0 1
53 55 1 2
53 56 0 1
53 57 0 1
53 58 0 1
53 59 0 1
53 60 0 1
53 61 0 1
53 62 0 1
53 63 0 1
53 64 0 1
53 65 1 2
53 66 0 1
53 67 0 1
53 68 0 1
53 69 0 1
53 70 0 1
53 71 0 1
53 72 0 1
53 73 0 1
53 74 0 1
53 75 0 1
53 76 0 1
53 77 0 1
53 78 0 1
53 79 0 1
53 80 0 1
53 81 0 1
53 82 0 1
53 83 3 11
53 84 5 11
53 85 4 12
53 86 2 6
53 87 6 12
53 88 2 4
53 89 8 14
53 90 5 14
53 91 3 10
53 92 4 14
53 93 6 13
53 94 5 11
53 95 3 13
53 96 5 12
53 97 4 10
53 98 8 14
53 99 3 4
53 100 0 1
54 1 5 13
54 2 2 9
54 3 2 6
54 4 2 6
54 5 2 6
54 6 2 6
54 7 1 2
54 8 2 6
54 9 2 3
54 10 2 3
54 11 2 6
54 12 2 6
54 13 2 3
54 14 2 4
54 15 2 6
54 16 2 3
54 17 2 6
54 18 2 3
54 19 2 3
54 20 2 6
54 21 2 3
54 22 2 6
54 23 0 1
54 24 0 1
54 25 0 1
54 26 0 1
54 27 0 1
54 28 0 1
54 29 2 3
54 30 0 1
54 31 0 1
54 32 0 1
54 33 0 1
54 34 0 1
54 35 0 1
54 36 0 1
54 37 0 1
54 38 0 1
54 39 0 1
54 40 0 1
54 41 0 1
54 42 0 1
54 43 0 1
54 44 0 1
54 45 0 1
54 46 0 1
54 47 0 1
54 48 0 1
54 49 1 2
54 50 0 1
54 51 0 1
54 52 2 4
54 53 0 1
54 54 1 2
54 55 0 1
54 56 0 1
54 57 0 1
54 58 0 1
54 59 0 1
54 60 0 1
54 61 0 1
54 62 0 1
54 63 0 1
54 64 1 2
54 65 0 1
54 66 0 1
54 67 0 1
54 68 0 1
54 69 0 1
54 70 0 1
54 71 0 1
54 72 0 1
54 73 0 1
54 74 0 1
54 75 0 1
54 76 0 1
54 77 0 1
54 78 0 1
54 79 1 3
54 80 0 1
54 81 0 1
54 82 0 1
54 83 0 1
54 84 1 2
54 85 0 1
54 86 0 1
54 87 0 1
54 88 0 1
54 89 0 1
54 90 3 10
54 91 6 10
54 92 5 15
54 93 5 13
54 94 3 4
54 95 4 9
54 96 6 13
54 97 2 4
54 98 5 13
54 99 8 12
54 100 3 14
55 1 2 9
55 2 9 12
55 3 5 13
55 4 8 13
55 5 5 13
55 6 2 6
55 7 2 6
55 8 2 6
55 9 2 6
55 10 1 2
55 11 2 6
55 12 2 3
55 13 2 3
55 14 2 6
55 15 2 6
55 16 2 3
55 17 2 4
55 18 2 6
55 19 2 3
55 20 2 6
55 21 2 3
55 22 2 3
55 23 2 6
55 24 2 3
55 25 2 6
55 26 0 1
55 27 0 1
55 28 0 1
55 29 0 1
55 30 0 1
55 31 0 1
55 32 2 3
55 33 0 1
55 34 0 1
55 35 0 1
55 36 0 1
55 37 0 1
55 38 0 1
55 39 0 1
55 40 0 1
55 41 0 1
55 42 0 1
55 43 0 1
55 44 0 1
55 45 0 1
55 46 1 2
55 47 0 1
55 48 0 1
55 49 0 1
55 50 0 1
55 51 0 1
55 52 0 1
55 53 0 1
55 54 0 1
55 55 0 1
55 56 0 1
55 57 0 1
55 58 0 1
55 59 0 1
55 60 0 1
55 61 0 1
55 62 0 1
55 63 0 1
55 64 0 1
55 65 0 1
55 66 0 1
55 67 0 1
55 68 1 2
55 69 0 1
55 70 0 1
55 71 1 2
55 72 0 1
55 73 0 1
55 74 0 1
55 75 0 1
55 76 0 1
55 77 0 1
55 78 0 1
55 79 0 1
55 80 0 1
55 81 2 3
55 82 1 2
55 83 0 1
55 84 0 1
55 85 0 1
55 86 4 13
55 87 10 13
55 88 10 11
55 89 5 15
55 90 1 2
55 91 3 10
55 92 4 11
55 93 3 8
55 94 5 11
55 95 4 10
55 96 5 13
55 97 0 1
55 98 0 1
55 99 0 1
55 100 0 1
56 1 2 9
56 2 2 6
56 3 2 6
56 4 2 6
56 5 2 6
56 6 1 2
56 7 2 6
56 8 2 3
56 9 2 3
56 10 2 6
56 11 2 6
56 12 2 3
56 13 2 4
56 14 2 6
56 15 2 3
56 16 2 6
56 17 2 3
56 18 2 3
56 19 2 6
56 20 2 3
56 21 2 6
56 22 0 1
56 23 0 1
56 24 0 1
56 25 0 1
56 26 0 1
56 27 0 1
56 28 0 1
56 29 1 2
56 30 0 1
56 31 0 1
56 32 0 1
56 33 0 1
56 34 0 1
56 35 0 1
56 36 0 1
56 37 0 1
56 38 0 1
56 39 0 1
56 40 0 1
56 41 0 1
56 42 0 1
56 43 0 1
56 44 0 1
56 45 0 1
56 46 0 1
56 47 0 1
56 48 0 1
56 49 0 1
56 50 0 1
56 51 0 1
56 52 0 1
56 53 0 1
56 54 0 1
56 55 0 1
56 56 0 1
56 57 0 1
56 58 0 1
56 59 0 1
56 60 0 1
56 61 0 1
56 62 0 1
56 63 0 1
56 64 0 1
56 65 0 1
56 66 0 1
56 67 0 1
56 68 0 1
56 69 0 1
56 70 0 1
56 71 0 1
56 72 0 1
56 73 0 1
56 74 0 1
56 75 0 1
56 76 0 1
56 77 0 1
56 78 5 13
56 79 4 11
56 80 6 14
56 81 8 13
56 82 5 13
56 83 9 12
56 84 2 7
56 85 4 8
56 86 3 10
56 87 5 13
56 88 3 11
56 89 5 12
56 90 5 9
56 91 12 14
56 92 3 13
56 93 5 7
56 94 4 10
56 95 3 14
56 96 4 11
56 97 3 12
56 98 4 14
56 99 5 10
56 100 0 1
57 1 2 6
57 2 2 6
57 3 2 6
57 4 2 6
57 5 1 2
57 6 2 6
57 7 2 3
57 8 2 3
57 9 2 6
57 10 2 6
57 11 2 3
57 12 2 4
57 13 2 6
57 14 2 3
57 15 2 6
57 16 2 3
57 17 2 3
57 18 2 6
57 19 2 3
57 20 2 6
57 21 0 1
57 22 0 1
57 23 0 1
57 24 0 1
57 25 0 1
57 26 0 1
57 27 0 1
57 28 1 2
57 29 0 1
57 30 0 1
57 31 0 1
57 32 0 1
57 33 0 1
57 34 0 1
57 35 0 1
57 36 0 1
57 37 2 3
57 38 3 4
57 39 0 1
57 40 0 1
57 41 0 1
57 42 0 1
57 43 0 1
57 44 2 3
57 45 0 1
57 46 0 1
57 47 0 1
57 48 2 3
57 49 0 1
57 50 0 1
57 51 0 1
57 52 0 1
57 53 0 1
57 54 0 1
57 55 0 1
57 56 0 1
57 57 0 1
57 58 0 1
57 59 2 3
57 60 0 1
57 61 0 1
57 62 0 1
57 63 0 1
57 64 0 1
57 65 0 1
57 66 0 1
57 67 0 1
57 68 0 1
57 69 0 1
57 70 0 1
57 71 0 1
57 72 0 1
57 73 0 1
57 74 0 1
57 75 0 1
57 76 0 1
57 77 2 3
57 78 0 1
57 79 0 1
57 80 0 1
57 81 0 1
57 82 0 1
57 83 0 1
57 84 0 1
57 85 0 1
57 86 0 1
57 87 0 1
57 88 2 10
57 89 2 9
57 90 2 11
57 91 4 6
57 92 10 14
57 93 3 11
57 94 4 13
57 95 1 3
57 96 3 12
57 97 2 5
57 98 4 6
57 99 0 1
57 100 0 1
58 1 2 6
58 2 2 6
58 3 2 6
58 4 2 6
58 5 1 2
58 6 2 6
58 7 2 3
58 8 2 3
58 9 2 6
58 10 2 6
58 11 2 3
58 12 2 4
58 13 2 6
58 14 2 3
58 15 2 6
58 16 2 3
58 17 2 3
58 18 2 6
58 19 2 3
58 20 2 6
58 21 0 1
58 22 0 1
58 23 0 1
58 24 0 1
58 25 0 1
58 26 0 1
58 27 0 1
58 28 1 2
58 29 0 1
58 30 0 1
58 31 0 1
58 32 0 1
58 33 0 1
58 34 0 1
58 35 0 1
58 36 0 1
58 37 0 1
58 38 0 1
58 39 0 1
58 40 0 1
58 41 0 1
58 42 0 1
58 43 0 1
58 44 0 1
58 45 0 1
58 46 0 1
58 47 0 1
58 48 0 1
58 49 0 1
58 50 0 1
58 51 0 1
58 52 0 1
58 53 0 1
58 54 1 2
58 55 0 1
58 56 0 1
58 57 0 1
58 58 0 1
58 59 0 1
58 60 0 1
58 61 0 1
58 62 0 1
58 63 0 1
58 64 0 1
58 65 0 1
58 66 0 1
58 67 0 1
58 68 0 1
58 69 0 1
58 70 0 1
58 71 0 1
58 72 0 1
58 73 0 1
58 74 0 1
58 75 0 1
58 76 0 1
58 77 0 1
58 78 0 1
58 79 0 1
58 80 3 6
58 81 5 13
58 82 5 11
58 83 2 6
58 84 1 7
58 85 5 11
58 86 3 7
58 87 6 14
58 88 4 8
58 89 4 10
58 90 4 14
58 91 7 12
58 92 4 9
58 93 4 11
58 94 6 13
58 95 6 13
58 96 4 12
58 97 7 12
58 98 3 7
58 99 0 1
58 100 0 1
59 1 2 6
59 2 2 6
59 3 2 6
59 4 2 6
59 5 1 2
59 6 2 6
59 7 2 3
59 8 2 3
59 9 2 6
59 10 2 6
59 11 2 3
59 12 2 4
59 13 2 6
59 14 2 3
59 15 2 6
59 16 2 3
59 17 2 3
59 18 2 6
59 19 2 3
59 20 2 6
59 21 0 1
59 22 0 1
59 23 0 1
59 24 0 1
59 25 0 1
59 26 0 1
59 27 0 1
59 28 1 2
59 29 0 1
59 30 0 1
59 31 0 1
59 32 2 3
59 33 0 1
59 34 2 3
59 35 0 1
59 36 0 1
59 37 0 1
59 38 0 1
59 39 0 1
59 40 0 1
59 41 0 1
59 42 0 1
59 43 0 1
59 44 0 1
59 45 0 1
59 46 0 1
59 47 0 1
59 48 0 1
59 49 0 1
59 50 0 1
59 51 0 1
59 52 1 3
59 53 0 1
59 54 0 1
59 55 0 1
59 56 0 1
59 57 1 4
59 58 0 1
59 59 2 3
59 60 0 1
59 61 0 1
59 62 0 1
59 63 0 1
59 64 0 1
59 65 0 1
59 66 0 1
59 67 1 3
59 68 0 1
59 69 0 1
59 70 0 1
59 71 0 1
59 72 0 1
59 73 0 1
59 74 0 1
59 75 0 1
59 76 0 1
59 77 0 1
59 78 0 1
59 79 0 1
59 80 0 1
59 81 0 1
59 82 0 1
59 83 0 1
59 84 0 7
59 85 4 13
59 86 5 13
59 87 1 2
59 88 6 11
59 89 8 13
59 90 5 13
59 91 4 11
59 92 5 12
59 93 1 3
59 94 5 13
59 95 1 3
59 96 4 9
59 97 0 1
59 98 0 1
59 99 0 1
59 100 0 1
60 1 2 6
60 2 2 6
60 3 2 6
60 4 2 6
60 5 1 2
60 6 2 6
60 7 2 3
60 8 2 3
60 9 2 6
60 10 2 6
60 11 2 3
60 12 2 4
60 13 2 6
60 14 2 3
60 15 2 6
60 16 2 3
60 17 2 3
60 18 2 6
60 19 2 3
60 20 2 6
60 21 0 1
60 22 0 1
60 23 0 1
60 24 0 1
60 25 0 1
60 26 0 1
60 27 0 1
60 28 1 2
60 29 0 1
60 30 0 1
60 31 0 1
60 32 0 1
60 33 0 1
60 34 0 1
60 35 0 1
60 36 0 1
60 37 0 1
60 38 0 1
60 39 0 1
60 40 0 1
60 41 0 1
60 42 0 1
60 43 0 1
60 44 0 1
60 45 0 1
60 46 1 3
60 47 0 1
60 48 0 1
60 49 0 1
60 50 0 1
60 51 0 1
60 52 0 1
60 53 0 1
60 54 0 1
60 55 0 1
60 56 0 1
60 57 0 1
60 58 0 1
60 59 0 1
60 60 0 1
60 61 0 1
60 62 0 1
60 63 0 1
60 64 0 1
60 65 0 1
60 66 0 1
60 67 0 1
60 68 0 1
60 69 0 1
60 70 0 1
60 71 0 1
60 72 0 1
60 73 0 1
60 74 0 1
60 75 0 1
60 76 0 1
60 77 0 1
60 78 0 1
60 79 0 1
60 80 0 1
60 81 0 1
60 82 0 1
60 83 0 1
60 84 0 1
60 85 0 1
60 86 1 3
60 87 3 8
60 88 11 12
60 89 3 6
60 90 5 6
60 91 6 14
60 92 2 9
60 93 4 7
60 94 6 14
60 95 4 11
60 96 3 11
60 97 4 10
60 98 1 3
60 99 0 1
60 100 0 1
61 1 6 14
61 2 2 6
61 3 2 6
61 4 2 6
61 5 2 6
61 6 1 2
61 7 2 6
61 8 2 3
61 9 2 3
61 10 2 6
61 11 2 6
61 12 2 3
61 13 2 4
61 14 2 6
61 15 2 3
61 16 2 6
61 17 2 3
61 18 2 3
61 19 2 6
61 20 2 3
61 21 2 6
61 22 0 1
61 23 0 1
61 24 0 1
61 25 0 1
61 26 0 1
61 27 0 1
61 28 0 1
61 29 1 2
61 30 0 1
61 31 0 1
61 32 0 1
61 33 0 1
61 34 0 1
61 35 0 1
61 36 0 1
61 37 0 1
61 38 0 1
61 39 0 1
61 40 0 1
61 41 0 1
61 42 0 1
61 43 0 1
61 44 0 1
61 45 0 1
61 46 0 1
61 47 3 8
61 48 0 1
61 49 0 1
61 50 0 1
61 51 0 1
61 52 0 1
61 53 0 1
61 54 0 1
61 55 0 1
61 56 0 1
61 57 0 1
61 58 0 1
61 59 0 1
61 60 0 1
61 61 0 1
61 62 0 1
61 63 0 1
61 64 0 1
61 65 0 1
61 66 0 1
61 67 0 1
61 68 0 1
61 69 0 1
61 70 0 1
61 71 0 1
61 72 0 1
61 73 0 1
61 74 0 1
61 75 0 1
61 76 0 1
61 77 0 1
61 78 0 1
61 79 0 1
61 80 0 1
61 81 5 12
61 82 5 11
61 83 2 5
61 84 10 13
61 85 4 11
61 86 5 12
61 87 3 9
61 88 5 12
61 89 1 5
61 90 1 3
61 91 4 14
61 92 2 10
61 93 2 6
61 94 4 11
61 95 6 11
61 96 6 13
61 97 5 14
61 98 3 11
61 99 2 10
61 100 6 12
62 1 6 14
62 2 2 6
62 3 2 6
62 4 2 6
62 5 2 6
62 6 1 2
62 7 2 6
62 8 2 3
62 9 2 3
62 10 2 6
62 11 2 6
62 12 2 3
62 13 2 4
62 14 2 6
62 15 2 3
62 16 2 6
62 17 2 3
62 18 2 3
62 19 2 6
62 20 2 3
62 21 2 6
62 22 0 1
62 23 0 1
62 24 0 1
62 25 0 1
62 26 0 1
62 27 0 1
62 28 0 1
62 29 1 2
62 30 0 1
62 31 0 1
62 32 0 1
62 33 0 1
62 34 0 1
62 35 0 1
62 36 0 1
62 37 0 1
62 38 0 1
62 39 0 1
62 40 0 1
62 41 0 1
62 42 0 1
62 43 2 3
62 44 0 1
62 45 0 1
62 46 3 4
62 47 0 1
62 48 0 1
62 49 0 1
62 50 2 3
62 51 0 1
62 52 0 1
62 53 0 1
62 54 0 1
62 55 0 1
62 56 0 1
62 57 0 1
62 58 0 1
62 59 0 1
62 60 0 1
62 61 0 1
62 62 0 1
62 63 0 1
62 64 0 1
62 65 0 1
62 66 0 1
62 67 0 1
62 68 0 1
62 69 0 1
62 70 0 1
62 71 0 1
62 72 0 1
62 73 0 1
62 74 0 1
62 75 0 1
62 76 0 1
62 77 0 1
62 78 0 1
62 79 0 1
62 80 0 1
62 81 0 1
62 82 0 1
62 83 0 1
62 84 5 14
62 85 5 13
62 86 2 6
62 87 1 5
62 88 4 6
62 89 1 5
62 90 7 13
62 91 6 12
62 92 6 14
62 93 6 10
62 94 3 11
62 95 5 13
62 96 3 13
62 97 4 12
62 98 0 1
62 99 0 1
62 100 0 1
63 1 2 6
63 2 2 6
63 3 2 6
63 4 2 6
63 5 1 2
63 6 2 6
63 7 2 3
63 8 2 3
63 9 2 6
63 10 2 6
63 11 2 3
63 12 2 4
63 13 2 6
63 14 2 3
63 15 2 6
63 16 2 3
63 17 2 3
63 18 2 6
63 19 2 3
63 20 2 6
63 21 0 1
63 22 0 1
63 23 0 1
63 24 0 1
63 25 0 1
63 26 0 1
63 27 0 1
63 28 1 2
63 29 0 1
63 30 0 1
63 31 0 1
63 32 0 1
63 33 0 1
63 34 0 1
63 35 0 1
63 36 0 1
63 37 0 1
63 38 0 1
63 39 0 1
63 40 2 3
63 41 0 1
63 42 0 1
63 43 0 1
63 44 0 1
63 45 0 1
63 46 0 1
63 47 0 1
63 48 0 1
63 49 0 1
63 50 0 1
63 51 0 1
63 52 0 1
63 53 0 1
63 54 0 1
63 55 0 1
63 56 0 1
63 57 0 1
63 58 0 1
63 59 0 1
63 60 0 1
63 61 0 1
63 62 0 1
63 63 0 1
63 64 0 1
63 65 0 1
63 66 0 1
63 67 0 1
63 68 0 1
63 69 0 1
63 70 0 1
63 71 0 1
63 72 0 1
63 73 0 1
63 74 0 1
63 75 0 1
63 76 0 1
63 77 0 1
63 78 1 2
63 79 0 1
63 80 0 1
63 81 0 1
63 82 0 1
63 83 6 14
63 84 6 14
63 85 5 14
63 86 3 5
63 87 4 6
63 88 5 12
63 89 3 9
63 90 6 13
63 91 6 10
63 92 6 15
63 93 5 13
63 94 12 13
63 95 8 13
63 96 5 12
63 97 5 12
63 98 1 3
63 99 0 1
63 100 0 1
64 1 2 6
64 2 2 6
64 3 2 6
64 4 2 6
64 5 1 2
64 6 2 6
64 7 2 3
64 8 2 3
64 9 2 6
64 10 2 6
64 11 2 3
64 12 2 4
64 13 2 6
64 14 2 3
64 15 2 6
64 16 2 3
64 17 2 3
64 18 2 6
64 19 2 3
64 20 2 6
64 21 0 1
64 22 0 1
64 23 0 1
64 24 0 1
64 25 0 1
64 26 0 1
64 27 0 1
64 28 1 2
64 29 0 1
64 30 0 1
64 31 0 1
64 32 0 1
64 33 0 1
64 34 0 1
64 35 0 1
64 36 0 1
64 37 0 1
64 38 0 1
64 39 0 1
64 40 0 1
64 41 0 1
64 42 0 1
64 43 0 1
64 44 0 1
64 45 0 1
64 46 0 1
64 47 0 1
64 48 0 1
64 49 0 1
64 50 0 1
64 51 0 1
64 52 0 1
64 53 0 1
64 54 0 1
64 55 0 1
64 56 0 1
64 57 0 1
64 58 0 1
64 59 0 1
64 60 0 1
64 61 0 1
64 62 0 1
64 63 0 1
64 64 0 1
64 65 0 1
64 66 0 1
64 67 0 1
64 68 0 1
64 69 0 1
64 70 0 1
64 71 0 1
64 72 0 1
64 73 0 1
64 74 0 1
64 75 0 1
64 76 0 1
64 77 0 1
64 78 0 1
64 79 0 1
64 80 0 1
64 81 0 1
64 82 0 1
64 83 0 1
64 84 0 1
64 85 0 1
64 86 0 1
64 87 5 15
64 88 6 11
64 89 5 8
64 90 7 13
64 91 3 11
64 92 8 13
64 93 5 12
64 94 3 7
64 95 5 11
64 96 3 6
64 97 6 10
64 98 11 13
64 99 5 11
64 100 4 6
65 1 2 6
65 2 2 6
65 3 2 6
65 4 2 6
65 5 1 2
65 6 2 6
65 7 2 3
65 8 2 3
65 9 2 6
65 10 2 6
65 11 2 3
65 12 2 4
65 13 2 6
65 14 2 3
65 15 2 6
65 16 2 3
65 17 2 3
65 18 2 6
65 19 2 3
65 20 2 6
65 21 0 1
65 22 0 1
65 23 0 1
65 24 0 1
65 25 0 1
65 26 0 1
65 27 0 1
65 28 1 2
65 29 0 1
65 30 0 1
65 31 0 1
65 32 0 1
65 33 0 1
65 34 1 2
65 35 0 1
65 36 1 2
65 37 0 1
65 38 0 1
65 39 0 1
65 40 0 1
65 41 0 1
65 42 0 1
65 43 0 1
65 44 0 1
65 45 0 1
65 46 0 1
65 47 0 1
65 48 0 1
65 49 0 1
65 50 0 1
65 51 0 1
65 52 0 1
65 53 0 1
65 54 0 1
65 55 0 1
65 56 1 2
65 57 0 1
65 58 0 1
65 59 0 1
65 60 0 1
65 61 0 1
65 62 0 1
65 63 0 1
65 64 0 1
65 65 0 1
65 66 0 1
65 67 0 1
65 68 0 1
65 69 0 1
65 70 0 1
65 71 0 1
65 72 0 1
65 73 0 1
65 74 0 1
65 75 0 1
65 76 0 1
65 77 0 1
65 78 0 1
65 79 0 1
65 80 0 1
65 81 0 1
65 82 0 1
65 83 0 1
65 84 0 1
65 85 0 1
65 86 0 1
65 87 0 1
65 88 0 1
65 89 0 1
65 90 5 13
65 91 4 7
65 92 6 11
65 93 5 15
65 94 5 12
65 95 4 8
65 96 6 12
65 97 4 8
65 98 5 10
65 99 0 1
65 100 0 1
66 1 2 6
66 2 2 6
66 3 2 6
66 4 2 6
66 5 1 2
66 6 2 6
66 7 2 3
66 8 2 3
66 9 2 6
66 10 2 6
66 11 2 3
66 12 2 4
66 13 2 6
66 14 2 3
66 15 2 6
66 16 2 3
66 17 2 3
66 18 2 6
66 19 2 3
66 20 2 6
66 21 0 1
66 22 0 1
66 23 0 1
66 24 0 1
66 25 0 1
66 26 0 1
66 27 0 1
66 28 1 2
66 29 0 1
66 30 0 1
66 31 0 1
66 32 0 1
66 33 0 1
66 34 0 1
66 35 0 1
66 36 0 1
66 37 1 2
66 38 0 1
66 39 0 1
66 40 0 1
66 41 0 1
66 42 0 1
66 43 1 6
66 44 0 1
66 45 0 1
66 46 0 1
66 47 1 2
66 48 2 6
66 49 0 1
66 50 0 1
66 51 0 1
66 52 0 1
66 53 0 1
66 54 0 1
66 55 0 1
66 56 0 1
66 57 0 1
66 58 0 1
66 59 0 1
66 60 0 1
66 61 0 1
66 62 0 1
66 63 0 1
66 64 0 1
66 65 0 1
66 66 0 1
66 67 1 2
66 68 0 1
66 69 0 1
66 70 0 1
66 71 0 1
66 72 0 1
66 73 0 1
66 74 0 1
66 75 0 1
66 76 0 1
66 77 0 1
66 78 0 1
66 79 0 1
66 80 0 1
66 81 0 1
66 82 0 1
66 83 0 1
66 84 0 1
66 85 0 1
66 86 0 1
66 87 0 1
66 88 1 2
66 89 6 12
66 90 3 11
66 91 2 3
66 92 7 11
66 93 7 13
66 94 7 13
66 95 5 9
66 96 3 9
66 97 3 10
66 98 0 1
66 99 0 1
66 100 0 1
67 1 6 12
67 2 6 10
67 3 2 13
67 4 2 6
67 5 2 6
67 6 2 6
67 7 2 6
67 8 1 2
67 9 2 6
67 10 2 3
67 11 2 3
67 12 2 6
67 13 2 6
67 14 2 3
67 15 2 4
67 16 2 6
67 17 2 3
67 18 2 6
67 19 2 3
67 20 2 3
67 21 2 6
67 22 2 3
67 23 2 6
67 24 0 1
67 25 0 1
67 26 0 1
67 27 0 1
67 28 0 1
67 29 0 1
67 30 0 1
67 31 1 2
67 32 0 1
67 33 0 1
67 34 0 1
67 35 1 2
67 36 0 1
67 37 0 1
67 38 0 1
67 39 0 1
67 40 0 1
67 41 0 1
67 42 0 1
67 43 0 1
67 44 0 1
67 45 0 1
67 46 0 1
67 47 0 1
67 48 0 1
67 49 0 1
67 50 0 1
67 51 0 1
67 52 0 1
67 53 0 1
67 54 0 1
67 55 1 2
67 56 0 1
67 57 0 1
67 58 0 1
67 59 0 1
67 60 0 1
67 61 0 1
67 62 0 1
67 63 1 2
67 64 0 1
67 65 0 1
67 66 0 1
67 67 0 1
67 68 0 1
67 69 0 1
67 70 0 1
67 71 0 1
67 72 0 1
67 73 2 3
67 74 1 2
67 75 0 1
67 76 0 1
67 77 0 1
67 78 0 1
67 79 1 2
67 80 0 1
67 81 0 1
67 82 0 1
67 83 1 2
67 84 0 1
67 85 0 1
67 86 0 1
67 87 0 1
67 88 1 2
67 89 6 11
67 90 3 11
67 91 5 11
67 92 4 8
67 93 4 8
67 94 8 12
67 95 3 11
67 96 8 12
67 97 4 11
67 98 0 1
67 99 0 1
67 100 0 1
68 1 6 12
68 2 3 8
68 3 6 10
68 4 2 6
68 5 2 6
68 6 2 6
68 7 2 6
68 8 1 2
68 9 2 6
68 10 2 3
68 11 2 3
68 12 2 6
68 13 2 6
68 14 2 3
68 15 2 4
68 16 2 6
68 17 2 3
68 18 2 6
68 19 2 3
68 20 2 3
68 21 2 6
68 22 2 3
68 23 2 6
68 24 0 1
68 25 0 1
68 26 0 1
68 27 0 1
68 28 0 1
68 29 0 1
68 30 0 1
68 31 0 1
68 32 0 1
68 33 1 2
68 34 0 1
68 35 0 1
68 36 0 1
68 37 0 1
68 38 0 1
68 39 1 2
68 40 0 1
68 41 0 1
68 42 0 1
68 43 0 1
68 44 0 1
68 45 0 1
68 46 1 2
68 47 0 1
68 48 1 2
68 49 0 1
68 50 2 3
68 51 0 1
68 52 0 1
68 53 1 2
68 54 1 2
68 55 0 1
68 56 0 1
68 57 0 1
68 58 0 1
68 59 0 1
68 60 1 2
68 61 0 1
68 62 0 1
68 63 0 1
68 64 0 1
68 65 0 1
68 66 0 1
68 67 1 2
68 68 1 2
68 69 0 1
68 70 0 1
68 71 0 1
68 72 0 1
68 73 0 1
68 74 1 2
68 75 0 1
68 76 0 1
68 77 1 2
68 78 0 1
68 79 0 1
68 80 0 1
68 81 1 2
68 82 0 1
68 83 0 1
68 84 0 1
68 85 1 2
68 86 4 6
68 87 2 13
68 88 4 12
68 89 5 11
68 90 9 13
68 91 4 14
68 92 3 5
68 93 8 14
68 94 7 14
68 95 8 13
68 96 5 12
68 97 6 12
68 98 1 4
68 99 0 1
68 100 0 1
69 1 2 6
69 2 2 6
69 3 2 6
69 4 2 6
69 5 1 2
69 6 2 6
69 7 2 3
69 8 2 3
69 9 2 6
69 10 2 6
69 11 2 3
69 12 2 4
69 13 2 6
69 14 2 3
69 15 2 6
69 16 2 3
69 17 2 3
69 18 2 6
69 19 2 3
69 20 2 6
69 21 0 1
69 22 0 1
69 23 0 1
69 24 0 1
69 25 0 1
69 26 0 1
69 27 0 1
69 28 0 1
69 29 0 1
69 30 0 1
69 31 0 1
69 32 0 1
69 33 0 1
69 34 1 2
69 35 0 1
69 36 0 1
69 37 0 1
69 38 0 1
69 39 1 2
69 40 0 1
69 41 1 8
69 42 0 1
69 43 1 2
69 44 0 1
69 45 1 2
69 46 0 1
69 47 1 2
69 48 0 1
69 49 0 1
69 50 0 1
69 51 1 2
69 52 0 1
69 53 1 2
69 54 0 1
69 55 0 1
69 56 0 1
69 57 0 1
69 58 0 1
69 59 0 1
69 60 0 1
69 61 0 1
69 62 0 1
69 63 0 1
69 64 0 1
69 65 0 1
69 66 1 2
69 67 0 1
69 68 0 1
69 69 0 1
69 70 0 1
69 71 0 1
69 72 0 1
69 73 0 1
69 74 1 2
69 75 1 2
69 76 0 1
69 77 4 7
69 78 3 8
69 79 6 10
69 80 5 13
69 81 6 10
69 82 3 9
69 83 6 12
69 84 4 8
69 85 4 12
69 86 7 13
69 87 2 8
69 88 5 14
69 89 3 6
69 90 5 6
69 91 5 7
69 92 13 11
69 93 1 4
69 94 4 10
69 95 4 8
69 96 5 11
69 97 4 6
69 98 0 1
69 99 0 1
69 100 0 1
70 1 2 6
70 2 2 6
70 3 2 6
70 4 2 6
70 5 1 2
70 6 2 6
70 7 2 3
70 8 2 3
70 9 2 6
70 10 2 6
70 11 2 3
70 12 2 4
70 13 2 6
70 14 2 3
70 15 2 6
70 16 2 3
70 17 2 3
70 18 2 6
70 19 2 3
70 20 2 6
70 21 0 1
70 22 0 1
70 23 0 1
70 24 0 1
70 25 0 1
70 26 0 1
70 27 0 1
70 28 0 1
70 29 0 1
70 30 0 1
70 31 0 1
70 32 0 1
70 33 0 1
70 34 1 2
70 35 0 1
70 36 0 1
70 37 0 1
70 38 0 1
70 39 0 1
70 40 0 1
70 41 0 1
70 42 0 1
70 43 0 1
70 44 0 1
70 45 0 1
70 46 0 1
70 47 0 1
70 48 0 1
70 49 0 1
70 50 0 1
70 51 1 2
70 52 0 1
70 53 0 1
70 54 0 1
70 55 0 1
70 56 0 1
70 57 0 1
70 58 0 1
70 59 0 1
70 60 0 1
70 61 0 1
70 62 0 1
70 63 0 1
70 64 0 1
70 65 0 1
70 66 0 1
70 67 1 2
70 68 1 2
70 69 0 1
70 70 0 1
70 71 0 1
70 72 1 2
70 73 0 1
70 74 0 1
70 75 0 1
70 76 0 1
70 77 1 2
70 78 1 2
70 79 0 1
70 80 0 1
70 81 0 1
70 82 0 1
70 83 1 2
70 84 5 12
70 85 4 13
70 86 6 12
70 87 5 14
70 88 7 15
70 89 3 6
70 90 3 13
70 91 4 7
70 92 4 14
70 93 2 4
70 94 12 14
70 95 6 12
70 96 7 15
70 97 9 12
70 98 2 4
70 99 0 1
70 100 0 1
71 1 2 6
71 2 2 6
71 3 2 6
71 4 2 6
71 5 1 2
71 6 2 6
71 7 2 3
71 8 2 3
71 9 2 6
71 10 2 6
71 11 2 3
71 12 2 4
71 13 2 6
71 14 2 3
71 15 2 6
71 16 2 3
71 17 2 3
71 18 2 6
71 19 2 3
71 20 2 6
71 21 0 1
71 22 0 1
71 23 0 1
71 24 0 1
71 25 0 1
71 26 0 1
71 27 0 1
71 28 0 1
71 29 0 1
71 30 0 1
71 31 0 1
71 32 0 1
71 33 0 1
71 34 0 1
71 35 0 1
71 36 0 1
71 37 0 1
71 38 0 1
71 39 0 1
71 40 0 1
71 41 0 1
71 42 0 1
71 43 0 1
71 44 0 1
71 45 1 2
71 46 0 1
71 47 0 1
71 48 0 1
71 49 0 1
71 50 0 1
71 51 0 1
71 52 0 1
71 53 0 1
71 54 1 2
71 55 1 2
71 56 0 1
71 57 0 1
71 58 0 1
71 59 0 1
71 60 0 1
71 61 1 3
71 62 0 1
71 63 0 1
71 64 0 1
71 65 0 1
71 66 0 1
71 67 1 2
71 68 0 1
71 69 2 3
71 70 0 1
71 71 1 2
71 72 0 1
71 73 0 1
71 74 0 1
71 75 0 1
71 76 0 1
71 77 0 1
71 78 0 1
71 79 0 1
71 80 5 9
71 81 3 10
71 82 7 12
71 83 3 7
71 84 9 13
71 85 1 5
71 86 3 6
71 87 3 9
71 88 5 14
71 89 6 14
71 90 8 12
71 91 4 13
71 92 1 3
71 93 6 14
71 94 5 9
71 95 6 13
71 96 3 11
71 97 4 11
71 98 1 2
71 99 1 2
71 100 0 1
72 1 2 6
72 2 2 6
72 3 2 6
72 4 2 6
72 5 1 2
72 6 2 6
72 7 2 3
72 8 2 3
72 9 2 6
72 10 2 6
72 11 2 3
72 12 2 4
72 13 2 6
72 14 2 3
72 15 2 6
72 16 2 3
72 17 2 3
72 18 2 6
72 19 2 3
72 20 2 6
72 21 0 1
72 22 0 1
72 23 0 1
72 24 0 1
72 25 0 1
72 26 0 1
72 27 0 1
72 28 0 1
72 29 0 1
72 30 0 1
72 31 1 2
72 32 0 1
72 33 1 2
72 34 0 1
72 35 0 1
72 36 0 1
72 37 1 2
72 38 2 3
72 39 0 1
72 40 0 1
72 41 2 3
72 42 0 1
72 43 0 1
72 44 0 1
72 45 0 1
72 46 0 1
72 47 0 1
72 48 0 1
72 49 0 1
72 50 0 1
72 51 0 1
72 52 0 1
72 53 0 1
72 54 0 1
72 55 0 1
72 56 0 1
72 57 0 1
72 58 0 1
72 59 2 3
72 60 0 1
72 61 0 1
72 62 0 1
72 63 0 1
72 64 0 1
72 65 0 1
72 66 0 1
72 67 0 1
72 68 0 1
72 69 2 3
72 70 0 1
72 71 0 1
72 72 0 1
72 73 0 1
72 74 0 1
72 75 0 1
72 76 0 1
72 77 0 1
72 78 1 2
72 79 0 1
72 80 0 1
72 81 0 1
72 82 0 1
72 83 0 1
72 84 0 1
72 85 5 13
72 86 6 14
72 87 6 11
72 88 5 10
72 89 2 4
72 90 1 8
72 91 8 10
72 92 6 13
72 93 3 8
72 94 4 13
72 95 4 15
72 96 6 12
72 97 3 8
72 98 2 11
72 99 0 1
72 100 0 1
73 1 2 6
73 2 2 6
73 3 2 6
73 4 2 6
73 5 1 2
73 6 2 6
73 7 2 3
73 8 2 3
73 9 2 6
73 10 2 6
73 11 2 3
73 12 2 4
73 13 2 6
73 14 2 3
73 15 2 6
73 16 2 3
73 17 2 3
73 18 2 6
73 19 2 3
73 20 2 6
73 21 0 1
73 22 0 1
73 23 0 1
73 24 0 1
73 25 0 1
73 26 0 1
73 27 0 1
73 28 0 1
73 29 0 1
73 30 0 1
73 31 0 1
73 32 0 1
73 33 0 1
73 34 0 1
73 35 0 1
73 36 0 1
73 37 0 1
73 38 0 1
73 39 0 1
73 40 0 1
73 41 1 2
73 42 0 1
73 43 0 1
73 44 0 1
73 45 0 1
73 46 1 2
73 47 0 1
73 48 0 1
73 49 0 1
73 50 0 1
73 51 0 1
73 52 0 1
73 53 0 1
73 54 0 1
73 55 0 1
73 56 0 1
73 57 0 1
73 58 0 1
73 59 0 1
73 60 1 2
73 61 0 1
73 62 0 1
73 63 0 1
73 64 0 1
73 65 0 1
73 66 0 1
73 67 0 1
73 68 0 1
73 69 0 1
73 70 0 1
73 71 0 1
73 72 1 2
73 73 0 1
73 74 0 1
73 75 0 1
73 76 0 1
73 77 0 1
73 78 0 1
73 79 0 1
73 80 0 1
73 81 0 1
73 82 0 1
73 83 0 1
73 84 2 3
73 85 0 1
73 86 0 1
73 87 1 2
73 88 0 1
73 89 0 1
73 90 4 13
73 91 3 10
73 92 6 11
73 93 4 12
73 94 4 9
73 95 4 12
73 96 1 2
73 97 3 4
73 98 3 7
73 99 1 5
73 100 0 1
74 1 3 8
74 2 2 6
74 3 2 6
74 4 2 6
74 5 2 6
74 6 1 2
74 7 2 6
74 8 2 3
74 9 2 3
74 10 2 6
74 11 2 6
74 12 2 3
74 13 2 4
74 14 2 6
74 15 2 3
74 16 2 6
74 17 2 3
74 18 2 3
74 19 2 6
74 20 2 3
74 21 2 6
74 22 0 1
74 23 0 1
74 24 0 1
74 25 0 1
74 26 0 1
74 27 0 1
74 28 0 1
74 29 0 1
74 30 0 1
74 31 0 1
74 32 0 1
74 33 0 1
74 34 0 1
74 35 0 1
74 36 0 1
74 37 0 1
74 38 0 1
74 39 0 1
74 40 0 1
74 41 2 3
74 42 0 1
74 43 0 1
74 44 0 1
74 45 0 1
74 46 0 1
74 47 0 1
74 48 0 1
74 49 0 1
74 50 0 1
74 51 0 1
74 52 0 1
74 53 0 1
74 54 2 3
74 55 0 1
74 56 0 1
74 57 0 1
74 58 0 1
74 59 0 1
74 60 0 1
74 61 0 1
74 62 0 1
74 63 0 1
74 64 0 1
74 65 0 1
74 66 0 1
74 67 0 1
74 68 0 1
74 69 0 1
74 70 0 1
74 71 0 1
74 72 0 1
74 73 0 1
74 74 0 1
74 75 0 1
74 76 1 2
74 77 0 1
74 78 7 12
74 79 7 14
74 80 13 14
74 81 5 13
74 82 6 12
74 83 2 3
74 84 7 11
74 85 3 11
74 86 6 14
74 87 7 13
74 88 5 12
74 89 10 11
74 90 1 2
74 91 2 5
74 92 2 3
74 93 3 11
74 94 2 6
74 95 1 7
74 96 5 13
74 97 5 13
74 98 4 8
74 99 9 15
74 100 0 1
75 1 5 13
75 2 2 6
75 3 2 6
75 4 2 6
75 5 2 6
75 6 1 2
75 7 2 6
75 8 2 3
75 9 2 3
75 10 2 6
75 11 2 6
75 12 2 3
75 13 2 4
75 14 2 6
75 15 2 3
75 16 2 6
75 17 2 3
75 18 2 3
75 19 2 6
75 20 2 3
75 21 2 6
75 22 0 1
75 23 0 1
75 24 0 1
75 25 0 1
75 26 0 1
75 27 0 1
75 28 0 1
75 29 0 1
75 30 0 1
75 31 0 1
75 32 0 1
75 33 0 1
75 34 0 1
75 35 0 1
75 36 0 1
75 37 0 1
75 38 2 3
75 39 0 1
75 40 0 1
75 41 0 1
75 42 0 1
75 43 0 1
75 44 0 1
75 45 0 1
75 46 0 1
75 47 0 1
75 48 0 1
75 49 0 1
75 50 0 1
75 51 0 1
75 52 0 1
75 53 0 1
75 54 0 1
75 55 0 1
75 56 0 1
75 57 0 1
75 58 1 4
75 59 0 1
75 60 0 1
75 61 0 1
75 62 0 1
75 63 0 1
75 64 0 1
75 65 0 1
75 66 0 1
75 67 0 1
75 68 0 1
75 69 0 1
75 70 0 1
75 71 0 1
75 72 0 1
75 73 0 1
75 74 0 1
75 75 0 1
75 76 0 1
75 77 0 1
75 78 0 1
75 79 0 1
75 80 0 1
75 81 0 1
75 82 2 3
75 83 0 1
75 84 6 13
75 85 3 8
75 86 6 12
75 87 2 3
75 88 6 15
75 89 4 13
75 90 3 8
75 91 4 7
75 92 2 3
75 93 5 12
75 94 6 13
75 95 7 12
75 96 4 10
75 97 0 1
75 98 3 6
75 99 0 1
75 100 0 1
76 1 7 7
76 2 2 6
76 3 2 6
76 4 2 6
76 5 2 6
76 6 1 2
76 7 2 6
76 8 2 3
76 9 2 3
76 10 2 6
76 11 2 6
76 12 2 3
76 13 2 4
76 14 2 6
76 15 2 3
76 16 2 6
76 17 2 3
76 18 2 3
76 19 2 6
76 20 2 3
76 21 2 6
76 22 0 1
76 23 0 1
76 24 0 1
76 25 0 1
76 26 0 1
76 27 0 1
76 28 0 1
76 29 0 1
76 30 0 1
76 31 0 1
76 32 0 1
76 33 0 1
76 34 0 1
76 35 0 1
76 36 0 1
76 37 0 1
76 38 0 1
76 39 0 1
76 40 0 1
76 41 0 1
76 42 0 1
76 43 1 2
76 44 0 1
76 45 0 1
76 46 0 1
76 47 0 1
76 48 1 2
76 49 0 1
76 50 0 1
76 51 2 4
76 52 0 1
76 53 0 1
76 54 0 1
76 55 0 1
76 56 0 1
76 57 0 1
76 58 0 1
76 59 0 1
76 60 0 1
76 61 0 1
76 62 0 1
76 63 0 1
76 64 0 1
76 65 0 1
76 66 0 1
76 67 0 1
76 68 0 1
76 69 0 1
76 70 0 1
76 71 0 1
76 72 0 1
76 73 0 1
76 74 0 1
76 75 0 1
76 76 0 1
76 77 0 1
76 78 2 3
76 79 0 1
76 80 0 1
76 81 0 1
76 82 0 1
76 83 0 1
76 84 1 4
76 85 5 13
76 86 3 5
76 87 6 14
76 88 7 13
76 89 4 10
76 90 3 8
76 91 3 4
76 92 6 12
76 93 4 11
76 94 4 12
76 95 2 3
76 96 6 15
76 97 3 10
76 98 6 14
76 99 2 10
76 100 0 1
77 1 2 6
77 2 2 6
77 3 2 6
77 4 2 6
77 5 1 2
77 6 2 6
77 7 2 3
77 8 2 3
77 9 2 6
77 10 2 6
77 11 2 3
77 12 2 4
77 13 2 6
77 14 2 3
77 15 2 6
77 16 2 3
77 17 2 3
77 18 2 6
77 19 2 3
77 20 2 6
77 21 0 1
77 22 0 1
77 23 0 1
77 24 0 1
77 25 0 1
77 26 0 1
77 27 0 1
77 28 0 1
77 29 0 1
77 30 0 1
77 31 0 1
77 32 0 1
77 33 0 1
77 34 0 1
77 35 0 1
77 36 0 1
77 37 0 1
77 38 0 1
77 39 0 1
77 40 0 1
77 41 0 1
77 42 0 1
77 43 0 1
77 44 0 1
77 45 0 1
77 46 0 1
77 47 0 1
77 48 0 1
77 49 0 1
77 50 0 1
77 51 0 1
77 52 0 1
77 53 0 1
77 54 0 1
77 55 0 1
77 56 0 1
77 57 0 1
77 58 0 1
77 59 0 1
77 60 0 1
77 61 0 1
77 62 0 1
77 63 0 1
77 64 0 1
77 65 0 1
77 66 0 1
77 67 1 3
77 68 0 1
77 69 0 1
77 70 0 1
77 71 2 3
77 72 0 1
77 73 0 1
77 74 0 1
77 75 0 1
77 76 0 1
77 77 0 1
77 78 0 1
77 79 0 1
77 80 7 7
77 81 4 7
77 82 6 10
77 83 5 11
77 84 2 13
77 85 3 7
77 86 7 12
77 87 3 9
77 88 7 15
77 89 6 14
77 90 4 13
77 91 7 15
77 92 5 9
77 93 5 12
77 94 1 9
77 95 5 10
77 96 3 11
77 97 2 9
77 98 5 11
77 99 0 1
77 100 0 1
78 1 2 6
78 2 2 6
78 3 2 6
78 4 2 6
78 5 1 2
78 6 2 6
78 7 2 3
78 8 2 3
78 9 2 6
78 10 2 6
78 11 2 3
78 12 2 4
78 13 2 6
78 14 2 3
78 15 2 6
78 16 2 3
78 17 2 3
78 18 2 6
78 19 2 3
78 20 2 6
78 21 0 1
78 22 0 1
78 23 0 1
78 24 0 1
78 25 0 1
78 26 0 1
78 27 0 1
78 28 0 1
78 29 0 1
78 30 0 1
78 31 2 3
78 32 1 3
78 33 0 1
78 34 0 1
78 35 0 1
78 36 0 1
78 37 0 1
78 38 0 1
78 39 0 1
78 40 2 3
78 41 0 1
78 42 0 1
78 43 0 1
78 44 0 1
78 45 0 1
78 46 0 1
78 47 0 1
78 48 0 1
78 49 0 1
78 50 0 1
78 51 0 1
78 52 0 1
78 53 0 1
78 54 0 1
78 55 0 1
78 56 0 1
78 57 0 1
78 58 0 1
78 59 0 1
78 60 0 1
78 61 1 3
78 62 0 1
78 63 0 1
78 64 0 1
78 65 0 1
78 66 0 1
78 67 0 1
78 68 0 1
78 69 0 1
78 70 0 1
78 71 0 1
78 72 0 1
78 73 0 1
78 74 0 1
78 75 2 4
78 76 0 1
78 77 0 1
78 78 0 1
78 79 0 1
78 80 0 1
78 81 0 1
78 82 0 1
78 83 0 1
78 84 0 1
78 85 0 1
78 86 4 10
78 87 6 13
78 88 4 9
78 89 4 8
78 90 3 12
78 91 5 11
78 92 5 9
78 93 3 10
78 94 4 13
78 95 4 14
78 96 0 1
78 97 0 1
78 98 0 1
78 99 0 1
78 100 0 1
79 1 2 6
79 2 2 6
79 3 2 6
79 4 2 6
79 5 1 2
79 6 2 6
79 7 2 3
79 8 2 3
79 9 2 6
79 10 2 6
79 11 2 3
79 12 2 4
79 13 2 6
79 14 2 3
79 15 2 6
79 16 2 3
79 17 2 3
79 18 2 6
79 19 2 3
79 20 2 6
79 21 0 1
79 22 0 1
79 23 0 1
79 24 0 1
79 25 0 1
79 26 0 1
79 27 0 1
79 28 0 1
79 29 0 1
79 30 0 1
79 31 2 3
79 32 0 1
79 33 0 1
79 34 0 1
79 35 0 1
79 36 0 1
79 37 0 1
79 38 0 1
79 39 0 1
79 40 0 1
79 41 0 1
79 42 0 1
79 43 0 1
79 44 0 1
79 45 0 1
79 46 0 1
79 47 0 1
79 48 0 1
79 49 0 1
79 50 0 1
79 51 0 1
79 52 0 1
79 53 0 1
79 54 0 1
79 55 0 1
79 56 0 1
79 57 0 1
79 58 0 1
79 59 0 1
79 60 0 1
79 61 0 1
79 62 0 1
79 63 0 1
79 64 0 1
79 65 0 1
79 66 0 1
79 67 0 1
79 68 0 1
79 69 0 1
79 70 0 1
79 71 0 1
79 72 0 1
79 73 0 1
79 74 0 1
79 75 0 1
79 76 0 1
79 77 0 1
79 78 0 1
79 79 0 1
79 80 0 1
79 81 0 1
79 82 0 1
79 83 0 1
79 84 0 1
79 85 0 1
79 86 5 11
79 87 4 11
79 88 5 11
79 89 5 9
79 90 3 8
79 91 7 13
79 92 11 10
79 93 5 10
79 94 2 7
79 95 4 10
79 96 3 9
79 97 7 11
79 98 0 1
79 99 0 1
79 100 0 1
80 1 2 3
80 2 2 6
80 3 2 6
80 4 2 6
80 5 2 6
80 6 1 2
80 7 2 6
80 8 2 3
80 9 2 3
80 10 2 6
80 11 2 6
80 12 2 3
80 13 2 4
80 14 2 6
80 15 2 3
80 16 2 6
80 17 2 3
80 18 2 3
80 19 2 6
80 20 2 3
80 21 2 6
80 22 0 1
80 23 0 1
80 24 0 1
80 25 0 1
80 26 0 1
80 27 0 1
80 28 0 1
80 29 0 1
80 30 0 1
80 31 0 1
80 32 0 1
80 33 0 1
80 34 0 1
80 35 0 1
80 36 0 1
80 37 0 1
80 38 0 1
80 39 0 1
80 40 0 1
80 41 0 1
80 42 0 1
80 43 0 1
80 44 0 1
80 45 0 1
80 46 0 1
80 47 0 1
80 48 0 1
80 49 0 1
80 50 0 1
80 51 0 1
80 52 0 1
80 53 0 1
80 54 1 3
80 55 0 1
80 56 0 1
80 57 0 1
80 58 0 1
80 59 0 1
80 60 0 1
80 61 0 1
80 62 0 1
80 63 0 1
80 64 0 1
80 65 0 1
80 66 0 1
80 67 0 1
80 68 0 1
80 69 0 1
80 70 0 1
80 71 0 1
80 72 0 1
80 73 0 1
80 74 0 1
80 75 0 1
80 76 0 1
80 77 2 3
80 78 2 3
80 79 0 1
80 80 0 1
80 81 0 1
80 82 0 1
80 83 0 1
80 84 0 1
80 85 0 1
80 86 0 1
80 87 0 1
80 88 5 9
80 89 7 15
80 90 6 13
80 91 4 15
80 92 5 15
80 93 7 15
80 94 3 7
80 95 7 13
80 96 4 13
80 97 4 10
80 98 2 5
80 99 0 1
80 100 0 1
81 1 2 6
81 2 2 6
81 3 2 6
81 4 2 6
81 5 1 2
81 6 2 6
81 7 2 3
81 8 2 3
81 9 2 6
81 10 2 6
81 11 2 3
81 12 2 4
81 13 2 6
81 14 2 3
81 15 2 6
81 16 2 3
81 17 2 3
81 18 2 6
81 19 2 3
81 20 2 6
81 21 0 1
81 22 0 1
81 23 0 1
81 24 0 1
81 25 0 1
81 26 0 1
81 27 0 1
81 28 0 1
81 29 0 1
81 30 0 1
81 31 0 1
81 32 0 1
81 33 0 1
81 34 0 1
81 35 0 1
81 36 0 1
81 37 0 1
81 38 0 1
81 39 0 1
81 40 0 1
81 41 1 3
81 42 0 1
81 43 0 1
81 44 0 1
81 45 0 1
81 46 0 1
81 47 0 1
81 48 0 1
81 49 0 1
81 50 0 1
81 51 0 1
81 52 0 1
81 53 0 1
81 54 0 1
81 55 0 1
81 56 0 1
81 57 0 1
81 58 0 1
81 59 0 1
81 60 0 1
81 61 0 1
81 62 0 1
81 63 0 1
81 64 0 1
81 65 0 1
81 66 0 1
81 67 0 1
81 68 0 1
81 69 0 1
81 70 0 1
81 71 0 1
81 72 0 1
81 73 0 1
81 74 2 3
81 75 0 1
81 76 0 1
81 77 0 1
81 78 0 1
81 79 0 1
81 80 0 1
81 81 0 1
81 82 0 1
81 83 0 1
81 84 0 1
81 85 0 1
81 86 0 1
81 87 2 3
81 88 0 1
81 89 4 13
81 90 2 3
81 91 5 12
81 92 2 4
81 93 6 14
81 94 4 10
81 95 3 9
81 96 3 5
81 97 4 12
81 98 3 5
81 99 3 12
81 100 0 1
82 1 2 6
82 2 2 6
82 3 2 6
82 4 2 6
82 5 1 2
82 6 2 6
82 7 2 3
82 8 2 3
82 9 2 6
82 10 2 6
82 11 2 3
82 12 2 4
82 13 2 6
82 14 2 3
82 15 2 6
82 16 2 3
82 17 2 3
82 18 2 6
82 19 2 3
82 20 2 6
82 21 0 1
82 22 0 1
82 23 0 1
82 24 0 1
82 25 0 1
82 26 0 1
82 27 0 1
82 28 0 1
82 29 0 1
82 30 0 1
82 31 0 1
82 32 0 1
82 33 0 1
82 34 0 1
82 35 0 1
82 36 0 1
82 37 0 1
82 38 0 1
82 39 0 1
82 40 0 1
82 41 0 1
82 42 0 1
82 43 0 1
82 44 0 1
82 45 0 1
82 46 0 1
82 47 0 1
82 48 0 1
82 49 0 1
82 50 0 1
82 51 0 1
82 52 0 1
82 53 0 1
82 54 0 1
82 55 0 1
82 56 0 1
82 57 0 1
82 58 0 1
82 59 0 1
82 60 0 1
82 61 0 1
82 62 0 1
82 63 1 3
82 64 0 1
82 65 0 1
82 66 0 1
82 67 0 1
82 68 0 1
82 69 0 1
82 70 0 1
82 71 0 1
82 72 0 1
82 73 0 1
82 74 0 1
82 75 0 1
82 76 0 1
82 77 0 1
82 78 0 1
82 79 0 1
82 80 0 1
82 81 0 1
82 82 0 1
82 83 0 1
82 84 0 1
82 85 2 3
82 86 0 1
82 87 0 1
82 88 0 1
82 89 3 12
82 90 6 12
82 91 6 13
82 92 4 9
82 93 4 6
82 94 7 13
82 95 4 11
82 96 5 13
82 97 5 12
82 98 7 13
82 99 2 10
82 100 4 15
83 1 1 9
83 2 2 6
83 3 2 6
83 4 2 6
83 5 2 6
83 6 1 2
83 7 2 6
83 8 2 3
83 9 2 3
83 10 2 6
83 11 2 6
83 12 2 3
83 13 2 4
83 14 2 6
83 15 2 3
83 16 2 6
83 17 2 3
83 18 2 3
83 19 2 6
83 20 2 3
83 21 2 6
83 22 0 1
83 23 0 1
83 24 0 1
83 25 0 1
83 26 0 1
83 27 0 1
83 28 0 1
83 29 0 1
83 30 0 1
83 31 0 1
83 32 0 1
83 33 0 1
83 34 0 1
83 35 0 1
83 36 1 2
83 37 0 1
83 38 0 1
83 39 0 1
83 40 0 1
83 41 0 1
83 42 0 1
83 43 0 1
83 44 0 1
83 45 0 1
83 46 0 1
83 47 0 1
83 48 0 1
83 49 0 1
83 50 0 1
83 51 0 1
83 52 0 1
83 53 0 1
83 54 0 1
83 55 0 1
83 56 0 1
83 57 0 1
83 58 0 1
83 59 0 1
83 60 0 1
83 61 0 1
83 62 0 1
83 63 0 1
83 64 0 1
83 65 0 1
83 66 0 1
83 67 0 1
83 68 0 1
83 69 0 1
83 70 0 1
83 71 0 1
83 72 0 1
83 73 0 1
83 74 0 1
83 75 0 1
83 76 0 1
83 77 0 1
83 78 0 1
83 79 0 1
83 80 0 1
83 81 6 14
83 82 5 12
83 83 4 5
83 84 7 13
83 85 2 10
83 86 4 9
83 87 9 13
83 88 9 9
83 89 4 9
83 90 4 11
83 91 5 11
83 92 4 12
83 93 3 9
83 94 4 11
83 95 3 10
83 96 3 7
83 97 4 11
83 98 3 13
83 99 2 9
83 100 4 8
84 1 6 12
84 2 2 6
84 3 2 6
84 4 2 6
84 5 2 6
84 6 1 2
84 7 2 6
84 8 2 3
84 9 2 3
84 10 2 6
84 11 2 6
84 12 2 3
84 13 2 4
84 14 2 6
84 15 2 3
84 16 2 6
84 17 2 3
84 18 2 3
84 19 2 6
84 20 2 3
84 21 2 6
84 22 0 1
84 23 0 1
84 24 0 1
84 25 0 1
84 26 0 1
84 27 0 1
84 28 0 1
84 29 0 1
84 30 0 1
84 31 4 13
84 32 0 1
84 33 0 1
84 34 0 1
84 35 0 1
84 36 0 1
84 37 0 1
84 38 0 1
84 39 0 1
84 40 0 1
84 41 0 1
84 42 0 1
84 43 0 1
84 44 0 1
84 45 0 1
84 46 0 1
84 47 0 1
84 48 0 1
84 49 0 1
84 50 0 1
84 51 0 1
84 52 0 1
84 53 0 1
84 54 0 1
84 55 0 1
84 56 0 1
84 57 0 1
84 58 2 3
84 59 0 1
84 60 0 1
84 61 0 1
84 62 0 1
84 63 0 1
84 64 0 1
84 65 0 1
84 66 0 1
84 67 0 1
84 68 0 1
84 69 0 1
84 70 0 1
84 71 0 1
84 72 0 1
84 73 0 1
84 74 0 1
84 75 0 1
84 76 0 1
84 77 0 1
84 78 0 1
84 79 0 1
84 80 0 1
84 81 0 3
84 82 0 1
84 83 0 1
84 84 0 1
84 85 0 1
84 86 4 13
84 87 8 14
84 88 1 9
84 89 7 14
84 90 4 11
84 91 3 9
84 92 2 7
84 93 11 12
84 94 5 14
84 95 4 12
84 96 3 12
84 97 3 9
84 98 5 12
84 99 0 1
84 100 0 1
85 1 1 3
85 2 2 6
85 3 2 6
85 4 2 6
85 5 2 6
85 6 1 2
85 7 2 6
85 8 2 3
85 9 2 3
85 10 2 6
85 11 2 6
85 12 2 3
85 13 2 4
85 14 2 6
85 15 2 3
85 16 2 6
85 17 2 3
85 18 2 3
85 19 2 6
85 20 2 3
85 21 2 6
85 22 0 1
85 23 0 1
85 24 0 1
85 25 0 1
85 26 0 1
85 27 0 1
85 28 0 1
85 29 0 1
85 30 0 1
85 31 0 1
85 32 0 1
85 33 0 1
85 34 0 1
85 35 0 1
85 36 0 1
85 37 0 1
85 38 0 1
85 39 0 1
85 40 0 1
85 41 0 1
85 42 0 1
85 43 0 1
85 44 0 1
85 45 0 1
85 46 0 1
85 47 0 1
85 48 0 1
85 49 0 1
85 50 0 1
85 51 0 1
85 52 0 1
85 53 0 1
85 54 0 1
85 55 0 1
85 56 0 1
85 57 0 1
85 58 0 1
85 59 0 1
85 60 0 1
85 61 0 1
85 62 0 1
85 63 0 1
85 64 0 1
85 65 0 1
85 66 0 1
85 67 0 1
85 68 0 1
85 69 0 1
85 70 0 1
85 71 0 1
85 72 0 1
85 73 0 1
85 74 0 1
85 75 0 1
85 76 0 3
85 77 0 1
85 78 0 1
85 79 0 1
85 80 0 1
85 81 0 1
85 82 0 1
85 83 0 1
85 84 0 1
85 85 5 14
85 86 4 5
85 87 6 12
85 88 4 14
85 89 7 12
85 90 12 15
85 91 4 11
85 92 5 12
85 93 6 9
85 94 5 14
85 95 6 12
85 96 4 14
85 97 6 14
85 98 2 7
85 99 0 1
85 100 0 1
86 1 2 6
86 2 2 6
86 3 2 6
86 4 2 6
86 5 1 2
86 6 2 6
86 7 2 3
86 8 2 3
86 9 2 6
86 10 2 6
86 11 2 3
86 12 2 4
86 13 2 6
86 14 2 3
86 15 2 6
86 16 2 3
86 17 2 3
86 18 2 6
86 19 2 3
86 20 2 6
86 21 0 1
86 22 0 1
86 23 0 1
86 24 0 1
86 25 0 1
86 26 0 1
86 27 0 1
86 28 0 1
86 29 0 1
86 30 1 3
86 31 0 1
86 32 0 1
86 33 0 1
86 34 0 1
86 35 0 1
86 36 0 1
86 37 0 1
86 38 0 1
86 39 0 1
86 40 0 1
86 41 0 1
86 42 0 1
86 43 0 1
86 44 0 1
86 45 0 1
86 46 0 1
86 47 0 1
86 48 0 1
86 49 0 1
86 50 0 1
86 51 0 1
86 52 0 1
86 53 0 1
86 54 0 1
86 55 0 1
86 56 0 1
86 57 0 1
86 58 0 1
86 59 0 1
86 60 0 1
86 61 0 1
86 62 0 1
86 63 1 2
86 64 0 1
86 65 0 1
86 66 0 1
86 67 0 1
86 68 0 1
86 69 0 1
86 70 0 1
86 71 0 1
86 72 0 1
86 73 0 1
86 74 0 1
86 75 0 1
86 76 0 1
86 77 0 1
86 78 0 1
86 79 0 1
86 80 0 1
86 81 0 1
86 82 0 1
86 83 0 1
86 84 0 1
86 85 0 1
86 86 0 1
86 87 0 1
86 88 0 1
86 89 1 3
86 90 1 3
86 91 2 3
86 92 4 12
86 93 5 10
86 94 5 12
86 95 9 14
86 96 5 10
86 97 4 10
86 98 4 10
86 99 5 13
86 100 0 1
87 1 2 6
87 2 2 6
87 3 2 6
87 4 2 6
87 5 1 2
87 6 2 6
87 7 2 3
87 8 2 3
87 9 2 6
87 10 2 6
87 11 2 3
87 12 2 4
87 13 2 6
87 14 2 3
87 15 2 6
87 16 2 3
87 17 2 3
87 18 2 6
87 19 2 3
87 20 2 6
87 21 0 1
87 22 0 1
87 23 0 1
87 24 0 1
87 25 0 1
87 26 0 1
87 27 0 1
87 28 0 1
87 29 0 1
87 30 1 3
87 31 0 1
87 32 0 1
87 33 0 1
87 34 0 1
87 35 0 1
87 36 0 1
87 37 0 1
87 38 0 1
87 39 0 1
87 40 0 1
87 41 0 1
87 42 0 1
87 43 0 1
87 44 2 3
87 45 0 1
87 46 0 1
87 47 0 1
87 48 0 1
87 49 2 3
87 50 0 1
87 51 0 1
87 52 0 1
87 53 0 1
87 54 0 1
87 55 0 1
87 56 0 1
87 57 0 1
87 58 0 1
87 59 0 1
87 60 0 1
87 61 0 1
87 62 0 1
87 63 0 1
87 64 0 1
87 65 0 1
87 66 0 1
87 67 0 1
87 68 0 1
87 69 0 1
87 70 0 1
87 71 0 1
87 72 0 1
87 73 0 1
87 74 0 1
87 75 0 1
87 76 0 1
87 77 0 1
87 78 0 1
87 79 0 1
87 80 0 1
87 81 0 1
87 82 0 1
87 83 3 12
87 84 7 12
87 85 5 15
87 86 5 12
87 87 2 10
87 88 3 9
87 89 9 12
87 90 4 13
87 91 5 13
87 92 3 11
87 93 1 6
87 94 4 13
87 95 1 4
87 96 7 11
87 97 0 1
87 98 0 1
87 99 0 1
87 100 0 1
88 1 2 6
88 2 2 6
88 3 2 6
88 4 2 6
88 5 1 2
88 6 2 6
88 7 2 3
88 8 2 3
88 9 2 6
88 10 2 6
88 11 2 3
88 12 2 4
88 13 2 6
88 14 2 3
88 15 2 6
88 16 2 3
88 17 2 3
88 18 2 6
88 19 2 3
88 20 2 6
88 21 0 1
88 22 0 1
88 23 0 1
88 24 0 1
88 25 0 1
88 26 0 1
88 27 0 1
88 28 0 1
88 29 0 1
88 30 1 3
88 31 0 1
88 32 0 1
88 33 0 1
88 34 0 1
88 35 0 1
88 36 0 1
88 37 0 1
88 38 0 1
88 39 0 1
88 40 0 1
88 41 0 1
88 42 0 1
88 43 0 1
88 44 0 1
88 45 0 1
88 46 0 1
88 47 0 1
88 48 0 1
88 49 1 3
88 50 0 1
88 51 0 1
88 52 0 1
88 53 0 1
88 54 0 1
88 55 0 1
88 56 2 3
88 57 0 1
88 58 0 1
88 59 0 1
88 60 0 1
88 61 0 1
88 62 0 1
88 63 2 3
88 64 0 1
88 65 0 1
88 66 0 1
88 67 0 1
88 68 0 1
88 69 0 1
88 70 0 1
88 71 0 1
88 72 0 1
88 73 0 1
88 74 0 1
88 75 0 1
88 76 0 1
88 77 0 1
88 78 0 1
88 79 0 1
88 80 0 1
88 81 0 1
88 82 0 1
88 83 0 1
88 84 0 1
88 85 5 6
88 86 10 13
88 87 2 7
88 88 3 6
88 89 4 9
88 90 10 11
88 91 5 11
88 92 5 10
88 93 9 14
88 94 4 12
88 95 6 13
88 96 3 10
88 97 13 13
88 98 3 12
88 99 0 1
88 100 0 1
89 1 2 6
89 2 2 6
89 3 2 6
89 4 2 6
89 5 1 2
89 6 2 6
89 7 2 3
89 8 2 3
89 9 2 6
89 10 2 6
89 11 2 3
89 12 2 4
89 13 2 6
89 14 2 3
89 15 2 6
89 16 2 3
89 17 2 3
89 18 2 6
89 19 2 3
89 20 2 6
89 21 0 1
89 22 0 1
89 23 0 1
89 24 0 1
89 25 0 1
89 26 0 1
89 27 0 1
89 28 0 1
89 29 0 1
89 30 1 3
89 31 0 1
89 32 0 1
89 33 0 1
89 34 0 1
89 35 0 1
89 36 0 1
89 37 0 1
89 38 0 1
89 39 0 1
89 40 0 1
89 41 0 1
89 42 0 1
89 43 0 1
89 44 0 1
89 45 0 1
89 46 0 1
89 47 0 1
89 48 0 1
89 49 0 1
89 50 0 1
89 51 0 1
89 52 0 1
89 53 0 1
89 54 0 1
89 55 0 1
89 56 0 1
89 57 0 1
89 58 0 1
89 59 0 1
89 60 0 1
89 61 0 1
89 62 0 1
89 63 0 1
89 64 0 1
89 65 0 1
89 66 0 1
89 67 0 1
89 68 0 1
89 69 0 1
89 70 0 1
89 71 0 1
89 72 0 1
89 73 0 1
89 74 0 1
89 75 0 1
89 76 0 1
89 77 0 1
89 78 0 1
89 79 0 1
89 80 0 1
89 81 0 1
89 82 0 1
89 83 0 1
89 84 0 1
89 85 0 1
89 86 2 3
89 87 0 1
89 88 0 1
89 89 1 3
89 90 0 1
89 91 6 13
89 92 3 10
89 93 6 11
89 94 3 4
89 95 4 10
89 96 2 8
89 97 2 3
89 98 6 12
89 99 4 11
89 100 3 13
90 1 2 6
90 2 2 6
90 3 2 6
90 4 2 6
90 5 1 2
90 6 2 6
90 7 2 3
90 8 2 3
90 9 2 6
90 10 2 6
90 11 2 3
90 12 2 4
90 13 2 6
90 14 2 3
90 15 2 6
90 16 2 3
90 17 2 3
90 18 2 6
90 19 2 3
90 20 2 6
90 21 0 1
90 22 0 1
90 23 0 1
90 24 0 1
90 25 0 1
90 26 0 1
90 27 0 1
90 28 0 1
90 29 0 1
90 30 1 3
90 31 0 1
90 32 0 1
90 33 0 1
90 34 0 1
90 35 0 1
90 36 0 1
90 37 0 1
90 38 0 1
90 39 0 1
90 40 0 1
90 41 0 1
90 42 0 1
90 43 0 1
90 44 0 1
90 45 0 1
90 46 0 1
90 47 0 1
90 48 0 1
90 49 0 1
90 50 0 1
90 51 0 1
90 52 0 1
90 53 0 1
90 54 0 1
90 55 0 1
90 56 0 1
90 57 0 1
90 58 0 1
90 59 0 1
90 60 0 1
90 61 0 1
90 62 0 1
90 63 0 1
90 64 0 1
90 65 0 1
90 66 0 1
90 67 0 1
90 68 0 1
90 69 0 1
90 70 0 1
90 71 0 1
90 72 0 1
90 73 0 1
90 74 0 1
90 75 0 1
90 76 0 1
90 77 0 1
90 78 0 1
90 79 0 1
90 80 0 1
90 81 0 1
90 82 0 1
90 83 0 1
90 84 0 1
90 85 5 8
90 86 4 7
90 87 4 10
90 88 3 6
90 89 5 10
90 90 9 14
90 91 1 4
90 92 5 9
90 93 1 4
90 94 5 11
90 95 6 14
90 96 4 14
90 97 3 12
90 98 0 1
90 99 0 1
90 100 0 1
91 1 1 5
91 2 2 6
91 3 2 6
91 4 2 6
91 5 2 6
91 6 1 2
91 7 2 6
91 8 2 3
91 9 2 3
91 10 2 6
91 11 2 6
91 12 2 3
91 13 2 4
91 14 2 6
91 15 2 3
91 16 2 6
91 17 2 3
91 18 2 3
91 19 2 6
91 20 2 3
91 21 2 6
91 22 0 1
91 23 0 1
91 24 0 1
91 25 0 1
91 26 0 1
91 27 0 1
91 28 0 1
91 29 0 1
91 30 0 1
91 31 1 3
91 32 0 1
91 33 0 1
91 34 0 1
91 35 0 1
91 36 0 1
91 37 0 1
91 38 0 1
91 39 0 1
91 40 0 1
91 41 1 3
91 42 0 1
91 43 0 1
91 44 0 1
91 45 0 1
91 46 0 1
91 47 0 1
91 48 0 1
91 49 0 1
91 50 0 1
91 51 0 1
91 52 0 1
91 53 0 1
91 54 0 1
91 55 0 1
91 56 0 1
91 57 0 1
91 58 0 1
91 59 0 1
91 60 0 1
91 61 0 1
91 62 0 1
91 63 0 1
91 64 0 1
91 65 0 1
91 66 0 1
91 67 0 1
91 68 0 1
91 69 0 1
91 70 0 1
91 71 0 1
91 72 0 1
91 73 0 1
91 74 0 1
91 75 0 1
91 76 0 1
91 77 0 1
91 78 0 1
91 79 0 1
91 80 0 1
91 81 0 1
91 82 0 1
91 83 0 1
91 84 0 1
91 85 0 1
91 86 2 7
91 87 5 10
91 88 8 11
91 89 3 7
91 90 5 9
91 91 8 13
91 92 4 8
91 93 6 11
91 94 4 10
91 95 5 14
91 96 4 10
91 97 6 14
91 98 1 11
91 99 0 1
91 100 0 1
92 1 2 6
92 2 2 6
92 3 2 6
92 4 2 6
92 5 1 2
92 6 2 6
92 7 2 3
92 8 2 3
92 9 2 6
92 10 2 6
92 11 2 3
92 12 2 4
92 13 2 6
92 14 2 3
92 15 2 6
92 16 2 3
92 17 2 3
92 18 2 6
92 19 2 3
92 20 2 6
92 21 0 1
92 22 0 1
92 23 0 1
92 24 0 1
92 25 0 1
92 26 0 1
92 27 0 1
92 28 0 1
92 29 0 1
92 30 0 1
92 31 0 1
92 32 0 1
92 33 0 1
92 34 2 3
92 35 0 1
92 36 0 1
92 37 0 1
92 38 0 1
92 39 0 1
92 40 0 1
92 41 0 1
92 42 0 1
92 43 0 1
92 44 0 1
92 45 0 1
92 46 0 1
92 47 0 1
92 48 0 1
92 49 0 1
92 50 0 1
92 51 0 1
92 52 0 1
92 53 0 1
92 54 0 1
92 55 0 1
92 56 0 1
92 57 0 1
92 58 0 1
92 59 0 1
92 60 1 3
92 61 0 1
92 62 0 1
92 63 0 1
92 64 0 1
92 65 0 1
92 66 0 1
92 67 0 1
92 68 0 1
92 69 0 1
92 70 0 1
92 71 0 1
92 72 0 1
92 73 0 1
92 74 0 3
92 75 0 1
92 76 0 1
92 77 0 1
92 78 0 1
92 79 0 1
92 80 0 1
92 81 0 1
92 82 0 1
92 83 7 10
92 84 1 5
92 85 7 11
92 86 5 13
92 87 4 14
92 88 7 13
92 89 5 11
92 90 2 11
92 91 5 14
92 92 6 10
92 93 4 13
92 94 2 7
92 95 4 9
92 96 4 14
92 97 5 10
92 98 6 14
92 99 4 10
92 100 0 1
93 1 2 6
93 2 2 6
93 3 2 6
93 4 2 6
93 5 1 2
93 6 2 6
93 7 2 3
93 8 2 3
93 9 2 6
93 10 2 6
93 11 2 3
93 12 2 4
93 13 2 6
93 14 2 3
93 15 2 6
93 16 2 3
93 17 2 3
93 18 2 6
93 19 2 3
93 20 2 6
93 21 0 1
93 22 0 1
93 23 0 1
93 24 0 1
93 25 0 1
93 26 0 1
93 27 0 1
93 28 0 1
93 29 0 1
93 30 0 1
93 31 0 1
93 32 0 1
93 33 0 1
93 34 2 3
93 35 0 1
93 36 0 1
93 37 1 4
93 38 0 1
93 39 0 1
93 40 0 1
93 41 0 1
93 42 0 1
93 43 0 1
93 44 0 1
93 45 0 1
93 46 0 1
93 47 0 1
93 48 0 1
93 49 0 1
93 50 0 1
93 51 0 1
93 52 0 1
93 53 0 1
93 54 0 1
93 55 0 1
93 56 0 1
93 57 0 3
93 58 0 1
93 59 0 1
93 60 0 1
93 61 0 1
93 62 0 1
93 63 0 1
93 64 0 1
93 65 0 1
93 66 0 1
93 67 0 1
93 68 0 3
93 69 0 1
93 70 0 1
93 71 0 1
93 72 0 1
93 73 0 1
93 74 0 1
93 75 0 1
93 76 0 1
93 77 0 1
93 78 0 1
93 79 0 1
93 80 0 1
93 81 0 1
93 82 0 1
93 83 0 1
93 84 0 1
93 85 0 1
93 86 0 1
93 87 0 1
93 88 0 1
93 89 6 12
93 90 3 10
93 91 6 13
93 92 4 12
93 93 4 13
93 94 5 13
93 95 7 15
93 96 3 9
93 97 4 9
93 98 0 1
93 99 0 1
93 100 0 1
94 1 4 10
94 2 2 6
94 3 2 6
94 4 2 6
94 5 2 6
94 6 1 2
94 7 2 6
94 8 2 3
94 9 2 3
94 10 2 6
94 11 2 6
94 12 2 3
94 13 2 4
94 14 2 6
94 15 2 3
94 16 2 6
94 17 2 3
94 18 2 3
94 19 2 6
94 20 2 3
94 21 2 6
94 22 0 1
94 23 0 1
94 24 0 1
94 25 0 1
94 26 0 1
94 27 0 1
94 28 0 1
94 29 0 1
94 30 0 1
94 31 0 1
94 32 0 1
94 33 0 1
94 34 0 1
94 35 0 1
94 36 0 1
94 37 0 1
94 38 0 1
94 39 0 1
94 40 0 1
94 41 0 1
94 42 0 1
94 43 0 1
94 44 0 1
94 45 0 1
94 46 0 1
94 47 0 1
94 48 0 1
94 49 0 1
94 50 0 1
94 51 0 1
94 52 0 1
94 53 0 1
94 54 0 1
94 55 0 1
94 56 0 1
94 57 0 1
94 58 0 1
94 59 0 1
94 60 0 1
94 61 0 1
94 62 0 1
94 63 0 1
94 64 0 1
94 65 0 1
94 66 0 1
94 67 0 1
94 68 0 1
94 69 0 1
94 70 0 1
94 71 0 1
94 72 0 3
94 73 0 1
94 74 0 1
94 75 0 1
94 76 0 3
94 77 0 1
94 78 0 1
94 79 0 1
94 80 7 14
94 81 3 6
94 82 6 11
94 83 1 6
94 84 6 12
94 85 9 15
94 86 4 12
94 87 2 4
94 88 5 10
94 89 3 9
94 90 4 9
94 91 6 12
94 92 6 15
94 93 4 8
94 94 4 7
94 95 5 11
94 96 2 6
94 97 6 8
94 98 1 5
94 99 0 1
94 100 0 1
95 1 6 12
95 2 2 6
95 3 2 6
95 4 2 6
95 5 2 6
95 6 1 2
95 7 2 6
95 8 2 3
95 9 2 3
95 10 2 6
95 11 2 6
95 12 2 3
95 13 2 4
95 14 2 6
95 15 2 3
95 16 2 6
95 17 2 3
95 18 2 3
95 19 2 6
95 20 2 3
95 21 2 6
95 22 0 1
95 23 0 1
95 24 0 1
95 25 0 1
95 26 0 1
95 27 0 1
95 28 0 1
95 29 0 1
95 30 0 1
95 31 0 1
95 32 0 1
95 33 0 1
95 34 2 3
95 35 0 1
95 36 0 1
95 37 0 1
95 38 0 1
95 39 0 1
95 40 0 1
95 41 2 3
95 42 0 1
95 43 0 1
95 44 0 1
95 45 0 1
95 46 0 1
95 47 0 1
95 48 0 1
95 49 0 1
95 50 0 1
95 51 0 1
95 52 0 1
95 53 0 1
95 54 0 1
95 55 0 1
95 56 0 1
95 57 0 1
95 58 0 1
95 59 0 1
95 60 0 1
95 61 0 1
95 62 0 1
95 63 0 1
95 64 0 1
95 65 0 1
95 66 0 1
95 67 0 1
95 68 0 1
95 69 0 1
95 70 0 1
95 71 0 1
95 72 0 1
95 73 0 1
95 74 0 1
95 75 0 1
95 76 0 1
95 77 0 1
95 78 0 1
95 79 0 1
95 80 0 1
95 81 0 1
95 82 0 1
95 83 0 1
95 84 0 1
95 85 0 1
95 86 0 1
95 87 6 14
95 88 4 12
95 89 10 14
95 90 7 11
95 91 10 14
95 92 6 10
95 93 4 10
95 94 6 12
95 95 11 12
95 96 1 3
95 97 0 1
95 98 0 1
95 99 0 1
95 100 0 1
96 1 2 6
96 2 2 6
96 3 2 6
96 4 2 6
96 5 1 2
96 6 2 6
96 7 2 3
96 8 2 3
96 9 2 6
96 10 2 6
96 11 2 3
96 12 2 4
96 13 2 6
96 14 2 3
96 15 2 6
96 16 2 3
96 17 2 3
96 18 2 6
96 19 2 3
96 20 2 6
96 21 0 1
96 22 0 1
96 23 0 1
96 24 0 1
96 25 0 1
96 26 0 1
96 27 0 1
96 28 0 1
96 29 0 1
96 30 0 1
96 31 0 1
96 32 0 1
96 33 0 1
96 34 2 3
96 35 0 1
96 36 0 1
96 37 0 1
96 38 0 1
96 39 0 1
96 40 0 1
96 41 0 1
96 42 0 1
96 43 0 1
96 44 0 1
96 45 0 1
96 46 0 1
96 47 0 1
96 48 0 1
96 49 0 1
96 50 0 1
96 51 0 1
96 52 0 1
96 53 0 1
96 54 0 1
96 55 0 1
96 56 0 1
96 57 0 1
96 58 0 1
96 59 0 1
96 60 0 1
96 61 0 1
96 62 0 1
96 63 0 1
96 64 0 1
96 65 0 1
96 66 0 1
96 67 0 1
96 68 0 1
96 69 0 1
96 70 0 1
96 71 0 1
96 72 0 1
96 73 0 1
96 74 0 1
96 75 0 1
96 76 0 1
96 77 0 1
96 78 0 1
96 79 0 1
96 80 0 1
96 81 0 1
96 82 0 1
96 83 0 1
96 84 0 1
96 85 1 4
96 86 6 12
96 87 1 5
96 88 2 8
96 89 8 11
96 90 4 9
96 91 3 11
96 92 4 13
96 93 6 13
96 94 1 4
96 95 3 11
96 96 7 9
96 97 2 9
96 98 0 1
96 99 0 1
96 100 3 7
97 1 2 6
97 2 2 6
97 3 2 6
97 4 2 6
97 5 1 2
97 6 2 6
97 7 2 3
97 8 2 3
97 9 2 6
97 10 2 6
97 11 2 3
97 12 2 4
97 13 2 6
97 14 2 3
97 15 2 6
97 16 2 3
97 17 2 3
97 18 2 6
97 19 2 3
97 20 2 6
97 21 0 1
97 22 0 1
97 23 0 1
97 24 0 1
97 25 0 1
97 26 0 1
97 27 0 1
97 28 0 1
97 29 0 1
97 30 0 1
97 31 0 1
97 32 0 1
97 33 0 1
97 34 0 1
97 35 0 1
97 36 0 1
97 37 2 3
97 38 0 1
97 39 0 1
97 40 0 1
97 41 0 1
97 42 0 1
97 43 0 1
97 44 0 1
97 45 0 1
97 46 0 1
97 47 0 1
97 48 0 1
97 49 0 1
97 50 0 1
97 51 0 1
97 52 0 1
97 53 0 1
97 54 0 1
97 55 0 1
97 56 0 1
97 57 0 1
97 58 0 1
97 59 0 1
97 60 0 1
97 61 0 1
97 62 0 1
97 63 0 1
97 64 0 1
97 65 0 1
97 66 0 1
97 67 0 1
97 68 0 1
97 69 0 1
97 70 0 1
97 71 0 1
97 72 0 1
97 73 0 1
97 74 0 1
97 75 0 1
97 76 0 1
97 77 0 1
97 78 0 1
97 79 0 1
97 80 0 1
97 81 0 1
97 82 0 1
97 83 0 1
97 84 0 1
97 85 0 1
97 86 0 1
97 87 5 10
97 88 6 14
97 89 4 8
97 90 3 8
97 91 5 13
97 92 4 11
97 93 2 11
97 94 4 9
97 95 9 7
97 96 7 13
97 97 5 13
97 98 3 10
97 99 5 14
97 100 0 1
98 1 5 6
98 2 2 6
98 3 2 6
98 4 2 6
98 5 2 6
98 6 1 2
98 7 2 6
98 8 2 3
98 9 2 3
98 10 2 6
98 11 2 6
98 12 2 3
98 13 2 4
98 14 2 6
98 15 2 3
98 16 2 6
98 17 2 3
98 18 2 3
98 19 2 6
98 20 2 3
98 21 2 6
98 22 0 1
98 23 0 1
98 24 0 1
98 25 0 1
98 26 0 1
98 27 0 1
98 28 0 1
98 29 0 1
98 30 0 1
98 31 0 1
98 32 0 1
98 33 0 1
98 34 0 1
98 35 0 1
98 36 0 1
98 37 0 1
98 38 0 1
98 39 0 1
98 40 0 1
98 41 0 1
98 42 0 1
98 43 0 1
98 44 0 1
98 45 0 1
98 46 0 1
98 47 0 1
98 48 0 1
98 49 0 1
98 50 0 1
98 51 0 1
98 52 0 1
98 53 1 3
98 54 0 1
98 55 0 1
98 56 0 1
98 57 0 1
98 58 0 1
98 59 0 1
98 60 0 1
98 61 0 1
98 62 0 1
98 63 0 1
98 64 0 1
98 65 0 1
98 66 0 1
98 67 0 1
98 68 0 1
98 69 0 1
98 70 0 1
98 71 0 1
98 72 0 1
98 73 0 1
98 74 0 1
98 75 0 1
98 76 2 3
98 77 0 1
98 78 0 1
98 79 0 1
98 80 0 1
98 81 0 1
98 82 0 1
98 83 0 1
98 84 0 1
98 85 0 1
98 86 0 1
98 87 0 1
98 88 0 1
98 89 8 12
98 90 4 11
98 91 4 10
98 92 2 8
98 93 7 11
98 94 3 7
98 95 7 13
98 96 6 13
98 97 3 6
98 98 4 15
98 99 7 11
98 100 4 10
99 1 2 6
99 2 2 6
99 3 2 6
99 4 2 6
99 5 1 2
99 6 2 6
99 7 2 3
99 8 2 3
99 9 2 6
99 10 2 6
99 11 2 3
99 12 2 4
99 13 2 6
99 14 2 3
99 15 2 6
99 16 2 3
99 17 2 3
99 18 2 6
99 19 2 3
99 20 2 6
99 21 0 1
99 22 0 1
99 23 0 1
99 24 0 1
99 25 0 1
99 26 0 1
99 27 0 1
99 28 0 1
99 29 0 1
99 30 0 1
99 31 0 1
99 32 2 3
99 33 0 1
99 34 0 1
99 35 0 1
99 36 0 1
99 37 0 1
99 38 0 1
99 39 0 1
99 40 0 1
99 41 0 1
99 42 0 1
99 43 0 1
99 44 0 1
99 45 0 1
99 46 0 1
99 47 0 1
99 48 0 1
99 49 0 1
99 50 0 1
99 51 0 1
99 52 0 1
99 53 0 1
99 54 2 3
99 55 0 1
99 56 0 1
99 57 0 1
99 58 0 1
99 59 0 1
99 60 0 1
99 61 0 1
99 62 0 1
99 63 0 1
99 64 0 1
99 65 0 1
99 66 0 1
99 67 0 1
99 68 0 1
99 69 0 1
99 70 0 1
99 71 0 1
99 72 0 1
99 73 0 1
99 74 0 1
99 75 0 1
99 76 0 1
99 77 2 3
99 78 0 1
99 79 0 1
99 80 0 1
99 81 0 1
99 82 0 1
99 83 0 1
99 84 0 1
99 85 5 6
99 86 6 12
99 87 2 3
99 88 4 11
99 89 10 13
99 90 4 14
99 91 9 15
99 92 4 11
99 93 1 3
99 94 3 7
99 95 6 13
99 96 6 14
99 97 4 11
99 98 3 10
99 99 2 11
99 100 0 1
