1 1 3 11
1 2 1 5
1 3 0 2
1 4 0 2
1 5 9 14
1 6 4 11
1 7 7 11
1 8 4 7
1 9 5 12
1 10 4 8
1 11 1 12
1 12 4 13
1 13 3 10
1 14 7 9
1 15 1 9
1 16 4 11
1 17 2 13
1 18 4 8
1 19 3 13
1 20 4 10
1 21 6 13
1 22 3 14
1 23 5 13
1 24 2 9
1 25 1 13
1 26 4 8
1 27 3 14
1 28 5 15
1 29 2 8
1 30 3 8
1 31 4 7
1 32 3 7
1 33 3 9
1 34 3 10
1 35 5 10
1 36 6 15
1 37 6 11
1 38 4 14
1 39 4 15
1 40 9 13
1 41 6 6
1 42 5 10
1 43 1 10
1 44 0 5
1 45 1 7
1 46 0 5
1 47 0 5
1 48 2 6
1 49 6 8
1 50 2 9
1 51 9 14
1 52 6 10
1 53 3 15
1 54 4 12
1 55 4 10
1 56 5 10
1 57 2 6
1 58 4 10
1 59 5 13
1 60 6 14
1 61 4 9
1 62 2 7
1 63 6 11
1 64 6 11
1 65 4 10
1 66 6 12
1 67 3 12
1 68 6 11
1 69 5 7
1 70 5 14
1 71 5 13
1 72 6 11
1 73 9 12
1 74 2 12
1 75 4 6
1 76 1 4
1 77 6 12
1 78 3 5
1 79 6 14
1 80 4 12
1 81 3 9
1 82 7 13
1 83 4 12
1 84 2 4
1 85 2 4
1 86 2 4
1 87 2 4
1 88 7 13
1 89 8 11
1 90 2 4
1 91 6 10
1 92 7 7
1 93 3 12
1 94 3 12
1 95 2 10
1 96 4 11
1 97 8 11
1 98 2 3
1 99 8 13
1 100 3 5
2 1 8 10
2 2 5 9
2 3 1 5
2 4 0 2
2 5 0 2
2 6 0 2
2 7 0 2
2 8 0 2
2 9 0 2
2 10 0 2
2 11 0 2
2 12 0 2
2 13 0 2
2 14 1 4
2 15 0 2
2 16 0 2
2 17 0 2
2 18 1 5
2 19 0 2
2 20 0 2
2 21 1 4
2 22 0 2
2 23 0 2
2 24 9 14
2 25 2 9
2 26 5 12
2 27 3 11
2 28 1 6
2 29 2 6
2 30 4 11
2 31 3 10
2 32 7 13
2 33 3 12
2 34 7 11
2 35 2 5
2 36 4 7
2 37 5 12
2 38 4 8
2 39 1 12
2 40 1 9
2 41 7 9
2 42 2 10
2 43 4 13
2 44 4 9
2 45 3 10
2 46 1 13
2 47 2 9
2 48 2 13
2 49 1 7
2 50 12 12
2 51 4 10
2 52 5 11
2 53 3 14
2 54 4 8
2 55 4 11
2 56 1 4
2 57 1 4
2 58 3 7
2 59 5 13
2 60 6 13
2 61 4 8
2 62 2 8
2 63 4 9
2 64 3 13
2 65 5 15
2 66 3 8
2 67 3 14
2 68 2 6
2 69 3 8
2 70 6 9
2 71 3 12
2 72 6 13
2 73 4 13
2 74 3 11
2 75 2 13
2 76 3 6
2 77 6 14
2 78 3 10
2 79 6 11
2 80 5 9
2 81 2 8
2 82 0 5
2 83 0 5
2 84 2 5
2 85 2 9
2 86 0 5
2 87 3 9
2 88 3 9
2 89 5 11
2 90 7 12
2 91 0 2
2 92 0 2
2 93 5 11
2 94 6 7
2 95 4 14
2 96 2 4
2 97 2 4
2 98 3 11
2 99 2 3
2 100 0 5
3 1 4 6
3 2 1 5
3 3 0 2
3 4 0 2
3 5 0 2
3 6 0 2
3 7 0 2
3 8 0 2
3 9 0 2
3 10 0 2
3 11 0 2
3 12 0 2
3 13 1 4
3 14 0 2
3 15 0 2
3 16 0 2
3 17 1 5
3 18 0 2
3 19 0 2
3 20 1 4
3 21 0 2
3 22 0 2
3 23 5 12
3 24 0 2
3 25 0 2
3 26 1 4
3 27 0 2
3 28 0 2
3 29 1 5
3 30 0 2
3 31 0 2
3 32 0 2
3 33 0 3
3 34 0 2
3 35 0 2
3 36 1 5
3 37 0 3
3 38 0 2
3 39 0 2
3 40 0 2
3 41 0 2
3 42 0 2
3 43 0 2
3 44 0 2
3 45 0 2
3 46 1 2
3 47 0 2
3 48 0 2
3 49 2 4
3 50 0 2
3 51 0 2
3 52 0 2
3 53 0 2
3 54 0 2
3 55 0 2
3 56 0 2
3 57 0 2
3 58 0 2
3 59 0 2
3 60 0 2
3 61 0 2
3 62 0 2
3 63 0 2
3 64 1 4
3 65 0 2
3 66 0 2
3 67 1 6
3 68 2 9
3 69 4 11
3 70 3 11
3 71 2 6
3 72 4 13
3 73 1 4
3 74 4 12
3 75 5 11
3 76 3 4
3 77 1 3
3 78 7 10
3 79 3 9
3 80 3 12
3 81 9 14
3 82 5 12
3 83 4 11
3 84 3 10
3 85 6 12
3 86 4 13
3 87 0 2
3 88 0 2
3 89 0 2
3 90 5 12
3 91 5 9
3 92 9 11
3 93 7 14
3 94 8 10
3 95 6 12
3 96 3 7
3 97 2 5
3 98 6 10
3 99 2 5
3 100 0 2
4 1 1 5
4 2 3 8
4 3 4 6
4 4 1 5
4 5 0 2
4 6 0 2
4 7 0 2
4 8 0 2
4 9 0 2
4 10 0 2
4 11 0 2
4 12 0 2
4 13 0 2
4 14 0 2
4 15 1 4
4 16 0 2
4 17 0 2
4 18 0 2
4 19 1 5
4 20 0 2
4 21 0 2
4 22 1 4
4 23 0 2
4 24 0 2
4 25 0 2
4 26 0 2
4 27 1 4
4 28 0 2
4 29 0 2
4 30 1 5
4 31 0 2
4 32 0 2
4 33 0 2
4 34 0 2
4 35 0 2
4 36 0 2
4 37 0 2
4 38 0 2
4 39 0 2
4 40 0 2
4 41 0 2
4 42 0 2
4 43 0 2
4 44 0 2
4 45 0 2
4 46 0 3
4 47 0 2
4 48 0 2
4 49 0 2
4 50 0 2
4 51 1 4
4 52 0 2
4 53 0 2
4 54 0 2
4 55 0 2
4 56 0 2
4 57 0 2
4 58 0 2
4 59 0 2
4 60 0 2
4 61 0 2
4 62 0 2
4 63 0 2
4 64 0 2
4 65 0 2
4 66 0 2
4 67 0 2
4 68 0 2
4 69 0 2
4 70 0 2
4 71 0 2
4 72 0 2
4 73 1 2
4 74 2 4
4 75 0 2
4 76 0 2
4 77 0 2
4 78 1 4
4 79 0 2
4 80 4 11
4 81 0 2
4 82 8 12
4 83 2 4
4 84 5 12
4 85 3 10
4 86 3 11
4 87 5 9
4 88 5 11
4 89 6 13
4 90 0 2
4 91 0 2
4 92 0 2
4 93 0 2
4 94 0 2
4 95 8 12
4 96 3 8
4 97 5 11
4 98 2 4
4 99 5 12
4 100 0 2
5 1 3 8
5 2 4 6
5 3 1 5
5 4 0 2
5 5 0 2
5 6 0 2
5 7 0 2
5 8 0 2
5 9 0 2
5 10 0 2
5 11 0 2
5 12 0 2
5 13 0 2
5 14 1 4
5 15 0 2
5 16 0 2
5 17 0 2
5 18 1 5
5 19 0 2
5 20 0 2
5 21 1 4
5 22 0 2
5 23 0 2
5 24 0 2
5 25 0 2
5 26 1 4
5 27 0 2
5 28 0 2
5 29 1 5
5 30 3 5
5 31 0 2
5 32 0 2
5 33 0 2
5 34 0 2
5 35 3 5
5 36 4 9
5 37 0 2
5 38 0 2
5 39 2 4
5 40 3 8
5 41 0 2
5 42 0 2
5 43 0 2
5 44 0 2
5 45 0 2
5 46 0 2
5 47 0 2
5 48 6 12
5 49 0 2
5 50 0 2
5 51 0 2
5 52 0 2
5 53 0 2
5 54 0 2
5 55 0 2
5 56 0 2
5 57 0 2
5 58 0 2
5 59 0 2
5 60 0 2
5 61 0 2
5 62 5 14
5 63 0 2
5 64 0 2
5 65 0 2
5 66 0 2
5 67 0 2
5 68 0 2
5 69 0 2
5 70 0 2
5 71 0 2
5 72 0 2
5 73 0 2
5 74 1 4
5 75 0 2
5 76 0 2
5 77 0 2
5 78 2 5
5 79 0 2
5 80 0 2
5 81 0 2
5 82 1 2
5 83 1 5
5 84 3 9
5 85 5 9
5 86 4 12
5 87 3 13
5 88 2 4
5 89 0 2
5 90 3 11
5 91 5 11
5 92 3 11
5 93 6 12
5 94 6 11
5 95 10 12
5 96 8 14
5 97 7 11
5 98 4 11
5 99 4 13
5 100 3 12
6 1 3 8
6 2 4 10
6 3 6 13
6 4 4 6
6 5 1 5
6 6 0 2
6 7 0 2
6 8 0 2
6 9 0 2
6 10 0 2
6 11 0 2
6 12 0 2
6 13 0 2
6 14 0 2
6 15 0 2
6 16 1 4
6 17 0 2
6 18 0 2
6 19 0 2
6 20 1 5
6 21 0 2
6 22 0 2
6 23 1 4
6 24 0 2
6 25 0 2
6 26 0 2
6 27 0 2
6 28 1 4
6 29 0 2
6 30 0 2
6 31 1 5
6 32 3 5
6 33 0 2
6 34 0 2
6 35 0 2
6 36 0 2
6 37 0 2
6 38 0 2
6 39 0 2
6 40 0 2
6 41 0 2
6 42 0 2
6 43 4 13
6 44 0 2
6 45 0 2
6 46 0 2
6 47 0 2
6 48 0 2
6 49 0 2
6 50 0 2
6 51 0 2
6 52 0 2
6 53 0 2
6 54 0 2
6 55 0 2
6 56 0 2
6 57 0 2
6 58 0 2
6 59 0 2
6 60 0 2
6 61 0 2
6 62 0 2
6 63 0 2
6 64 0 2
6 65 0 2
6 66 0 2
6 67 0 2
6 68 0 2
6 69 0 2
6 70 0 2
6 71 0 2
6 72 0 2
6 73 0 2
6 74 0 2
6 75 0 2
6 76 0 2
6 77 0 2
6 78 0 2
6 79 0 2
6 80 0 2
6 81 6 11
6 82 6 13
6 83 3 8
6 84 4 12
6 85 4 10
6 86 4 14
6 87 0 3
6 88 0 2
6 89 0 2
6 90 5 9
6 91 4 9
6 92 6 12
6 93 2 4
6 94 3 7
6 95 3 11
6 96 0 2
6 97 5 10
6 98 5 11
6 99 0 2
6 100 0 2
7 1 2 7
7 2 3 8
7 3 1 5
7 4 0 2
7 5 0 2
7 6 0 2
7 7 0 2
7 8 0 2
7 9 0 2
7 10 0 2
7 11 0 2
7 12 0 2
7 13 0 2
7 14 1 4
7 15 0 2
7 16 0 2
7 17 0 2
7 18 1 5
7 19 0 2
7 20 0 2
7 21 1 4
7 22 0 2
7 23 0 2
7 24 0 2
7 25 0 2
7 26 1 4
7 27 0 2
7 28 0 2
7 29 0 2
7 30 0 2
7 31 0 2
7 32 0 2
7 33 0 2
7 34 0 2
7 35 0 2
7 36 0 2
7 37 0 2
7 38 0 2
7 39 0 2
7 40 0 2
7 41 0 2
7 42 0 2
7 43 0 2
7 44 0 2
7 45 0 2
7 46 0 2
7 47 0 2
7 48 0 2
7 49 0 2
7 50 0 2
7 51 0 2
7 52 0 2
7 53 0 2
7 54 0 2
7 55 0 2
7 56 0 2
7 57 0 2
7 58 0 2
7 59 0 2
7 60 0 2
7 61 0 2
7 62 0 2
7 63 0 2
7 64 0 2
7 65 0 2
7 66 0 2
7 67 0 2
7 68 0 2
7 69 0 2
7 70 0 2
7 71 0 2
7 72 0 2
7 73 0 2
7 74 0 2
7 75 0 2
7 76 0 2
7 77 1 4
7 78 0 2
7 79 0 2
7 80 0 2
7 81 2 9
7 82 4 10
7 83 3 10
7 84 6 13
7 85 4 6
7 86 1 3
7 87 0 3
7 88 2 6
7 89 5 12
7 90 7 11
7 91 0 2
7 92 0 2
7 93 0 2
7 94 0 2
7 95 5 13
7 96 1 2
7 97 4 11
7 98 5 11
7 99 0 2
7 100 0 2
8 1 2 7
8 2 6 12
8 3 3 8
8 4 4 10
8 5 2 4
8 6 4 10
8 7 1 5
8 8 0 2
8 9 0 2
8 10 0 2
8 11 0 2
8 12 0 2
8 13 0 2
8 14 0 2
8 15 0 2
8 16 0 2
8 17 0 2
8 18 1 4
8 19 0 2
8 20 0 2
8 21 0 2
8 22 1 5
8 23 0 2
8 24 0 2
8 25 1 4
8 26 0 2
8 27 0 2
8 28 0 2
8 29 0 2
8 30 1 4
8 31 0 2
8 32 0 2
8 33 0 2
8 34 0 2
8 35 0 2
8 36 0 2
8 37 0 2
8 38 0 2
8 39 0 2
8 40 0 2
8 41 0 2
8 42 4 12
8 43 0 2
8 44 0 2
8 45 0 2
8 46 0 2
8 47 0 2
8 48 0 2
8 49 0 2
8 50 0 2
8 51 0 2
8 52 0 2
8 53 0 2
8 54 0 2
8 55 0 2
8 56 0 2
8 57 0 2
8 58 0 2
8 59 0 2
8 60 0 2
8 61 0 2
8 62 0 2
8 63 2 4
8 64 0 2
8 65 0 2
8 66 0 2
8 67 0 2
8 68 2 5
8 69 0 2
8 70 0 2
8 71 0 2
8 72 0 2
8 73 0 2
8 74 0 2
8 75 0 2
8 76 3 10
8 77 3 10
8 78 3 11
8 79 6 10
8 80 2 6
8 81 3 10
8 82 6 12
8 83 0 2
8 84 0 2
8 85 5 11
8 86 5 12
8 87 3 7
8 88 4 11
8 89 5 12
8 90 1 4
8 91 5 13
8 92 5 10
8 93 0 2
8 94 0 2
8 95 0 2
8 96 6 11
8 97 3 10
8 98 1 2
8 99 1 10
8 100 5 12
9 1 2 7
9 2 3 8
9 3 5 10
9 4 4 12
9 5 6 12
9 6 8 13
9 7 2 4
9 8 2 11
9 9 4 10
9 10 3 11
9 11 4 10
9 12 1 5
9 13 0 2
9 14 0 2
9 15 0 2
9 16 0 2
9 17 0 2
9 18 0 2
9 19 0 2
9 20 0 2
9 21 0 2
9 22 0 2
9 23 1 4
9 24 0 2
9 25 0 2
9 26 0 2
9 27 1 5
9 28 0 2
9 29 0 2
9 30 1 4
9 31 0 2
9 32 0 2
9 33 0 2
9 34 0 2
9 35 1 4
9 36 0 2
9 37 0 2
9 38 0 2
9 39 0 2
9 40 0 2
9 41 3 9
9 42 1 2
9 43 2 5
9 44 0 2
9 45 0 2
9 46 0 2
9 47 0 2
9 48 0 2
9 49 0 2
9 50 0 2
9 51 5 9
9 52 0 2
9 53 2 4
9 54 0 2
9 55 0 2
9 56 0 2
9 57 0 2
9 58 0 2
9 59 0 2
9 60 0 2
9 61 0 2
9 62 0 2
9 63 0 2
9 64 0 2
9 65 0 2
9 66 0 2
9 67 0 2
9 68 0 2
9 69 0 2
9 70 0 2
9 71 0 2
9 72 0 2
9 73 0 2
9 74 0 2
9 75 0 2
9 76 0 2
9 77 2 4
9 78 0 2
9 79 0 2
9 80 4 12
9 81 7 13
9 82 3 7
9 83 0 2
9 84 0 2
9 85 0 2
9 86 0 2
9 87 0 2
9 88 4 13
9 89 6 12
9 90 4 12
9 91 2 9
9 92 2 8
9 93 5 11
9 94 3 8
9 95 6 12
9 96 0 2
9 97 0 2
9 98 0 2
9 99 5 11
9 100 0 2
10 1 2 7
10 2 3 8
10 3 5 10
10 4 2 11
10 5 4 10
10 6 4 12
10 7 1 5
10 8 0 2
10 9 0 2
10 10 0 2
10 11 0 2
10 12 0 2
10 13 0 2
10 14 0 2
10 15 0 2
10 16 0 2
10 17 0 2
10 18 1 4
10 19 0 2
10 20 0 2
10 21 0 2
10 22 1 5
10 23 0 2
10 24 0 2
10 25 1 4
10 26 0 2
10 27 0 2
10 28 0 2
10 29 0 2
10 30 0 2
10 31 0 2
10 32 2 9
10 33 0 2
10 34 0 2
10 35 0 2
10 36 0 2
10 37 0 2
10 38 0 2
10 39 0 2
10 40 0 2
10 41 0 2
10 42 0 2
10 43 0 2
10 44 1 2
10 45 2 3
10 46 0 2
10 47 0 2
10 48 0 2
10 49 0 2
10 50 0 2
10 51 0 2
10 52 0 2
10 53 0 2
10 54 0 2
10 55 0 2
10 56 0 2
10 57 0 2
10 58 0 2
10 59 0 2
10 60 0 2
10 61 0 2
10 62 0 2
10 63 0 2
10 64 0 2
10 65 0 3
10 66 0 2
10 67 7 14
10 68 5 11
10 69 4 10
10 70 5 10
10 71 3 7
10 72 4 12
10 73 3 11
10 74 11 15
10 75 2 4
10 76 8 13
10 77 4 11
10 78 6 12
10 79 4 10
10 80 2 10
10 81 5 8
10 82 5 11
10 83 3 5
10 84 4 9
10 85 0 2
10 86 0 2
10 87 0 2
10 88 0 2
10 89 7 11
10 90 2 9
10 91 2 4
10 92 3 10
10 93 6 13
10 94 2 11
10 95 0 2
10 96 3 11
10 97 4 8
10 98 5 10
10 99 0 2
10 100 0 2
11 1 2 7
11 2 2 9
11 3 3 8
11 4 4 14
11 5 5 10
11 6 2 11
11 7 4 10
11 8 2 4
11 9 4 12
11 10 3 8
11 11 4 11
11 12 1 5
11 13 0 2
11 14 0 2
11 15 0 2
11 16 0 2
11 17 0 2
11 18 0 2
11 19 0 2
11 20 0 2
11 21 0 2
11 22 0 2
11 23 1 4
11 24 0 2
11 25 0 2
11 26 0 2
11 27 1 5
11 28 0 2
11 29 0 2
11 30 1 4
11 31 0 2
11 32 0 2
11 33 0 2
11 34 0 2
11 35 0 2
11 36 0 2
11 37 0 2
11 38 0 2
11 39 0 2
11 40 1 3
11 41 0 2
11 42 0 2
11 43 0 2
11 44 0 2
11 45 0 2
11 46 0 2
11 47 0 3
11 48 0 2
11 49 0 2
11 50 1 2
11 51 3 8
11 52 0 2
11 53 0 2
11 54 0 2
11 55 0 2
11 56 0 2
11 57 0 2
11 58 0 2
11 59 0 2
11 60 0 2
11 61 0 1
11 62 0 2
11 63 0 2
11 64 0 2
11 65 0 2
11 66 2 3
11 67 0 2
11 68 0 2
11 69 0 2
11 70 0 2
11 71 0 2
11 72 1 2
11 73 0 2
11 74 0 2
11 75 0 2
11 76 0 2
11 77 0 2
11 78 0 2
11 79 0 2
11 80 1 2
11 81 0 2
11 82 0 2
11 83 6 14
11 84 3 11
11 85 0 2
11 86 0 2
11 87 0 2
11 88 0 2
11 89 5 9
11 90 4 9
11 91 6 13
11 92 4 10
11 93 9 12
11 94 5 11
11 95 6 13
11 96 5 11
11 97 5 13
11 98 4 13
11 99 6 9
11 100 5 11
12 1 2 9
12 2 2 7
12 3 3 8
12 4 5 10
12 5 2 4
12 6 2 11
12 7 4 10
12 8 4 13
12 9 4 11
12 10 4 14
12 11 1 5
12 12 0 2
12 13 0 2
12 14 0 2
12 15 0 2
12 16 0 2
12 17 0 2
12 18 0 2
12 19 0 2
12 20 0 2
12 21 0 2
12 22 1 4
12 23 0 2
12 24 0 2
12 25 0 2
12 26 1 5
12 27 0 2
12 28 0 2
12 29 1 4
12 30 0 2
12 31 0 2
12 32 0 2
12 33 0 2
12 34 0 2
12 35 0 2
12 36 0 2
12 37 0 2
12 38 0 2
12 39 0 2
12 40 0 1
12 41 0 2
12 42 0 2
12 43 2 4
12 44 0 2
12 45 0 2
12 46 1 3
12 47 0 2
12 48 0 2
12 49 0 2
12 50 0 2
12 51 0 1
12 52 0 2
12 53 0 3
12 54 0 2
12 55 0 2
12 56 0 2
12 57 0 2
12 58 0 2
12 59 0 2
12 60 0 2
12 61 0 2
12 62 0 2
12 63 0 2
12 64 0 2
12 65 0 2
12 66 0 2
12 67 0 2
12 68 0 2
12 69 1 2
12 70 0 2
12 71 0 2
12 72 0 2
12 73 2 4
12 74 0 2
12 75 0 2
12 76 0 2
12 77 0 2
12 78 6 11
12 79 4 11
12 80 5 11
12 81 3 8
12 82 5 10
12 83 3 11
12 84 7 12
12 85 3 11
12 86 3 11
12 87 2 10
12 88 4 14
12 89 4 11
12 90 4 12
12 91 0 2
12 92 4 10
12 93 1 3
12 94 4 9
12 95 7 11
12 96 4 12
12 97 2 11
12 98 5 12
12 99 0 2
12 100 0 2
13 1 2 7
13 2 2 9
13 3 3 8
13 4 1 5
13 5 0 2
13 6 0 2
13 7 0 2
13 8 0 2
13 9 0 2
13 10 0 2
13 11 0 2
13 12 0 2
13 13 0 2
13 14 0 2
13 15 1 4
13 16 0 2
13 17 0 2
13 18 0 2
13 19 1 5
13 20 0 2
13 21 0 2
13 22 1 4
13 23 0 2
13 24 2 5
13 25 0 2
13 26 1 4
13 27 0 2
13 28 0 2
13 29 0 2
13 30 0 2
13 31 0 2
13 32 0 1
13 33 0 2
13 34 0 2
13 35 0 2
13 36 0 2
13 37 1 3
13 38 0 2
13 39 0 2
13 40 0 2
13 41 0 2
13 42 0 2
13 43 3 6
13 44 0 2
13 45 0 2
13 46 0 2
13 47 0 2
13 48 0 2
13 49 0 2
13 50 0 2
13 51 0 2
13 52 0 2
13 53 0 2
13 54 0 2
13 55 0 2
13 56 0 2
13 57 0 2
13 58 0 2
13 59 0 2
13 60 0 2
13 61 0 2
13 62 0 2
13 63 0 2
13 64 0 1
13 65 0 2
13 66 1 2
13 67 0 2
13 68 0 2
13 69 0 2
13 70 1 5
13 71 0 2
13 72 0 2
13 73 0 2
13 74 0 2
13 75 2 11
13 76 2 4
13 77 5 10
13 78 4 11
13 79 4 14
13 80 3 9
13 81 5 10
13 82 4 10
13 83 4 13
13 84 6 12
13 85 4 10
13 86 5 12
13 87 4 8
13 88 4 6
13 89 5 9
13 90 6 11
13 91 9 12
13 92 1 3
13 93 1 3
13 94 4 9
13 95 5 11
13 96 6 9
13 97 1 4
13 98 5 10
13 99 7 12
13 100 0 2
14 1 2 7
14 2 2 9
14 3 3 8
14 4 1 5
14 5 0 2
14 6 0 2
14 7 0 2
14 8 0 2
14 9 0 2
14 10 0 2
14 11 0 2
14 12 0 2
14 13 0 2
14 14 0 2
14 15 1 4
14 16 0 2
14 17 0 2
14 18 0 2
14 19 1 5
14 20 0 2
14 21 0 2
14 22 1 4
14 23 0 2
14 24 2 5
14 25 0 2
14 26 1 4
14 27 0 2
14 28 0 2
14 29 0 2
14 30 0 2
14 31 0 2
14 32 0 2
14 33 0 2
14 34 0 2
14 35 0 2
14 36 0 2
14 37 0 2
14 38 0 2
14 39 0 2
14 40 1 3
14 41 0 2
14 42 0 2
14 43 0 2
14 44 0 2
14 45 0 2
14 46 1 2
14 47 0 2
14 48 0 1
14 49 0 2
14 50 0 2
14 51 0 2
14 52 0 2
14 53 0 2
14 54 0 2
14 55 0 2
14 56 0 2
14 57 0 2
14 58 0 1
14 59 0 2
14 60 1 4
14 61 0 2
14 62 0 2
14 63 0 2
14 64 0 1
14 65 0 2
14 66 0 2
14 67 0 2
14 68 0 2
14 69 0 2
14 70 0 2
14 71 0 2
14 72 0 2
14 73 0 2
14 74 0 2
14 75 0 2
14 76 3 5
14 77 5 9
14 78 3 8
14 79 2 12
14 80 1 3
14 81 2 5
14 82 6 12
14 83 5 12
14 84 5 12
14 85 3 5
14 86 4 10
14 87 3 14
14 88 1 3
14 89 3 12
14 90 6 13
14 91 0 2
14 92 0 2
14 93 0 2
14 94 4 12
14 95 5 10
14 96 1 2
14 97 4 12
14 98 0 2
14 99 0 2
14 100 5 10
15 1 2 7
15 2 2 9
15 3 1 4
15 4 3 8
15 5 2 11
15 6 1 5
15 7 0 2
15 8 0 2
15 9 0 2
15 10 0 2
15 11 0 2
15 12 0 2
15 13 0 2
15 14 0 2
15 15 0 2
15 16 0 2
15 17 1 4
15 18 0 2
15 19 0 2
15 20 0 2
15 21 1 5
15 22 0 2
15 23 0 2
15 24 1 4
15 25 0 2
15 26 2 5
15 27 0 2
15 28 1 4
15 29 0 2
15 30 0 2
15 31 0 2
15 32 0 2
15 33 0 2
15 34 0 2
15 35 0 2
15 36 0 2
15 37 0 2
15 38 0 2
15 39 0 2
15 40 0 2
15 41 0 2
15 42 0 2
15 43 0 2
15 44 0 2
15 45 0 2
15 46 0 2
15 47 0 2
15 48 0 2
15 49 0 1
15 50 0 2
15 51 0 2
15 52 0 2
15 53 0 2
15 54 0 2
15 55 0 2
15 56 0 2
15 57 2 4
15 58 0 2
15 59 0 2
15 60 0 2
15 61 0 2
15 62 0 2
15 63 0 2
15 64 0 2
15 65 0 2
15 66 0 2
15 67 0 2
15 68 0 2
15 69 0 2
15 70 0 2
15 71 0 2
15 72 1 2
15 73 0 2
15 74 0 2
15 75 0 2
15 76 0 2
15 77 0 2
15 78 0 2
15 79 0 2
15 80 0 2
15 81 0 2
15 82 0 2
15 83 0 1
15 84 1 3
15 85 0 2
15 86 2 12
15 87 3 8
15 88 7 10
15 89 7 13
15 90 0 2
15 91 0 2
15 92 0 2
15 93 0 2
15 94 0 2
15 95 6 14
15 96 5 13
15 97 7 14
15 98 3 7
15 99 1 2
15 100 1 2
16 1 2 7
16 2 2 11
16 3 5 14
16 4 1 5
16 5 0 2
16 6 0 2
16 7 0 2
16 8 0 2
16 9 0 2
16 10 0 2
16 11 0 2
16 12 0 2
16 13 0 2
16 14 0 2
16 15 1 4
16 16 0 2
16 17 0 2
16 18 0 2
16 19 1 5
16 20 0 2
16 21 0 2
16 22 1 4
16 23 0 2
16 24 2 5
16 25 0 2
16 26 1 4
16 27 0 2
16 28 0 2
16 29 0 1
16 30 8 14
16 31 0 2
16 32 0 2
16 33 0 2
16 34 0 2
16 35 5 11
16 36 0 2
16 37 0 2
16 38 0 2
16 39 0 2
16 40 0 2
16 41 0 2
16 42 0 2
16 43 0 2
16 44 0 1
16 45 1 3
16 46 0 2
16 47 0 2
16 48 0 2
16 49 0 2
16 50 0 2
16 51 0 2
16 52 0 2
16 53 0 2
16 54 3 8
16 55 0 2
16 56 0 2
16 57 0 1
16 58 0 2
16 59 0 2
16 60 0 2
16 61 0 2
16 62 0 1
16 63 0 1
16 64 0 2
16 65 0 2
16 66 0 2
16 67 0 2
16 68 5 13
16 69 0 2
16 70 2 9
16 71 0 2
16 72 0 2
16 73 0 2
16 74 0 1
16 75 5 12
16 76 6 13
16 77 3 8
16 78 3 10
16 79 5 10
16 80 1 4
16 81 1 4
16 82 4 10
16 83 4 11
16 84 2 6
16 85 4 11
16 86 5 12
16 87 2 9
16 88 0 2
16 89 0 2
16 90 0 2
16 91 0 2
16 92 0 2
16 93 0 2
16 94 0 2
16 95 0 2
16 96 0 2
16 97 1 2
16 98 1 2
16 99 5 11
16 100 0 2
17 1 2 7
17 2 2 11
17 3 1 5
17 4 0 2
17 5 0 2
17 6 0 2
17 7 0 2
17 8 0 2
17 9 0 2
17 10 0 2
17 11 0 2
17 12 0 2
17 13 0 2
17 14 1 4
17 15 0 2
17 16 0 2
17 17 0 2
17 18 1 5
17 19 0 2
17 20 0 2
17 21 1 4
17 22 0 2
17 23 2 5
17 24 0 2
17 25 1 4
17 26 0 2
17 27 0 2
17 28 0 1
17 29 0 2
17 30 0 1
17 31 6 13
17 32 0 2
17 33 0 2
17 34 0 2
17 35 0 2
17 36 0 2
17 37 0 2
17 38 0 2
17 39 0 1
17 40 0 1
17 41 0 2
17 42 0 2
17 43 0 2
17 44 0 2
17 45 0 2
17 46 0 2
17 47 0 2
17 48 0 2
17 49 0 2
17 50 0 1
17 51 0 2
17 52 0 2
17 53 0 2
17 54 0 2
17 55 0 2
17 56 0 2
17 57 0 1
17 58 0 2
17 59 0 2
17 60 0 2
17 61 0 2
17 62 0 2
17 63 0 2
17 64 0 2
17 65 0 1
17 66 0 2
17 67 0 2
17 68 0 2
17 69 0 2
17 70 0 2
17 71 0 2
17 72 0 2
17 73 0 2
17 74 0 2
17 75 0 2
17 76 5 9
17 77 5 14
17 78 3 10
17 79 7 14
17 80 8 14
17 81 5 9
17 82 3 9
17 83 6 11
17 84 6 8
17 85 4 13
17 86 8 13
17 87 0 2
17 88 0 2
17 89 0 2
17 90 0 2
17 91 0 2
17 92 0 2
17 93 0 2
17 94 0 2
17 95 4 10
17 96 4 11
17 97 4 10
17 98 4 12
17 99 1 2
17 100 0 2
18 1 2 7
18 2 4 11
18 3 1 4
18 4 1 5
18 5 0 2
18 6 0 2
18 7 0 2
18 8 0 2
18 9 0 2
18 10 0 2
18 11 0 2
18 12 0 2
18 13 0 2
18 14 0 2
18 15 1 4
18 16 0 2
18 17 0 2
18 18 0 2
18 19 1 5
18 20 0 2
18 21 0 2
18 22 1 4
18 23 0 2
18 24 2 5
18 25 0 2
18 26 1 4
18 27 0 2
18 28 0 2
18 29 0 1
18 30 0 2
18 31 0 1
18 32 0 2
18 33 0 2
18 34 0 2
18 35 0 2
18 36 0 2
18 37 4 11
18 38 0 2
18 39 0 2
18 40 0 2
18 41 0 1
18 42 0 2
18 43 0 2
18 44 0 2
18 45 0 2
18 46 0 2
18 47 0 2
18 48 0 2
18 49 0 2
18 50 0 2
18 51 0 2
18 52 0 2
18 53 0 2
18 54 0 2
18 55 0 1
18 56 0 1
18 57 0 2
18 58 0 1
18 59 0 2
18 60 0 2
18 61 0 2
18 62 5 12
18 63 0 2
18 64 0 2
18 65 0 2
18 66 5 12
18 67 0 1
18 68 0 2
18 69 0 1
18 70 0 2
18 71 0 2
18 72 0 2
18 73 0 2
18 74 0 1
18 75 0 2
18 76 0 1
18 77 0 2
18 78 0 2
18 79 0 2
18 80 0 2
18 81 0 2
18 82 6 10
18 83 2 11
18 84 5 11
18 85 3 8
18 86 6 11
18 87 5 11
18 88 3 10
18 89 0 2
18 90 0 2
18 91 0 2
18 92 0 2
18 93 0 2
18 94 0 2
18 95 4 12
18 96 7 13
18 97 4 9
18 98 2 8
18 99 0 2
18 100 0 2
19 1 2 7
19 2 1 4
19 3 4 11
19 4 4 12
19 5 4 12
19 6 3 6
19 7 1 5
19 8 0 2
19 9 0 2
19 10 0 2
19 11 0 2
19 12 0 2
19 13 0 2
19 14 0 2
19 15 0 2
19 16 0 2
19 17 0 2
19 18 1 4
19 19 0 2
19 20 0 2
19 21 0 2
19 22 1 5
19 23 0 2
19 24 0 2
19 25 1 4
19 26 0 2
19 27 2 5
19 28 0 2
19 29 1 4
19 30 0 2
19 31 0 2
19 32 0 1
19 33 0 2
19 34 0 2
19 35 0 2
19 36 0 2
19 37 0 1
19 38 0 2
19 39 0 2
19 40 0 2
19 41 0 2
19 42 0 2
19 43 0 2
19 44 0 2
19 45 0 2
19 46 0 2
19 47 0 2
19 48 0 2
19 49 0 2
19 50 0 2
19 51 0 2
19 52 0 2
19 53 0 2
19 54 0 2
19 55 0 2
19 56 0 2
19 57 0 2
19 58 0 2
19 59 0 2
19 60 0 1
19 61 0 2
19 62 0 2
19 63 0 2
19 64 0 2
19 65 0 2
19 66 0 2
19 67 0 2
19 68 0 1
19 69 0 2
19 70 0 2
19 71 0 1
19 72 0 2
19 73 0 2
19 74 0 1
19 75 0 2
19 76 0 2
19 77 0 2
19 78 0 1
19 79 0 2
19 80 0 2
19 81 1 3
19 82 0 2
19 83 0 2
19 84 0 2
19 85 7 12
19 86 3 10
19 87 8 12
19 88 5 13
19 89 4 11
19 90 0 2
19 91 0 2
19 92 0 2
19 93 0 2
19 94 0 2
19 95 4 14
19 96 4 13
19 97 5 11
19 98 1 2
19 99 4 11
19 100 0 1
20 1 2 7
20 2 6 12
20 3 4 12
20 4 4 11
20 5 8 13
20 6 1 5
20 7 0 2
20 8 0 2
20 9 0 2
20 10 0 2
20 11 0 2
20 12 0 2
20 13 0 2
20 14 0 2
20 15 0 2
20 16 0 2
20 17 1 4
20 18 0 2
20 19 0 2
20 20 0 2
20 21 1 5
20 22 0 2
20 23 0 2
20 24 1 4
20 25 0 2
20 26 2 5
20 27 0 2
20 28 1 4
20 29 0 2
20 30 0 2
20 31 0 2
20 32 1 2
20 33 0 2
20 34 0 2
20 35 0 1
20 36 0 2
20 37 0 2
20 38 0 1
20 39 0 1
20 40 0 2
20 41 0 2
20 42 0 2
20 43 0 2
20 44 0 2
20 45 0 2
20 46 0 2
20 47 0 2
20 48 0 2
20 49 0 2
20 50 0 2
20 51 0 2
20 52 0 2
20 53 0 1
20 54 0 2
20 55 1 2
20 56 0 2
20 57 0 2
20 58 0 2
20 59 0 2
20 60 0 2
20 61 0 2
20 62 0 2
20 63 0 1
20 64 0 1
20 65 0 2
20 66 0 2
20 67 0 2
20 68 0 1
20 69 0 2
20 70 0 2
20 71 0 2
20 72 0 2
20 73 0 2
20 74 0 2
20 75 0 1
20 76 0 1
20 77 0 1
20 78 0 2
20 79 0 2
20 80 0 2
20 81 3 6
20 82 1 11
20 83 4 12
20 84 6 10
20 85 3 6
20 86 5 9
20 87 1 4
20 88 1 4
20 89 9 12
20 90 3 11
20 91 0 2
20 92 0 2
20 93 0 2
20 94 3 7
20 95 5 14
20 96 4 13
20 97 4 13
20 98 4 10
20 99 0 1
20 100 6 10
21 1 2 7
21 2 6 12
21 3 6 12
21 4 1 5
21 5 0 2
21 6 0 2
21 7 0 2
21 8 0 2
21 9 0 2
21 10 0 2
21 11 0 2
21 12 0 2
21 13 0 2
21 14 0 2
21 15 1 4
21 16 0 2
21 17 0 2
21 18 0 2
21 19 1 5
21 20 0 2
21 21 0 2
21 22 1 4
21 23 0 2
21 24 2 5
21 25 0 2
21 26 1 4
21 27 0 2
21 28 0 2
21 29 0 1
21 30 0 2
21 31 0 2
21 32 0 2
21 33 0 2
21 34 0 1
21 35 0 2
21 36 0 2
21 37 0 1
21 38 0 2
21 39 1 2
21 40 0 2
21 41 0 2
21 42 0 2
21 43 0 1
21 44 0 2
21 45 0 2
21 46 0 2
21 47 0 2
21 48 0 2
21 49 0 2
21 50 0 2
21 51 0 2
21 52 0 2
21 53 0 2
21 54 0 2
21 55 0 2
21 56 0 2
21 57 0 2
21 58 0 2
21 59 0 2
21 60 0 2
21 61 0 1
21 62 0 2
21 63 0 2
21 64 0 1
21 65 0 2
21 66 0 2
21 67 0 1
21 68 0 2
21 69 1 2
21 70 0 2
21 71 0 2
21 72 0 1
21 73 0 1
21 74 0 2
21 75 0 1
21 76 0 1
21 77 0 1
21 78 0 2
21 79 0 2
21 80 0 2
21 81 8 13
21 82 7 10
21 83 4 11
21 84 4 12
21 85 5 9
21 86 7 10
21 87 0 4
21 88 2 11
21 89 0 2
21 90 0 2
21 91 0 2
21 92 4 9
21 93 5 9
21 94 2 5
21 95 13 13
21 96 6 13
21 97 3 12
21 98 3 12
21 99 6 12
21 100 0 2
22 1 1 5
22 2 0 2
22 3 0 2
22 4 0 2
22 5 0 2
22 6 0 2
22 7 0 2
22 8 0 2
22 9 0 2
22 10 0 2
22 11 0 2
22 12 1 4
22 13 0 2
22 14 0 2
22 15 0 2
22 16 1 5
22 17 0 2
22 18 0 2
22 19 1 4
22 20 0 2
22 21 2 5
22 22 0 2
22 23 1 4
22 24 0 2
22 25 0 2
22 26 0 1
22 27 0 2
22 28 0 2
22 29 0 2
22 30 0 2
22 31 0 2
22 32 0 2
22 33 0 1
22 34 0 2
22 35 0 2
22 36 0 2
22 37 0 2
22 38 0 2
22 39 0 2
22 40 0 2
22 41 0 1
22 42 0 2
22 43 0 2
22 44 0 2
22 45 0 2
22 46 0 2
22 47 0 2
22 48 0 1
22 49 0 2
22 50 0 2
22 51 0 2
22 52 0 1
22 53 0 2
22 54 0 1
22 55 0 2
22 56 0 2
22 57 0 1
22 58 0 2
22 59 0 1
22 60 0 1
22 61 0 2
22 62 0 1
22 63 0 2
22 64 0 2
22 65 0 2
22 66 0 1
22 67 0 2
22 68 0 2
22 69 0 1
22 70 0 2
22 71 0 1
22 72 0 2
22 73 0 1
22 74 1 2
22 75 0 2
22 76 0 1
22 77 0 1
22 78 0 2
22 79 0 2
22 80 4 12
22 81 3 11
22 82 6 12
22 83 2 9
22 84 2 7
22 85 5 10
22 86 6 12
22 87 4 6
22 88 3 10
22 89 3 11
22 90 3 14
22 91 9 9
22 92 2 9
22 93 0 2
22 94 2 10
22 95 7 8
22 96 4 10
22 97 4 8
22 98 4 8
22 99 3 13
22 100 1 2
23 1 0 4
23 2 1 5
23 3 0 2
23 4 0 2
23 5 0 2
23 6 0 2
23 7 0 2
23 8 0 2
23 9 0 2
23 10 0 2
23 11 0 2
23 12 0 2
23 13 1 4
23 14 0 2
23 15 0 2
23 16 0 2
23 17 1 5
23 18 0 2
23 19 0 2
23 20 1 4
23 21 0 2
23 22 2 5
23 23 0 2
23 24 1 4
23 25 0 2
23 26 0 2
23 27 0 1
23 28 0 2
23 29 0 2
23 30 0 2
23 31 0 2
23 32 0 2
23 33 0 2
23 34 0 1
23 35 0 1
23 36 0 2
23 37 0 1
23 38 0 2
23 39 0 2
23 40 0 1
23 41 0 2
23 42 0 2
23 43 1 4
23 44 4 9
23 45 0 1
23 46 0 2
23 47 0 2
23 48 0 1
23 49 3 10
23 50 0 1
23 51 0 2
23 52 0 1
23 53 1 2
23 54 0 2
23 55 0 2
23 56 0 2
23 57 0 1
23 58 0 2
23 59 0 1
23 60 0 2
23 61 2 4
23 62 0 2
23 63 0 2
23 64 0 2
23 65 0 2
23 66 0 1
23 67 0 1
23 68 0 2
23 69 0 1
23 70 0 1
23 71 0 1
23 72 0 1
23 73 0 1
23 74 0 2
23 75 0 2
23 76 0 2
23 77 0 2
23 78 1 3
23 79 0 2
23 80 0 2
23 81 0 2
23 82 0 1
23 83 0 1
23 84 0 1
23 85 1 2
23 86 4 11
23 87 6 10
23 88 2 4
23 89 3 8
23 90 7 12
23 91 7 12
23 92 7 12
23 93 10 12
23 94 6 12
23 95 2 9
23 96 0 2
23 97 1 3
23 98 3 8
23 99 5 12
23 100 0 2
24 1 0 4
24 2 1 5
24 3 0 2
24 4 0 2
24 5 0 2
24 6 0 2
24 7 0 2
24 8 0 2
24 9 0 2
24 10 0 2
24 11 0 2
24 12 0 2
24 13 1 4
24 14 0 2
24 15 0 2
24 16 0 2
24 17 1 5
24 18 0 2
24 19 0 2
24 20 1 4
24 21 0 2
24 22 2 5
24 23 0 2
24 24 1 4
24 25 0 2
24 26 0 2
24 27 0 1
24 28 0 2
24 29 0 2
24 30 0 2
24 31 0 1
24 32 0 1
24 33 0 1
24 34 0 1
24 35 1 2
24 36 0 1
24 37 0 1
24 38 1 3
24 39 0 1
24 40 0 1
24 41 2 4
24 42 0 2
24 43 0 2
24 44 0 1
24 45 1 4
24 46 0 2
24 47 0 1
24 48 0 1
24 49 0 2
24 50 0 2
24 51 0 2
24 52 0 2
24 53 0 2
24 54 0 2
24 55 0 2
24 56 0 2
24 57 0 2
24 58 0 2
24 59 0 1
24 60 0 2
24 61 0 2
24 62 0 2
24 63 0 2
24 64 0 1
24 65 0 1
24 66 0 2
24 67 0 2
24 68 0 1
24 69 0 2
24 70 0 1
24 71 0 2
24 72 1 2
24 73 0 1
24 74 0 1
24 75 0 1
24 76 0 1
24 77 0 1
24 78 0 1
24 79 0 1
24 80 0 2
24 81 0 2
24 82 1 2
24 83 0 2
24 84 0 2
24 85 0 1
24 86 3 5
24 87 5 9
24 88 6 11
24 89 4 11
24 90 3 8
24 91 4 9
24 92 5 9
24 93 4 11
24 94 0 2
24 95 5 12
24 96 5 12
24 97 6 11
24 98 8 15
24 99 3 12
24 100 0 2
25 1 0 4
25 2 1 5
25 3 0 2
25 4 0 2
25 5 0 2
25 6 0 2
25 7 0 2
25 8 0 2
25 9 0 2
25 10 0 2
25 11 0 2
25 12 0 2
25 13 1 4
25 14 0 2
25 15 0 2
25 16 0 2
25 17 1 5
25 18 0 2
25 19 0 2
25 20 1 4
25 21 0 2
25 22 2 5
25 23 0 2
25 24 1 4
25 25 0 2
25 26 0 2
25 27 0 1
25 28 0 2
25 29 0 2
25 30 0 2
25 31 1 3
25 32 0 1
25 33 0 2
25 34 0 1
25 35 1 7
25 36 0 2
25 37 0 1
25 38 0 1
25 39 0 1
25 40 0 1
25 41 0 1
25 42 0 2
25 43 0 2
25 44 0 2
25 45 0 1
25 46 0 1
25 47 0 1
25 48 0 1
25 49 0 2
25 50 0 2
25 51 0 2
25 52 2 6
25 53 0 2
25 54 0 1
25 55 0 1
25 56 1 2
25 57 0 1
25 58 1 2
25 59 0 2
25 60 0 2
25 61 5 10
25 62 0 1
25 63 0 1
25 64 0 2
25 65 0 2
25 66 0 1
25 67 1 4
25 68 0 1
25 69 0 2
25 70 0 1
25 71 0 1
25 72 0 1
25 73 0 2
25 74 0 2
25 75 0 1
25 76 0 2
25 77 0 2
25 78 1 2
25 79 0 1
25 80 2 4
25 81 0 1
25 82 0 1
25 83 0 1
25 84 0 2
25 85 0 2
25 86 0 1
25 87 3 5
25 88 0 1
25 89 0 1
25 90 1 2
25 91 0 2
25 92 7 13
25 93 0 2
25 94 0 2
25 95 6 10
25 96 1 5
25 97 6 12
25 98 5 14
25 99 0 2
25 100 0 2
26 1 1 5
26 2 0 2
26 3 0 2
26 4 0 2
26 5 0 2
26 6 0 2
26 7 0 2
26 8 0 2
26 9 0 2
26 10 0 2
26 11 0 2
26 12 1 4
26 13 0 2
26 14 0 2
26 15 0 2
26 16 1 5
26 17 0 2
26 18 0 2
26 19 1 4
26 20 0 2
26 21 2 5
26 22 0 2
26 23 1 4
26 24 0 2
26 25 0 2
26 26 0 1
26 27 0 2
26 28 0 2
26 29 0 2
26 30 0 2
26 31 0 1
26 32 0 2
26 33 0 1
26 34 0 2
26 35 0 1
26 36 1 3
26 37 0 1
26 38 0 1
26 39 0 2
26 40 0 2
26 41 0 2
26 42 0 1
26 43 0 2
26 44 0 2
26 45 0 2
26 46 0 2
26 47 0 1
26 48 0 2
26 49 0 1
26 50 0 2
26 51 12 14
26 52 0 1
26 53 0 2
26 54 0 2
26 55 0 1
26 56 0 2
26 57 0 3
26 58 0 1
26 59 0 1
26 60 0 1
26 61 0 2
26 62 0 2
26 63 0 2
26 64 0 1
26 65 4 9
26 66 0 2
26 67 0 2
26 68 0 1
26 69 0 1
26 70 0 1
26 71 0 2
26 72 0 2
26 73 0 1
26 74 0 1
26 75 0 2
26 76 0 2
26 77 0 1
26 78 1 10
26 79 0 4
26 80 4 14
26 81 1 3
26 82 3 11
26 83 5 13
26 84 4 15
26 85 2 4
26 86 2 10
26 87 4 10
26 88 5 10
26 89 1 7
26 90 4 10
26 91 2 6
26 92 2 11
26 93 1 2
26 94 2 10
26 95 4 12
26 96 3 7
26 97 0 2
26 98 0 2
26 99 0 1
26 100 0 1
27 1 1 6
27 2 1 4
27 3 1 5
27 4 0 2
27 5 0 2
27 6 0 2
27 7 0 2
27 8 0 2
27 9 0 2
27 10 0 2
27 11 0 2
27 12 0 2
27 13 0 2
27 14 1 4
27 15 0 2
27 16 0 2
27 17 0 2
27 18 1 5
27 19 0 2
27 20 0 2
27 21 1 4
27 22 0 2
27 23 2 5
27 24 0 2
27 25 1 4
27 26 0 2
27 27 0 2
27 28 0 1
27 29 0 2
27 30 0 2
27 31 0 2
27 32 0 2
27 33 0 2
27 34 0 1
27 35 0 1
27 36 0 1
27 37 0 1
27 38 0 1
27 39 0 1
27 40 0 2
27 41 0 1
27 42 0 2
27 43 0 1
27 44 0 1
27 45 0 1
27 46 0 1
27 47 0 2
27 48 0 1
27 49 5 13
27 50 0 2
27 51 0 2
27 52 1 2
27 53 0 2
27 54 1 3
27 55 0 2
27 56 0 2
27 57 0 2
27 58 0 2
27 59 0 1
27 60 0 2
27 61 0 1
27 62 9 12
27 63 0 2
27 64 0 2
27 65 0 2
27 66 0 1
27 67 0 2
27 68 0 1
27 69 0 1
27 70 0 2
27 71 0 2
27 72 0 1
27 73 0 1
27 74 0 1
27 75 0 1
27 76 2 8
27 77 2 3
27 78 0 2
27 79 4 11
27 80 0 1
27 81 0 2
27 82 0 1
27 83 2 5
27 84 0 1
27 85 0 1
27 86 0 1
27 87 0 1
27 88 5 13
27 89 2 8
27 90 1 4
27 91 3 11
27 92 1 5
27 93 3 10
27 94 0 2
27 95 0 2
27 96 0 2
27 97 4 9
27 98 6 9
27 99 7 12
27 100 0 3
28 1 2 5
28 2 3 10
28 3 1 5
28 4 0 2
28 5 0 2
28 6 0 2
28 7 0 2
28 8 0 2
28 9 0 2
28 10 0 2
28 11 0 2
28 12 0 2
28 13 0 2
28 14 1 4
28 15 0 2
28 16 0 2
28 17 0 2
28 18 1 5
28 19 0 2
28 20 0 2
28 21 1 4
28 22 0 2
28 23 2 5
28 24 0 2
28 25 1 4
28 26 0 2
28 27 0 2
28 28 0 1
28 29 0 2
28 30 0 2
28 31 0 1
28 32 0 2
28 33 0 1
28 34 0 1
28 35 0 2
28 36 0 1
28 37 0 1
28 38 0 1
28 39 0 2
28 40 0 2
28 41 0 2
28 42 0 2
28 43 0 2
28 44 0 1
28 45 0 1
28 46 0 1
28 47 0 2
28 48 0 2
28 49 0 2
28 50 0 2
28 51 0 2
28 52 0 2
28 53 6 13
28 54 0 2
28 55 0 1
28 56 0 2
28 57 0 2
28 58 0 2
28 59 0 2
28 60 0 2
28 61 0 2
28 62 0 2
28 63 0 1
28 64 0 2
28 65 0 1
28 66 0 2
28 67 0 2
28 68 0 2
28 69 0 1
28 70 0 1
28 71 0 1
28 72 0 2
28 73 0 2
28 74 0 1
28 75 0 2
28 76 0 2
28 77 2 3
28 78 1 4
28 79 3 9
28 80 3 9
28 81 1 6
28 82 4 12
28 83 4 10
28 84 6 13
28 85 7 12
28 86 4 9
28 87 5 10
28 88 4 13
28 89 4 13
28 90 1 3
28 91 9 13
28 92 0 2
28 93 0 2
28 94 6 10
28 95 2 5
28 96 8 12
28 97 5 8
28 98 11 10
28 99 0 1
28 100 0 1
29 1 3 11
29 2 2 5
29 3 6 8
29 4 3 10
29 5 7 12
29 6 6 12
29 7 1 5
29 8 0 2
29 9 0 2
29 10 0 2
29 11 0 2
29 12 0 2
29 13 0 2
29 14 0 2
29 15 0 2
29 16 0 2
29 17 0 2
29 18 1 4
29 19 0 2
29 20 0 2
29 21 0 2
29 22 1 5
29 23 0 2
29 24 0 2
29 25 1 4
29 26 0 2
29 27 2 5
29 28 0 2
29 29 1 4
29 30 0 2
29 31 0 2
29 32 0 1
29 33 0 2
29 34 0 2
29 35 0 2
29 36 0 1
29 37 0 2
29 38 0 1
29 39 0 1
29 40 0 1
29 41 1 3
29 42 0 2
29 43 0 2
29 44 0 2
29 45 1 2
29 46 0 2
29 47 0 2
29 48 0 2
29 49 0 2
29 50 0 2
29 51 0 1
29 52 0 1
29 53 0 2
29 54 0 2
29 55 0 2
29 56 0 1
29 57 0 1
29 58 0 2
29 59 0 1
29 60 0 1
29 61 0 1
29 62 0 2
29 63 0 1
29 64 0 1
29 65 0 2
29 66 2 4
29 67 0 2
29 68 0 1
29 69 0 1
29 70 0 1
29 71 0 2
29 72 0 1
29 73 0 2
29 74 0 1
29 75 0 2
29 76 0 2
29 77 0 1
29 78 0 1
29 79 0 2
29 80 0 1
29 81 0 2
29 82 0 2
29 83 0 1
29 84 0 2
29 85 0 2
29 86 4 9
29 87 0 2
29 88 0 2
29 89 1 8
29 90 5 11
29 91 0 2
29 92 4 9
29 93 3 10
29 94 4 6
29 95 3 12
29 96 2 4
29 97 3 11
29 98 5 11
29 99 6 12
29 100 0 2
30 1 3 10
30 2 3 11
30 3 7 12
30 4 5 9
30 5 6 8
30 6 1 5
30 7 0 2
30 8 0 2
30 9 0 2
30 10 0 2
30 11 0 2
30 12 0 2
30 13 0 2
30 14 0 2
30 15 0 2
30 16 0 2
30 17 1 4
30 18 0 2
30 19 0 2
30 20 0 2
30 21 1 5
30 22 0 2
30 23 0 2
30 24 1 4
30 25 0 2
30 26 2 5
30 27 0 2
30 28 1 4
30 29 0 2
30 30 0 1
30 31 0 1
30 32 0 2
30 33 0 2
30 34 0 2
30 35 0 1
30 36 0 1
30 37 0 2
30 38 0 1
30 39 0 1
30 40 0 2
30 41 0 2
30 42 0 1
30 43 0 1
30 44 0 2
30 45 0 1
30 46 0 2
30 47 0 2
30 48 1 2
30 49 0 2
30 50 0 2
30 51 3 5
30 52 0 1
30 53 0 2
30 54 0 2
30 55 0 2
30 56 0 1
30 57 0 2
30 58 0 2
30 59 0 2
30 60 0 1
30 61 0 1
30 62 0 2
30 63 0 2
30 64 3 5
30 65 2 6
30 66 0 2
30 67 0 1
30 68 0 1
30 69 0 1
30 70 0 2
30 71 1 2
30 72 0 2
30 73 0 2
30 74 0 2
30 75 0 2
30 76 0 1
30 77 0 2
30 78 0 1
30 79 0 1
30 80 0 2
30 81 1 3
30 82 9 13
30 83 6 10
30 84 2 5
30 85 6 12
30 86 8 15
30 87 3 11
30 88 4 14
30 89 6 12
30 90 8 10
30 91 7 11
30 92 2 7
30 93 1 2
30 94 5 12
30 95 7 15
30 96 3 8
30 97 11 11
30 98 4 10
30 99 5 9
30 100 0 2
31 1 3 11
31 2 7 12
31 3 6 8
31 4 3 10
31 5 5 9
31 6 1 5
31 7 0 2
31 8 0 2
31 9 0 2
31 10 0 2
31 11 0 2
31 12 0 2
31 13 0 2
31 14 0 2
31 15 0 2
31 16 0 2
31 17 1 4
31 18 0 2
31 19 0 2
31 20 0 2
31 21 1 5
31 22 0 2
31 23 0 2
31 24 1 4
31 25 0 2
31 26 2 5
31 27 0 2
31 28 1 4
31 29 0 2
31 30 0 1
31 31 0 1
31 32 0 2
31 33 0 2
31 34 0 1
31 35 0 2
31 36 0 1
31 37 0 2
31 38 0 1
31 39 0 2
31 40 0 2
31 41 0 2
31 42 0 2
31 43 0 1
31 44 0 2
31 45 0 2
31 46 0 2
31 47 2 6
31 48 0 2
31 49 0 1
31 50 0 2
31 51 2 3
31 52 0 2
31 53 0 2
31 54 0 1
31 55 0 2
31 56 0 2
31 57 0 1
31 58 0 2
31 59 1 4
31 60 0 2
31 61 0 2
31 62 0 1
31 63 0 2
31 64 1 2
31 65 0 2
31 66 0 1
31 67 0 2
31 68 0 2
31 69 0 2
31 70 0 2
31 71 0 2
31 72 0 2
31 73 0 2
31 74 0 2
31 75 0 2
31 76 0 1
31 77 0 2
31 78 0 2
31 79 0 2
31 80 0 2
31 81 0 2
31 82 1 2
31 83 0 2
31 84 0 2
31 85 0 1
31 86 0 2
31 87 4 8
31 88 4 11
31 89 4 11
31 90 5 10
31 91 1 3
31 92 2 4
31 93 1 2
31 94 6 12
31 95 4 11
31 96 0 2
31 97 3 8
31 98 3 5
31 99 0 2
31 100 0 1
32 1 3 11
32 2 5 9
32 3 1 5
32 4 0 2
32 5 0 2
32 6 0 2
32 7 0 2
32 8 0 2
32 9 0 2
32 10 0 2
32 11 0 2
32 12 0 2
32 13 0 2
32 14 1 4
32 15 0 2
32 16 0 2
32 17 0 2
32 18 1 5
32 19 0 2
32 20 0 2
32 21 1 4
32 22 0 2
32 23 2 5
32 24 0 2
32 25 1 4
32 26 0 2
32 27 0 1
32 28 1 4
32 29 0 2
32 30 0 1
32 31 0 2
32 32 0 2
32 33 1 3
32 34 0 2
32 35 1 2
32 36 0 2
32 37 0 1
32 38 0 2
32 39 0 2
32 40 0 2
32 41 0 2
32 42 0 2
32 43 0 1
32 44 0 1
32 45 0 2
32 46 0 2
32 47 0 2
32 48 0 1
32 49 0 2
32 50 0 2
32 51 0 2
32 52 0 2
32 53 0 1
32 54 0 2
32 55 0 2
32 56 1 4
32 57 0 1
32 58 0 2
32 59 0 2
32 60 0 2
32 61 0 2
32 62 0 1
32 63 0 2
32 64 0 2
32 65 0 2
32 66 0 2
32 67 0 1
32 68 0 2
32 69 0 2
32 70 0 2
32 71 0 2
32 72 0 2
32 73 0 2
32 74 0 1
32 75 0 1
32 76 0 2
32 77 0 1
32 78 0 2
32 79 0 2
32 80 0 2
32 81 3 5
32 82 3 10
32 83 2 6
32 84 7 12
32 85 6 8
32 86 6 9
32 87 4 11
32 88 5 8
32 89 5 12
32 90 4 8
32 91 0 2
32 92 0 2
32 93 4 12
32 94 1 3
32 95 5 13
32 96 5 10
32 97 5 11
32 98 0 2
32 99 0 2
32 100 0 2
33 1 3 11
33 2 5 9
33 3 1 5
33 4 0 2
33 5 0 2
33 6 0 2
33 7 0 2
33 8 0 2
33 9 0 2
33 10 0 2
33 11 0 2
33 12 0 2
33 13 0 2
33 14 1 4
33 15 0 2
33 16 0 2
33 17 0 2
33 18 1 5
33 19 0 2
33 20 0 2
33 21 1 4
33 22 0 2
33 23 2 5
33 24 0 2
33 25 1 4
33 26 0 2
33 27 0 1
33 28 1 4
33 29 0 2
33 30 0 1
33 31 6 11
33 32 0 2
33 33 0 2
33 34 0 2
33 35 0 2
33 36 0 1
33 37 0 1
33 38 6 9
33 39 0 1
33 40 0 1
33 41 0 2
33 42 0 2
33 43 0 2
33 44 0 2
33 45 0 1
33 46 2 4
33 47 0 2
33 48 0 2
33 49 0 1
33 50 0 2
33 51 0 2
33 52 0 1
33 53 0 2
33 54 2 5
33 55 0 2
33 56 0 1
33 57 0 2
33 58 0 2
33 59 0 1
33 60 0 2
33 61 1 2
33 62 0 2
33 63 0 2
33 64 0 2
33 65 0 1
33 66 0 2
33 67 1 5
33 68 0 2
33 69 0 2
33 70 0 2
33 71 0 2
33 72 0 2
33 73 0 1
33 74 0 1
33 75 0 2
33 76 0 2
33 77 0 1
33 78 0 2
33 79 0 1
33 80 0 2
33 81 0 2
33 82 0 2
33 83 5 10
33 84 6 14
33 85 5 12
33 86 4 10
33 87 6 12
33 88 8 12
33 89 3 10
33 90 5 12
33 91 4 11
33 92 6 12
33 93 5 11
33 94 6 10
33 95 3 7
33 96 0 2
33 97 4 8
33 98 4 15
33 99 0 2
33 100 0 2
34 1 3 11
34 2 4 9
34 3 4 7
34 4 3 12
34 5 5 9
34 6 1 5
34 7 0 2
34 8 0 2
34 9 0 2
34 10 0 2
34 11 0 2
34 12 0 2
34 13 0 2
34 14 0 2
34 15 0 2
34 16 0 2
34 17 1 4
34 18 0 2
34 19 0 2
34 20 0 2
34 21 1 5
34 22 0 2
34 23 0 2
34 24 1 4
34 25 0 2
34 26 2 5
34 27 0 2
34 28 1 4
34 29 0 2
34 30 0 1
34 31 1 4
34 32 0 2
34 33 0 1
34 34 0 2
34 35 0 2
34 36 0 2
34 37 0 2
34 38 0 1
34 39 6 11
34 40 0 2
34 41 0 1
34 42 0 2
34 43 0 2
34 44 0 2
34 45 0 2
34 46 0 1
34 47 0 2
34 48 0 2
34 49 0 1
34 50 0 2
34 51 0 2
34 52 0 2
34 53 0 2
34 54 1 5
34 55 5 7
34 56 0 2
34 57 0 2
34 58 1 3
34 59 0 2
34 60 0 2
34 61 0 2
34 62 0 1
34 63 0 2
34 64 0 2
34 65 2 5
34 66 0 2
34 67 0 2
34 68 0 2
34 69 0 1
34 70 2 3
34 71 0 2
34 72 0 2
34 73 0 2
34 74 0 1
34 75 0 2
34 76 0 1
34 77 0 2
34 78 0 2
34 79 0 2
34 80 0 2
34 81 0 2
34 82 0 2
34 83 0 2
34 84 0 2
34 85 0 2
34 86 0 2
34 87 0 2
34 88 0 1
34 89 0 1
34 90 0 2
34 91 0 1
34 92 4 10
34 93 3 11
34 94 3 12
34 95 2 8
34 96 3 13
34 97 0 2
34 98 4 12
34 99 0 2
34 100 0 1
35 1 3 11
35 2 4 9
35 3 4 7
35 4 4 11
35 5 3 12
35 6 5 9
35 7 1 5
35 8 0 2
35 9 0 2
35 10 0 2
35 11 0 2
35 12 0 2
35 13 0 2
35 14 0 2
35 15 0 2
35 16 0 2
35 17 0 2
35 18 1 4
35 19 0 2
35 20 0 2
35 21 0 2
35 22 1 5
35 23 0 2
35 24 0 2
35 25 1 4
35 26 0 2
35 27 2 5
35 28 0 2
35 29 1 4
35 30 0 2
35 31 0 1
35 32 0 2
35 33 0 2
35 34 0 2
35 35 0 2
35 36 0 2
35 37 0 1
35 38 0 2
35 39 0 2
35 40 0 2
35 41 0 2
35 42 0 1
35 43 0 1
35 44 0 2
35 45 0 2
35 46 0 1
35 47 0 2
35 48 0 1
35 49 0 2
35 50 0 2
35 51 0 2
35 52 0 2
35 53 0 1
35 54 0 2
35 55 0 2
35 56 1 3
35 57 0 2
35 58 0 1
35 59 1 3
35 60 0 2
35 61 0 2
35 62 0 2
35 63 0 2
35 64 0 1
35 65 0 1
35 66 0 2
35 67 0 2
35 68 0 1
35 69 0 2
35 70 0 1
35 71 0 2
35 72 0 2
35 73 0 2
35 74 0 2
35 75 0 2
35 76 0 2
35 77 0 1
35 78 0 2
35 79 0 2
35 80 0 2
35 81 0 2
35 82 5 9
35 83 4 9
35 84 9 13
35 85 5 12
35 86 6 13
35 87 5 10
35 88 4 13
35 89 5 11
35 90 6 13
35 91 3 9
35 92 1 2
35 93 1 2
35 94 8 14
35 95 0 2
35 96 6 13
35 97 5 10
35 98 4 10
35 99 5 10
35 100 3 9
36 1 3 11
36 2 1 2
36 3 1 2
36 4 1 5
36 5 4 9
36 6 0 2
36 7 4 8
36 8 3 12
36 9 4 7
36 10 5 9
36 11 1 5
36 12 0 2
36 13 0 2
36 14 0 2
36 15 0 2
36 16 0 2
36 17 0 2
36 18 0 2
36 19 0 2
36 20 0 2
36 21 0 2
36 22 1 4
36 23 0 2
36 24 0 2
36 25 0 2
36 26 1 5
36 27 0 2
36 28 0 2
36 29 1 4
36 30 0 2
36 31 2 5
36 32 0 2
36 33 1 4
36 34 0 2
36 35 0 2
36 36 0 2
36 37 0 1
36 38 1 4
36 39 0 2
36 40 0 1
36 41 0 2
36 42 0 2
36 43 0 2
36 44 0 2
36 45 0 2
36 46 0 2
36 47 0 1
36 48 0 2
36 49 0 2
36 50 0 1
36 51 0 2
36 52 0 2
36 53 0 2
36 54 0 2
36 55 0 1
36 56 0 2
36 57 0 2
36 58 0 2
36 59 0 2
36 60 0 2
36 61 0 2
36 62 0 2
36 63 0 2
36 64 0 2
36 65 0 1
36 66 0 2
36 67 0 2
36 68 0 1
36 69 0 2
36 70 5 10
36 71 0 1
36 72 0 1
36 73 0 1
36 74 0 2
36 75 0 1
36 76 0 2
36 77 0 2
36 78 0 2
36 79 0 1
36 80 0 2
36 81 1 3
36 82 0 2
36 83 0 2
36 84 0 2
36 85 0 1
36 86 0 1
36 87 0 2
36 88 0 2
36 89 4 9
36 90 5 9
36 91 5 9
36 92 3 8
36 93 4 12
36 94 2 3
36 95 2 3
36 96 4 11
36 97 6 13
36 98 5 15
36 99 7 12
36 100 2 6
37 1 3 11
37 2 1 5
37 3 4 9
37 4 6 11
37 5 6 12
37 6 1 5
37 7 0 2
37 8 0 2
37 9 0 2
37 10 0 2
37 11 0 2
37 12 0 2
37 13 0 2
37 14 0 2
37 15 0 2
37 16 0 2
37 17 1 4
37 18 0 2
37 19 0 2
37 20 0 2
37 21 1 5
37 22 0 2
37 23 0 2
37 24 1 4
37 25 0 2
37 26 0 2
37 27 0 2
37 28 1 4
37 29 0 2
37 30 0 2
37 31 0 2
37 32 0 1
37 33 0 2
37 34 0 2
37 35 0 2
37 36 0 2
37 37 0 2
37 38 0 2
37 39 0 2
37 40 1 3
37 41 0 2
37 42 0 2
37 43 0 2
37 44 0 1
37 45 0 1
37 46 0 2
37 47 0 2
37 48 0 2
37 49 0 1
37 50 0 2
37 51 0 2
37 52 0 1
37 53 0 2
37 54 0 2
37 55 0 2
37 56 0 2
37 57 0 2
37 58 0 2
37 59 0 2
37 60 2 4
37 61 0 2
37 62 0 2
37 63 0 2
37 64 0 1
37 65 0 2
37 66 0 1
37 67 0 2
37 68 0 2
37 69 0 2
37 70 0 2
37 71 0 1
37 72 1 3
37 73 0 1
37 74 5 9
37 75 2 3
37 76 1 2
37 77 1 2
37 78 5 11
37 79 6 11
37 80 4 15
37 81 2 11
37 82 4 11
37 83 3 12
37 84 4 11
37 85 4 8
37 86 4 7
37 87 4 11
37 88 3 12
37 89 4 10
37 90 3 10
37 91 0 2
37 92 0 2
37 93 0 2
37 94 0 2
37 95 8 13
37 96 4 8
37 97 5 10
37 98 12 8
37 99 3 10
37 100 0 1
38 1 1 2
38 2 3 11
38 3 2 8
38 4 4 9
38 5 1 5
38 6 0 2
38 7 0 2
38 8 0 2
38 9 0 2
38 10 0 2
38 11 0 2
38 12 0 2
38 13 0 2
38 14 0 2
38 15 0 2
38 16 1 4
38 17 0 2
38 18 0 2
38 19 0 2
38 20 1 5
38 21 0 2
38 22 0 2
38 23 1 4
38 24 0 2
38 25 0 2
38 26 0 2
38 27 1 4
38 28 0 2
38 29 0 2
38 30 0 2
38 31 1 2
38 32 0 1
38 33 0 2
38 34 0 2
38 35 0 2
38 36 0 2
38 37 0 2
38 38 0 2
38 39 0 1
38 40 0 2
38 41 0 2
38 42 0 1
38 43 0 2
38 44 0 2
38 45 0 2
38 46 0 1
38 47 0 2
38 48 0 1
38 49 0 2
38 50 0 2
38 51 0 1
38 52 0 2
38 53 0 1
38 54 0 2
38 55 0 2
38 56 0 3
38 57 0 2
38 58 0 2
38 59 0 2
38 60 0 2
38 61 0 2
38 62 0 2
38 63 0 2
38 64 0 1
38 65 0 2
38 66 0 1
38 67 0 2
38 68 0 2
38 69 0 2
38 70 0 2
38 71 0 1
38 72 0 2
38 73 0 2
38 74 0 2
38 75 0 1
38 76 0 2
38 77 0 2
38 78 0 2
38 79 6 11
38 80 6 12
38 81 3 6
38 82 3 12
38 83 4 12
38 84 5 11
38 85 2 12
38 86 6 9
38 87 5 10
38 88 0 2
38 89 0 2
38 90 4 10
38 91 4 11
38 92 4 9
38 93 3 10
38 94 1 5
38 95 5 13
38 96 5 12
38 97 2 3
38 98 5 15
38 99 0 2
38 100 0 1
39 1 3 11
39 2 4 9
39 3 1 5
39 4 0 2
39 5 0 2
39 6 0 2
39 7 0 2
39 8 0 2
39 9 0 2
39 10 0 2
39 11 0 2
39 12 0 2
39 13 0 2
39 14 1 4
39 15 0 2
39 16 0 2
39 17 0 2
39 18 1 5
39 19 0 2
39 20 0 2
39 21 1 4
39 22 0 2
39 23 0 2
39 24 0 2
39 25 1 4
39 26 0 2
39 27 0 2
39 28 0 2
39 29 0 2
39 30 1 3
39 31 0 1
39 32 0 2
39 33 0 2
39 34 0 2
39 35 2 4
39 36 0 2
39 37 0 2
39 38 0 2
39 39 0 2
39 40 0 1
39 41 3 12
39 42 0 2
39 43 0 1
39 44 0 2
39 45 0 2
39 46 0 1
39 47 0 2
39 48 0 2
39 49 0 2
39 50 0 2
39 51 0 2
39 52 0 2
39 53 0 1
39 54 0 2
39 55 0 2
39 56 0 2
39 57 0 2
39 58 0 2
39 59 0 2
39 60 0 2
39 61 0 2
39 62 1 4
39 63 0 2
39 64 0 2
39 65 0 2
39 66 0 2
39 67 0 2
39 68 0 1
39 69 0 1
39 70 0 1
39 71 0 1
39 72 0 2
39 73 0 2
39 74 0 2
39 75 2 6
39 76 0 2
39 77 0 1
39 78 0 1
39 79 0 2
39 80 0 2
39 81 2 8
39 82 7 12
39 83 4 9
39 84 3 11
39 85 4 10
39 86 4 13
39 87 1 4
39 88 2 5
39 89 1 2
39 90 1 2
39 91 0 2
39 92 0 2
39 93 0 2
39 94 0 2
39 95 5 10
39 96 6 10
39 97 7 13
39 98 3 14
39 99 0 2
39 100 0 2
40 1 3 11
40 2 1 5
40 3 0 2
40 4 0 2
40 5 0 2
40 6 0 2
40 7 0 2
40 8 0 2
40 9 0 2
40 10 0 2
40 11 0 2
40 12 0 2
40 13 1 4
40 14 0 2
40 15 0 2
40 16 0 2
40 17 1 5
40 18 0 2
40 19 0 2
40 20 1 4
40 21 0 2
40 22 0 2
40 23 0 2
40 24 1 4
40 25 0 2
40 26 0 2
40 27 0 2
40 28 0 2
40 29 1 3
40 30 0 2
40 31 0 2
40 32 0 2
40 33 0 2
40 34 0 2
40 35 0 2
40 36 0 2
40 37 0 2
40 38 0 2
40 39 1 4
40 40 0 1
40 41 0 2
40 42 0 2
40 43 0 2
40 44 0 1
40 45 0 2
40 46 0 1
40 47 1 3
40 48 0 2
40 49 0 2
40 50 0 2
40 51 0 2
40 52 0 1
40 53 0 2
40 54 0 1
40 55 0 2
40 56 0 2
40 57 0 2
40 58 0 2
40 59 0 1
40 60 0 2
40 61 0 2
40 62 0 2
40 63 0 2
40 64 0 1
40 65 1 4
40 66 0 2
40 67 0 2
40 68 0 2
40 69 0 2
40 70 0 1
40 71 0 2
40 72 0 2
40 73 0 2
40 74 0 2
40 75 0 2
40 76 0 2
40 77 0 2
40 78 4 9
40 79 6 9
40 80 5 10
40 81 6 11
40 82 2 5
40 83 4 10
40 84 4 10
40 85 3 12
40 86 4 10
40 87 2 6
40 88 2 5
40 89 0 2
40 90 0 2
40 91 0 2
40 92 0 2
40 93 5 15
40 94 7 14
40 95 4 11
40 96 5 8
40 97 3 12
40 98 4 10
40 99 3 8
40 100 0 2
41 1 3 11
41 2 1 5
41 3 0 2
41 4 0 2
41 5 0 2
41 6 0 2
41 7 0 2
41 8 0 2
41 9 0 2
41 10 0 2
41 11 0 2
41 12 0 2
41 13 1 4
41 14 0 2
41 15 0 2
41 16 0 2
41 17 1 5
41 18 0 2
41 19 0 2
41 20 1 4
41 21 0 2
41 22 0 2
41 23 0 2
41 24 1 4
41 25 0 2
41 26 0 2
41 27 0 2
41 28 0 2
41 29 1 3
41 30 0 2
41 31 0 1
41 32 0 2
41 33 1 3
41 34 0 2
41 35 0 2
41 36 0 2
41 37 0 2
41 38 0 1
41 39 0 2
41 40 0 2
41 41 0 2
41 42 0 1
41 43 0 2
41 44 0 2
41 45 0 2
41 46 0 2
41 47 0 2
41 48 0 2
41 49 0 1
41 50 0 2
41 51 0 2
41 52 0 2
41 53 0 2
41 54 0 2
41 55 0 2
41 56 0 2
41 57 4 11
41 58 0 2
41 59 0 2
41 60 0 2
41 61 0 2
41 62 0 2
41 63 0 1
41 64 0 1
41 65 0 1
41 66 0 1
41 67 0 1
41 68 0 2
41 69 0 2
41 70 0 2
41 71 0 2
41 72 0 2
41 73 0 2
41 74 0 2
41 75 0 1
41 76 0 2
41 77 5 10
41 78 2 9
41 79 4 8
41 80 5 10
41 81 3 4
41 82 4 11
41 83 2 6
41 84 6 9
41 85 18 14
41 86 3 11
41 87 4 12
41 88 9 14
41 89 7 13
41 90 4 13
41 91 0 2
41 92 0 2
41 93 0 2
41 94 9 12
41 95 3 9
41 96 2 5
41 97 3 13
41 98 1 5
41 99 0 2
41 100 0 2
42 1 3 11
42 2 2 7
42 3 1 5
42 4 0 2
42 5 0 2
42 6 0 2
42 7 0 2
42 8 0 2
42 9 0 2
42 10 0 2
42 11 0 2
42 12 0 2
42 13 0 2
42 14 1 4
42 15 0 2
42 16 0 2
42 17 0 2
42 18 1 5
42 19 0 2
42 20 0 2
42 21 1 4
42 22 0 2
42 23 0 2
42 24 0 2
42 25 1 4
42 26 0 2
42 27 0 2
42 28 0 2
42 29 0 2
42 30 1 3
42 31 0 2
42 32 0 2
42 33 0 2
42 34 0 2
42 35 0 2
42 36 0 2
42 37 0 2
42 38 0 2
42 39 0 2
42 40 0 2
42 41 0 2
42 42 0 2
42 43 0 2
42 44 0 2
42 45 0 2
42 46 0 2
42 47 0 2
42 48 0 2
42 49 0 2
42 50 0 1
42 51 0 2
42 52 0 2
42 53 0 2
42 54 0 2
42 55 0 2
42 56 0 2
42 57 0 2
42 58 0 2
42 59 0 1
42 60 0 1
42 61 0 2
42 62 0 2
42 63 0 2
42 64 0 2
42 65 0 2
42 66 0 2
42 67 0 1
42 68 0 2
42 69 11 12
42 70 3 8
42 71 0 2
42 72 0 2
42 73 0 1
42 74 0 1
42 75 0 2
42 76 0 1
42 77 0 2
42 78 1 4
42 79 4 9
42 80 7 14
42 81 5 12
42 82 7 12
42 83 5 9
42 84 3 8
42 85 4 11
42 86 9 13
42 87 7 14
42 88 0 2
42 89 0 2
42 90 0 2
42 91 0 2
42 92 0 2
42 93 3 13
42 94 1 12
42 95 6 12
42 96 5 10
42 97 1 3
42 98 4 12
42 99 2 8
42 100 0 1
43 1 1 4
43 2 2 7
43 3 3 11
43 4 1 5
43 5 0 2
43 6 0 2
43 7 0 2
43 8 0 2
43 9 0 2
43 10 0 2
43 11 0 2
43 12 0 2
43 13 0 2
43 14 0 2
43 15 1 4
43 16 0 2
43 17 0 2
43 18 0 2
43 19 1 5
43 20 0 2
43 21 0 2
43 22 1 4
43 23 0 2
43 24 0 2
43 25 0 2
43 26 1 4
43 27 0 2
43 28 0 2
43 29 0 2
43 30 0 2
43 31 1 3
43 32 0 1
43 33 0 2
43 34 1 3
43 35 0 2
43 36 0 2
43 37 0 1
43 38 0 2
43 39 0 2
43 40 0 1
43 41 0 2
43 42 0 2
43 43 0 2
43 44 0 2
43 45 0 2
43 46 0 2
43 47 0 2
43 48 0 2
43 49 0 2
43 50 0 2
43 51 0 2
43 52 0 2
43 53 0 2
43 54 0 2
43 55 0 2
43 56 0 2
43 57 0 2
43 58 1 2
43 59 0 1
43 60 0 2
43 61 0 2
43 62 0 2
43 63 0 2
43 64 1 4
43 65 0 2
43 66 0 2
43 67 0 2
43 68 0 2
43 69 0 1
43 70 0 2
43 71 0 1
43 72 0 2
43 73 0 2
43 74 0 2
43 75 0 2
43 76 0 2
43 77 0 2
43 78 0 2
43 79 5 11
43 80 2 7
43 81 2 12
43 82 4 11
43 83 8 12
43 84 5 13
43 85 8 12
43 86 7 13
43 87 4 9
43 88 3 9
43 89 9 11
43 90 5 8
43 91 0 2
43 92 0 2
43 93 4 8
43 94 4 9
43 95 6 9
43 96 2 10
43 97 0 2
43 98 0 2
43 99 0 2
43 100 0 2
44 1 8 15
44 2 1 4
44 3 3 11
44 4 2 11
44 5 2 8
44 6 1 5
44 7 0 2
44 8 0 2
44 9 0 2
44 10 0 2
44 11 0 2
44 12 0 2
44 13 0 2
44 14 0 2
44 15 0 2
44 16 0 2
44 17 1 4
44 18 0 2
44 19 0 2
44 20 0 2
44 21 1 5
44 22 0 2
44 23 0 2
44 24 1 4
44 25 0 2
44 26 0 2
44 27 0 2
44 28 1 4
44 29 0 2
44 30 0 2
44 31 0 2
44 32 0 2
44 33 1 3
44 34 0 2
44 35 0 2
44 36 0 2
44 37 0 2
44 38 0 1
44 39 0 2
44 40 0 2
44 41 1 3
44 42 0 2
44 43 0 2
44 44 0 2
44 45 0 2
44 46 0 2
44 47 0 2
44 48 0 2
44 49 0 2
44 50 0 2
44 51 0 2
44 52 0 2
44 53 0 2
44 54 2 4
44 55 0 2
44 56 0 2
44 57 0 1
44 58 0 2
44 59 0 2
44 60 0 2
44 61 1 5
44 62 0 2
44 63 0 2
44 64 0 1
44 65 0 2
44 66 0 2
44 67 0 2
44 68 0 2
44 69 0 2
44 70 0 2
44 71 0 2
44 72 1 3
44 73 0 1
44 74 0 2
44 75 0 2
44 76 0 2
44 77 0 2
44 78 0 2
44 79 1 2
44 80 0 2
44 81 0 2
44 82 0 2
44 83 1 3
44 84 2 7
44 85 4 10
44 86 5 10
44 87 3 11
44 88 5 13
44 89 5 13
44 90 2 7
44 91 0 2
44 92 0 2
44 93 5 13
44 94 8 11
44 95 6 10
44 96 4 11
44 97 1 6
44 98 4 7
44 99 0 2
44 100 0 2
45 1 3 11
45 2 8 15
45 3 1 9
45 4 5 9
45 5 2 8
45 6 1 5
45 7 0 2
45 8 0 2
45 9 0 2
45 10 0 2
45 11 0 2
45 12 0 2
45 13 0 2
45 14 0 2
45 15 0 2
45 16 0 2
45 17 1 4
45 18 0 2
45 19 0 2
45 20 0 2
45 21 1 5
45 22 0 2
45 23 0 2
45 24 1 4
45 25 0 2
45 26 0 2
45 27 0 2
45 28 1 4
45 29 0 2
45 30 0 2
45 31 0 1
45 32 0 2
45 33 0 2
45 34 0 2
45 35 0 2
45 36 0 2
45 37 0 1
45 38 0 2
45 39 0 2
45 40 0 2
45 41 0 2
45 42 0 2
45 43 1 2
45 44 0 2
45 45 0 1
45 46 0 2
45 47 0 2
45 48 1 3
45 49 0 1
45 50 0 2
45 51 0 2
45 52 0 2
45 53 0 1
45 54 0 2
45 55 0 2
45 56 0 2
45 57 0 2
45 58 0 2
45 59 0 2
45 60 0 1
45 61 0 2
45 62 0 2
45 63 0 2
45 64 0 2
45 65 0 2
45 66 0 2
45 67 0 2
45 68 0 2
45 69 0 2
45 70 1 3
45 71 0 2
45 72 6 12
45 73 0 2
45 74 0 2
45 75 0 2
45 76 0 2
45 77 0 2
45 78 0 2
45 79 2 11
45 80 4 11
45 81 1 4
45 82 5 13
45 83 6 14
45 84 4 10
45 85 6 14
45 86 9 12
45 87 6 9
45 88 5 13
45 89 4 10
45 90 0 2
45 91 0 2
45 92 4 12
45 93 3 12
45 94 4 8
45 95 9 14
45 96 6 13
45 97 0 2
45 98 0 2
45 99 0 2
45 100 0 2
46 1 1 9
46 2 8 15
46 3 4 11
46 4 2 8
46 5 1 5
46 6 0 2
46 7 0 2
46 8 0 2
46 9 0 2
46 10 0 2
46 11 0 2
46 12 0 2
46 13 0 2
46 14 0 2
46 15 0 2
46 16 1 4
46 17 0 2
46 18 0 2
46 19 0 2
46 20 1 5
46 21 0 2
46 22 0 2
46 23 1 4
46 24 0 2
46 25 0 2
46 26 0 2
46 27 1 4
46 28 0 2
46 29 0 2
46 30 0 1
46 31 0 2
46 32 0 2
46 33 0 2
46 34 0 2
46 35 0 1
46 36 0 2
46 37 0 2
46 38 4 11
46 39 0 2
46 40 0 2
46 41 0 2
46 42 1 2
46 43 0 2
46 44 0 2
46 45 0 2
46 46 0 2
46 47 0 2
46 48 0 2
46 49 0 2
46 50 0 2
46 51 0 2
46 52 0 2
46 53 0 2
46 54 0 2
46 55 0 1
46 56 0 2
46 57 0 1
46 58 0 2
46 59 0 2
46 60 0 1
46 61 0 2
46 62 1 3
46 63 0 2
46 64 3 6
46 65 0 2
46 66 0 2
46 67 0 2
46 68 0 2
46 69 0 1
46 70 1 2
46 71 0 2
46 72 0 2
46 73 0 1
46 74 0 2
46 75 0 2
46 76 0 2
46 77 0 2
46 78 0 2
46 79 5 9
46 80 4 10
46 81 3 11
46 82 1 11
46 83 6 13
46 84 4 10
46 85 4 14
46 86 1 4
46 87 0 2
46 88 3 5
46 89 4 12
46 90 5 9
46 91 5 10
46 92 2 11
46 93 5 12
46 94 5 9
46 95 5 10
46 96 3 10
46 97 8 11
46 98 2 8
46 99 5 8
46 100 0 2
47 1 8 15
47 2 1 9
47 3 8 12
47 4 4 11
47 5 1 5
47 6 0 2
47 7 0 2
47 8 0 2
47 9 0 2
47 10 0 2
47 11 0 2
47 12 0 2
47 13 0 2
47 14 0 2
47 15 0 2
47 16 1 4
47 17 0 2
47 18 0 2
47 19 0 2
47 20 1 5
47 21 0 2
47 22 0 2
47 23 1 4
47 24 0 2
47 25 0 2
47 26 0 2
47 27 1 4
47 28 0 2
47 29 0 2
47 30 0 1
47 31 0 2
47 32 0 2
47 33 0 2
47 34 0 2
47 35 0 2
47 36 0 2
47 37 0 2
47 38 0 2
47 39 0 2
47 40 0 2
47 41 2 5
47 42 0 2
47 43 0 2
47 44 0 2
47 45 0 2
47 46 0 2
47 47 0 2
47 48 0 2
47 49 0 1
47 50 0 2
47 51 0 2
47 52 0 2
47 53 0 2
47 54 0 2
47 55 0 2
47 56 0 2
47 57 0 2
47 58 0 2
47 59 0 1
47 60 0 2
47 61 5 10
47 62 0 2
47 63 0 2
47 64 0 2
47 65 0 2
47 66 0 2
47 67 0 1
47 68 0 2
47 69 0 2
47 70 0 2
47 71 0 2
47 72 0 2
47 73 0 2
47 74 0 1
47 75 0 1
47 76 0 2
47 77 0 2
47 78 0 2
47 79 0 2
47 80 0 2
47 81 0 2
47 82 0 2
47 83 0 1
47 84 0 1
47 85 0 2
47 86 0 2
47 87 2 4
47 88 8 11
47 89 2 8
47 90 5 11
47 91 4 12
47 92 1 4
47 93 7 12
47 94 5 13
47 95 0 2
47 96 5 12
47 97 4 9
47 98 4 11
47 99 4 11
47 100 0 2
48 1 8 15
48 2 4 11
48 3 1 5
48 4 0 2
48 5 0 2
48 6 0 2
48 7 0 2
48 8 0 2
48 9 0 2
48 10 0 2
48 11 0 2
48 12 0 2
48 13 0 2
48 14 1 4
48 15 0 2
48 16 0 2
48 17 0 2
48 18 1 5
48 19 0 2
48 20 0 2
48 21 1 4
48 22 0 2
48 23 0 2
48 24 0 2
48 25 1 4
48 26 0 2
48 27 0 2
48 28 0 1
48 29 0 2
48 30 0 2
48 31 0 2
48 32 1 2
48 33 0 2
48 34 0 1
48 35 0 3
48 36 5 11
48 37 0 2
48 38 0 2
48 39 0 2
48 40 0 1
48 41 0 2
48 42 0 2
48 43 0 2
48 44 0 2
48 45 0 2
48 46 0 2
48 47 0 2
48 48 0 2
48 49 0 2
48 50 0 2
48 51 0 1
48 52 0 2
48 53 0 2
48 54 0 2
48 55 0 1
48 56 0 2
48 57 0 2
48 58 0 2
48 59 0 1
48 60 0 2
48 61 0 1
48 62 0 2
48 63 0 2
48 64 0 2
48 65 0 2
48 66 0 1
48 67 0 2
48 68 0 1
48 69 0 2
48 70 0 2
48 71 0 2
48 72 3 7
48 73 0 1
48 74 0 2
48 75 0 2
48 76 2 4
48 77 0 2
48 78 0 2
48 79 0 2
48 80 0 2
48 81 0 2
48 82 0 2
48 83 0 2
48 84 0 2
48 85 0 2
48 86 1 9
48 87 2 4
48 88 4 14
48 89 2 9
48 90 8 12
48 91 8 12
48 92 4 8
48 93 7 12
48 94 3 10
48 95 0 2
48 96 3 9
48 97 5 11
48 98 3 9
48 99 6 11
48 100 4 8
49 1 1 5
49 2 0 2
49 3 0 2
49 4 0 2
49 5 0 2
49 6 0 2
49 7 0 2
49 8 0 2
49 9 0 2
49 10 0 2
49 11 0 2
49 12 1 4
49 13 0 2
49 14 0 2
49 15 0 2
49 16 1 5
49 17 0 2
49 18 0 2
49 19 1 4
49 20 0 2
49 21 0 2
49 22 0 2
49 23 1 4
49 24 0 2
49 25 0 2
49 26 0 1
49 27 0 2
49 28 0 2
49 29 0 2
49 30 0 2
49 31 0 1
49 32 0 2
49 33 0 2
49 34 0 2
49 35 0 2
49 36 0 1
49 37 2 4
49 38 0 1
49 39 0 2
49 40 0 2
49 41 0 2
49 42 0 2
49 43 0 2
49 44 0 2
49 45 0 2
49 46 0 1
49 47 0 1
49 48 0 2
49 49 0 2
49 50 1 2
49 51 0 2
49 52 0 1
49 53 0 2
49 54 1 2
49 55 0 2
49 56 0 2
49 57 0 2
49 58 0 2
49 59 0 2
49 60 0 2
49 61 0 1
49 62 0 1
49 63 1 4
49 64 0 2
49 65 0 2
49 66 0 2
49 67 0 2
49 68 0 1
49 69 0 2
49 70 0 2
49 71 0 2
49 72 0 2
49 73 0 1
49 74 0 1
49 75 0 2
49 76 1 3
49 77 0 2
49 78 0 2
49 79 0 2
49 80 0 2
49 81 0 2
49 82 4 11
49 83 2 4
49 84 8 15
49 85 2 6
49 86 6 9
49 87 2 8
49 88 4 12
49 89 6 12
49 90 0 2
49 91 4 12
49 92 3 13
49 93 4 11
49 94 5 10
49 95 4 12
49 96 4 11
49 97 6 11
49 98 4 10
49 99 0 2
49 100 5 12
50 1 0 2
50 2 0 2
50 3 0 2
50 4 0 2
50 5 0 2
50 6 8 11
50 7 1 5
50 8 0 2
50 9 0 2
50 10 0 2
50 11 0 2
50 12 0 2
50 13 0 2
50 14 0 2
50 15 0 2
50 16 0 2
50 17 0 2
50 18 1 4
50 19 0 2
50 20 0 2
50 21 0 2
50 22 1 5
50 23 0 2
50 24 0 2
50 25 1 4
50 26 0 2
50 27 0 2
50 28 0 2
50 29 1 4
50 30 0 2
50 31 0 2
50 32 0 1
50 33 0 2
50 34 0 2
50 35 0 2
50 36 0 2
50 37 0 2
50 38 5 11
50 39 0 2
50 40 0 2
50 41 7 13
50 42 0 2
50 43 0 2
50 44 0 2
50 45 0 1
50 46 0 1
50 47 0 1
50 48 5 12
50 49 0 2
50 50 1 2
50 51 0 2
50 52 0 2
50 53 0 2
50 54 0 1
50 55 0 2
50 56 0 2
50 57 0 2
50 58 0 2
50 59 0 2
50 60 0 1
50 61 0 2
50 62 0 2
50 63 0 2
50 64 0 2
50 65 0 1
50 66 0 2
50 67 0 2
50 68 0 2
50 69 0 2
50 70 0 2
50 71 0 2
50 72 0 2
50 73 0 2
50 74 0 1
50 75 0 2
50 76 0 2
50 77 0 2
50 78 0 2
50 79 0 1
50 80 0 2
50 81 0 1
50 82 0 2
50 83 0 2
50 84 3 8
50 85 0 2
50 86 0 2
50 87 0 2
50 88 0 2
50 89 0 2
50 90 0 2
50 91 4 9
50 92 0 1
50 93 5 13
50 94 5 10
50 95 2 4
50 96 2 6
50 97 7 12
50 98 5 13
50 99 5 11
50 100 4 10
51 1 4 8
51 2 5 8
51 3 5 9
51 4 4 10
51 5 8 11
51 6 1 5
51 7 0 2
51 8 0 2
51 9 0 2
51 10 0 2
51 11 0 2
51 12 0 2
51 13 0 2
51 14 0 2
51 15 0 2
51 16 0 2
51 17 1 4
51 18 0 2
51 19 0 2
51 20 0 2
51 21 1 5
51 22 0 2
51 23 0 2
51 24 1 4
51 25 0 2
51 26 0 2
51 27 0 2
51 28 1 4
51 29 0 2
51 30 0 2
51 31 0 2
51 32 4 9
51 33 0 2
51 34 1 3
51 35 0 2
51 36 0 2
51 37 0 1
51 38 0 2
51 39 0 2
51 40 4 11
51 41 0 2
51 42 0 2
51 43 0 2
51 44 0 2
51 45 0 2
51 46 0 2
51 47 0 2
51 48 0 1
51 49 0 2
51 50 0 2
51 51 0 2
51 52 0 2
51 53 0 2
51 54 0 2
51 55 0 1
51 56 0 2
51 57 1 2
51 58 0 2
51 59 0 2
51 60 0 1
51 61 0 2
51 62 0 2
51 63 0 2
51 64 0 2
51 65 0 2
51 66 0 2
51 67 4 9
51 68 0 1
51 69 0 2
51 70 0 2
51 71 0 2
51 72 0 1
51 73 4 12
51 74 0 2
51 75 0 2
51 76 0 2
51 77 0 2
51 78 0 2
51 79 0 2
51 80 0 2
51 81 0 2
51 82 6 10
51 83 2 4
51 84 6 10
51 85 3 11
51 86 4 9
51 87 6 13
51 88 4 11
51 89 3 9
51 90 0 2
51 91 0 2
51 92 0 2
51 93 0 2
51 94 0 2
51 95 0 2
51 96 0 2
51 97 4 8
51 98 0 2
51 99 0 2
51 100 0 2
52 1 5 8
52 2 4 10
52 3 1 5
52 4 0 2
52 5 0 2
52 6 0 2
52 7 0 2
52 8 0 2
52 9 0 2
52 10 0 2
52 11 0 2
52 12 0 2
52 13 0 2
52 14 1 4
52 15 0 2
52 16 0 2
52 17 0 2
52 18 1 5
52 19 0 2
52 20 0 2
52 21 1 4
52 22 0 2
52 23 0 2
52 24 0 2
52 25 1 4
52 26 0 2
52 27 0 2
52 28 0 2
52 29 0 2
52 30 0 2
52 31 0 2
52 32 0 2
52 33 0 2
52 34 0 2
52 35 0 2
52 36 0 2
52 37 4 10
52 38 0 2
52 39 4 9
52 40 0 2
52 41 0 2
52 42 7 10
52 43 0 2
52 44 0 2
52 45 0 2
52 46 6 12
52 47 0 2
52 48 0 2
52 49 5 13
52 50 0 2
52 51 0 2
52 52 0 2
52 53 0 2
52 54 0 2
52 55 0 2
52 56 0 2
52 57 0 2
52 58 0 2
52 59 0 2
52 60 0 1
52 61 0 2
52 62 0 1
52 63 0 2
52 64 5 9
52 65 0 2
52 66 2 4
52 67 0 2
52 68 0 2
52 69 0 1
52 70 0 2
52 71 0 2
52 72 0 2
52 73 0 2
52 74 0 2
52 75 0 1
52 76 0 1
52 77 0 1
52 78 0 2
52 79 5 9
52 80 2 5
52 81 5 11
52 82 4 8
52 83 8 11
52 84 1 3
52 85 3 13
52 86 6 10
52 87 5 14
52 88 4 11
52 89 4 12
52 90 0 2
52 91 0 2
52 92 0 2
52 93 0 2
52 94 0 2
52 95 0 2
52 96 0 2
52 97 5 13
52 98 4 11
52 99 6 14
52 100 0 2
53 1 5 13
53 2 5 8
53 3 1 5
53 4 0 2
53 5 0 2
53 6 0 2
53 7 0 2
53 8 0 2
53 9 0 2
53 10 0 2
53 11 0 2
53 12 0 2
53 13 0 2
53 14 1 4
53 15 0 2
53 16 0 2
53 17 0 2
53 18 1 5
53 19 0 2
53 20 0 2
53 21 1 4
53 22 0 2
53 23 0 2
53 24 0 2
53 25 1 4
53 26 0 2
53 27 0 2
53 28 0 2
53 29 0 2
53 30 0 2
53 31 0 1
53 32 0 2
53 33 0 2
53 34 0 2
53 35 0 1
53 36 3 9
53 37 0 2
53 38 0 2
53 39 0 1
53 40 0 2
53 41 0 2
53 42 0 1
53 43 0 2
53 44 0 2
53 45 0 2
53 46 0 2
53 47 0 2
53 48 0 2
53 49 0 2
53 50 0 2
53 51 0 2
53 52 0 2
53 53 0 2
53 54 0 2
53 55 0 2
53 56 0 2
53 57 0 2
53 58 0 2
53 59 0 1
53 60 0 2
53 61 0 2
53 62 0 1
53 63 0 2
53 64 0 1
53 65 0 2
53 66 0 2
53 67 0 2
53 68 0 2
53 69 0 2
53 70 0 1
53 71 0 1
53 72 3 14
53 73 6 11
53 74 6 13
53 75 3 9
53 76 4 10
53 77 4 11
53 78 3 8
53 79 6 11
53 80 5 12
53 81 3 10
53 82 6 12
53 83 8 11
53 84 1 5
53 85 0 2
53 86 0 2
53 87 0 2
53 88 0 2
53 89 0 2
53 90 0 2
53 91 0 2
53 92 0 2
53 93 0 2
53 94 0 2
53 95 12 13
53 96 5 13
53 97 5 11
53 98 0 2
53 99 0 2
53 100 0 2
54 1 4 12
54 2 3 11
54 3 4 11
54 4 2 8
54 5 1 7
54 6 5 8
54 7 1 5
54 8 0 2
54 9 0 2
54 10 0 2
54 11 0 2
54 12 0 2
54 13 0 2
54 14 0 2
54 15 0 2
54 16 0 2
54 17 0 2
54 18 1 4
54 19 0 2
54 20 0 2
54 21 0 2
54 22 1 5
54 23 0 2
54 24 0 2
54 25 1 4
54 26 0 2
54 27 0 2
54 28 0 2
54 29 1 4
54 30 0 2
54 31 0 2
54 32 0 2
54 33 0 2
54 34 0 2
54 35 0 2
54 36 0 1
54 37 0 2
54 38 0 2
54 39 0 2
54 40 0 2
54 41 0 2
54 42 0 2
54 43 0 2
54 44 0 1
54 45 0 1
54 46 0 2
54 47 0 2
54 48 0 2
54 49 0 2
54 50 0 1
54 51 0 2
54 52 0 1
54 53 0 2
54 54 0 1
54 55 0 2
54 56 0 2
54 57 0 2
54 58 0 2
54 59 0 2
54 60 0 2
54 61 0 2
54 62 1 2
54 63 0 2
54 64 0 2
54 65 0 2
54 66 0 2
54 67 0 2
54 68 0 2
54 69 0 2
54 70 0 2
54 71 0 2
54 72 0 2
54 73 0 2
54 74 0 2
54 75 0 2
54 76 0 2
54 77 0 2
54 78 0 1
54 79 0 1
54 80 0 2
54 81 0 1
54 82 0 2
54 83 0 1
54 84 0 2
54 85 5 11
54 86 5 13
54 87 4 8
54 88 6 12
54 89 3 7
54 90 8 12
54 91 0 2
54 92 0 2
54 93 0 2
54 94 0 2
54 95 0 2
54 96 7 13
54 97 6 12
54 98 5 10
54 99 0 2
54 100 0 2
55 1 4 9
55 2 5 8
55 3 1 5
55 4 0 2
55 5 0 2
55 6 0 2
55 7 0 2
55 8 0 2
55 9 0 2
55 10 0 2
55 11 0 2
55 12 0 2
55 13 0 2
55 14 1 4
55 15 0 2
55 16 0 2
55 17 0 2
55 18 1 5
55 19 0 2
55 20 0 2
55 21 1 4
55 22 0 2
55 23 0 2
55 24 0 2
55 25 1 4
55 26 0 2
55 27 0 2
55 28 0 1
55 29 0 2
55 30 0 2
55 31 0 2
55 32 0 2
55 33 0 2
55 34 0 2
55 35 0 2
55 36 0 2
55 37 0 1
55 38 0 1
55 39 0 2
55 40 0 2
55 41 0 1
55 42 0 2
55 43 0 2
55 44 0 2
55 45 0 1
55 46 0 2
55 47 0 2
55 48 0 1
55 49 2 4
55 50 1 5
55 51 4 8
55 52 0 2
55 53 0 1
55 54 0 2
55 55 0 2
55 56 0 2
55 57 0 1
55 58 0 2
55 59 0 2
55 60 0 2
55 61 0 2
55 62 0 2
55 63 0 2
55 64 0 2
55 65 0 2
55 66 0 2
55 67 0 2
55 68 0 1
55 69 0 2
55 70 0 2
55 71 0 2
55 72 0 2
55 73 1 7
55 74 4 11
55 75 7 11
55 76 4 13
55 77 10 14
55 78 5 10
55 79 4 9
55 80 3 11
55 81 3 7
55 82 4 12
55 83 5 12
55 84 5 8
55 85 7 10
55 86 4 12
55 87 2 8
55 88 7 13
55 89 5 11
55 90 0 2
55 91 0 2
55 92 6 15
55 93 3 9
55 94 6 12
55 95 6 13
55 96 1 5
55 97 7 12
55 98 6 13
55 99 4 7
55 100 0 1
56 1 5 12
56 2 1 5
56 3 0 2
56 4 0 2
56 5 0 2
56 6 0 2
56 7 0 2
56 8 0 2
56 9 0 2
56 10 0 2
56 11 0 2
56 12 0 2
56 13 1 4
56 14 0 2
56 15 0 2
56 16 0 2
56 17 1 5
56 18 0 2
56 19 0 2
56 20 1 4
56 21 0 2
56 22 0 2
56 23 0 2
56 24 1 4
56 25 0 2
56 26 0 2
56 27 0 1
56 28 0 2
56 29 0 2
56 30 0 2
56 31 0 2
56 32 0 2
56 33 0 2
56 34 0 1
56 35 0 1
56 36 0 2
56 37 1 3
56 38 0 2
56 39 0 2
56 40 0 2
56 41 0 2
56 42 0 2
56 43 0 1
56 44 0 1
56 45 0 1
56 46 0 2
56 47 0 2
56 48 0 2
56 49 0 1
56 50 0 2
56 51 0 1
56 52 0 2
56 53 0 2
56 54 0 2
56 55 1 5
56 56 0 2
56 57 0 2
56 58 0 2
56 59 0 1
56 60 0 2
56 61 0 1
56 62 0 2
56 63 0 2
56 64 0 1
56 65 0 1
56 66 0 2
56 67 0 2
56 68 0 1
56 69 0 1
56 70 0 1
56 71 0 2
56 72 0 2
56 73 0 2
56 74 0 2
56 75 0 2
56 76 0 2
56 77 0 2
56 78 0 2
56 79 0 1
56 80 4 11
56 81 5 8
56 82 4 14
56 83 3 10
56 84 5 12
56 85 5 11
56 86 5 12
56 87 5 10
56 88 7 10
56 89 6 13
56 90 0 2
56 91 0 2
56 92 0 2
56 93 7 14
56 94 1 4
56 95 4 9
56 96 8 10
56 97 4 9
56 98 6 12
56 99 4 13
56 100 0 2
57 1 0 2
57 2 5 14
57 3 4 12
57 4 1 5
57 5 0 2
57 6 0 2
57 7 0 2
57 8 0 2
57 9 0 2
57 10 0 2
57 11 0 2
57 12 0 2
57 13 0 2
57 14 0 2
57 15 1 4
57 16 0 2
57 17 0 2
57 18 0 2
57 19 1 5
57 20 0 2
57 21 0 2
57 22 1 4
57 23 0 2
57 24 0 2
57 25 0 2
57 26 1 4
57 27 0 2
57 28 0 2
57 29 0 1
57 30 0 2
57 31 0 2
57 32 0 2
57 33 0 2
57 34 0 1
57 35 0 1
57 36 0 1
57 37 0 1
57 38 0 2
57 39 0 2
57 40 0 1
57 41 0 2
57 42 0 2
57 43 0 2
57 44 0 1
57 45 0 2
57 46 0 2
57 47 0 1
57 48 0 2
57 49 11 14
57 50 0 1
57 51 0 2
57 52 1 3
57 53 0 2
57 54 0 2
57 55 0 2
57 56 0 2
57 57 0 1
57 58 0 2
57 59 0 1
57 60 0 1
57 61 0 2
57 62 0 1
57 63 0 2
57 64 0 1
57 65 0 2
57 66 0 1
57 67 0 1
57 68 0 2
57 69 0 1
57 70 0 2
57 71 0 1
57 72 0 2
57 73 0 2
57 74 0 2
57 75 0 1
57 76 0 2
57 77 0 2
57 78 0 1
57 79 0 2
57 80 0 2
57 81 0 2
57 82 0 2
57 83 0 2
57 84 0 2
57 85 0 2
57 86 0 2
57 87 0 1
57 88 0 1
57 89 0 1
57 90 4 11
57 91 4 8
57 92 5 12
57 93 4 15
57 94 4 11
57 95 6 12
57 96 4 10
57 97 8 13
57 98 3 12
57 99 4 9
57 100 5 8
58 1 3 15
58 2 4 12
58 3 1 5
58 4 0 2
58 5 0 2
58 6 0 2
58 7 0 2
58 8 0 2
58 9 0 2
58 10 0 2
58 11 0 2
58 12 0 2
58 13 0 2
58 14 1 4
58 15 0 2
58 16 0 2
58 17 0 2
58 18 1 5
58 19 0 2
58 20 0 2
58 21 1 4
58 22 0 2
58 23 0 2
58 24 0 2
58 25 1 4
58 26 0 2
58 27 0 2
58 28 0 1
58 29 0 2
58 30 0 2
58 31 0 1
58 32 0 2
58 33 0 1
58 34 0 2
58 35 0 1
58 36 0 1
58 37 2 4
58 38 0 2
58 39 0 1
58 40 0 2
58 41 0 1
58 42 0 1
58 43 0 1
58 44 0 2
58 45 0 2
58 46 0 1
58 47 0 2
58 48 0 1
58 49 0 2
58 50 0 2
58 51 0 2
58 52 0 2
58 53 0 1
58 54 0 1
58 55 0 2
58 56 0 1
58 57 0 2
58 58 1 4
58 59 0 2
58 60 0 2
58 61 0 2
58 62 0 1
58 63 0 2
58 64 0 1
58 65 0 2
58 66 0 2
58 67 0 1
58 68 0 2
58 69 0 2
58 70 0 2
58 71 0 2
58 72 0 2
58 73 8 14
58 74 6 13
58 75 5 12
58 76 3 12
58 77 5 10
58 78 9 14
58 79 4 11
58 80 2 6
58 81 3 10
58 82 6 13
58 83 5 9
58 84 0 2
58 85 0 2
58 86 0 2
58 87 9 8
58 88 5 14
58 89 3 11
58 90 3 9
58 91 7 15
58 92 5 8
58 93 7 12
58 94 0 2
58 95 0 2
58 96 0 2
58 97 0 2
58 98 0 2
58 99 0 1
58 100 0 1
59 1 2 10
59 2 3 15
59 3 4 12
59 4 2 14
59 5 2 5
59 6 1 5
59 7 0 2
59 8 0 2
59 9 0 2
59 10 0 2
59 11 0 2
59 12 0 2
59 13 0 2
59 14 0 2
59 15 0 2
59 16 0 2
59 17 1 4
59 18 0 2
59 19 0 2
59 20 0 2
59 21 1 5
59 22 0 2
59 23 0 2
59 24 1 4
59 25 0 2
59 26 0 2
59 27 0 2
59 28 1 4
59 29 0 2
59 30 0 2
59 31 0 1
59 32 0 2
59 33 0 2
59 34 0 2
59 35 0 2
59 36 0 1
59 37 0 1
59 38 0 2
59 39 0 2
59 40 0 1
59 41 2 4
59 42 0 1
59 43 0 1
59 44 0 2
59 45 0 1
59 46 0 1
59 47 0 2
59 48 0 2
59 49 0 2
59 50 0 1
59 51 0 2
59 52 0 1
59 53 0 2
59 54 0 1
59 55 0 2
59 56 0 1
59 57 0 1
59 58 0 1
59 59 0 2
59 60 0 1
59 61 0 2
59 62 0 1
59 63 0 2
59 64 0 2
59 65 0 1
59 66 0 1
59 67 0 2
59 68 0 1
59 69 0 2
59 70 0 2
59 71 0 2
59 72 0 1
59 73 0 2
59 74 0 2
59 75 0 2
59 76 0 2
59 77 0 2
59 78 0 2
59 79 0 1
59 80 0 2
59 81 0 2
59 82 4 14
59 83 5 12
59 84 3 10
59 85 1 2
59 86 1 5
59 87 6 12
59 88 4 12
59 89 0 2
59 90 5 10
59 91 6 14
59 92 2 7
59 93 5 8
59 94 3 11
59 95 5 10
59 96 1 8
59 97 2 5
59 98 3 9
59 99 0 2
59 100 0 2
60 1 2 10
60 2 1 10
60 3 3 15
60 4 4 12
60 5 2 14
60 6 5 12
60 7 7 13
60 8 1 5
60 9 0 2
60 10 0 2
60 11 0 2
60 12 0 2
60 13 0 2
60 14 0 2
60 15 0 2
60 16 0 2
60 17 0 2
60 18 0 2
60 19 1 4
60 20 0 2
60 21 0 2
60 22 0 2
60 23 1 5
60 24 0 2
60 25 0 2
60 26 1 4
60 27 0 2
60 28 0 2
60 29 0 2
60 30 1 4
60 31 0 2
60 32 0 2
60 33 0 1
60 34 1 2
60 35 0 1
60 36 0 2
60 37 0 1
60 38 0 2
60 39 0 2
60 40 0 2
60 41 0 2
60 42 0 1
60 43 0 2
60 44 0 1
60 45 0 2
60 46 0 2
60 47 0 2
60 48 0 2
60 49 0 2
60 50 0 2
60 51 0 2
60 52 0 2
60 53 0 2
60 54 0 1
60 55 0 1
60 56 0 2
60 57 0 2
60 58 0 2
60 59 0 2
60 60 0 2
60 61 0 2
60 62 0 2
60 63 0 1
60 64 0 2
60 65 0 1
60 66 0 1
60 67 0 1
60 68 0 2
60 69 0 1
60 70 0 1
60 71 0 2
60 72 0 1
60 73 0 2
60 74 0 2
60 75 0 2
60 76 0 1
60 77 0 2
60 78 0 2
60 79 0 2
60 80 0 2
60 81 0 2
60 82 0 1
60 83 0 2
60 84 0 2
60 85 0 2
60 86 2 5
60 87 5 8
60 88 5 8
60 89 0 2
60 90 0 2
60 91 0 2
60 92 0 2
60 93 4 9
60 94 4 12
60 95 7 13
60 96 6 10
60 97 7 14
60 98 5 7
60 99 0 2
60 100 4 10
61 1 2 10
61 2 1 10
61 3 2 14
61 4 4 12
61 5 3 15
61 6 4 9
61 7 0 2
61 8 0 2
61 9 0 2
61 10 0 2
61 11 0 2
61 12 7 13
61 13 4 13
61 14 6 13
61 15 1 5
61 16 0 2
61 17 0 2
61 18 0 2
61 19 0 2
61 20 0 2
61 21 0 2
61 22 0 2
61 23 0 2
61 24 0 2
61 25 0 2
61 26 1 4
61 27 0 2
61 28 0 2
61 29 0 2
61 30 1 5
61 31 0 2
61 32 0 2
61 33 1 4
61 34 0 2
61 35 0 2
61 36 0 2
61 37 1 4
61 38 0 1
61 39 0 2
61 40 1 4
61 41 0 2
61 42 2 4
61 43 0 2
61 44 0 2
61 45 0 2
61 46 0 2
61 47 0 1
61 48 0 2
61 49 0 2
61 50 0 2
61 51 0 2
61 52 0 2
61 53 0 1
61 54 0 1
61 55 0 2
61 56 0 1
61 57 0 2
61 58 0 2
61 59 0 2
61 60 0 2
61 61 0 1
61 62 0 2
61 63 0 2
61 64 0 1
61 65 0 2
61 66 0 2
61 67 0 1
61 68 1 2
61 69 0 2
61 70 0 2
61 71 0 2
61 72 0 2
61 73 2 5
61 74 0 2
61 75 0 2
61 76 0 2
61 77 0 2
61 78 0 1
61 79 0 2
61 80 0 1
61 81 0 2
61 82 0 2
61 83 0 2
61 84 0 2
61 85 0 2
61 86 0 2
61 87 0 2
61 88 7 9
61 89 3 7
61 90 4 11
61 91 4 14
61 92 5 9
61 93 5 12
61 94 8 12
61 95 5 13
61 96 3 8
61 97 5 8
61 98 7 13
61 99 5 9
61 100 5 10
62 1 2 10
62 2 1 10
62 3 4 12
62 4 6 12
62 5 7 13
62 6 3 10
62 7 1 5
62 8 0 2
62 9 0 2
62 10 0 2
62 11 0 2
62 12 0 2
62 13 0 2
62 14 0 2
62 15 0 2
62 16 0 2
62 17 0 2
62 18 1 4
62 19 0 2
62 20 0 2
62 21 0 2
62 22 1 5
62 23 0 2
62 24 0 2
62 25 0 2
62 26 0 1
62 27 1 3
62 28 0 2
62 29 1 3
62 30 0 2
62 31 0 1
62 32 0 1
62 33 0 1
62 34 0 2
62 35 0 1
62 36 0 1
62 37 0 2
62 38 0 2
62 39 0 1
62 40 0 2
62 41 0 2
62 42 0 2
62 43 0 2
62 44 0 2
62 45 0 2
62 46 0 2
62 47 0 2
62 48 2 4
62 49 0 2
62 50 0 2
62 51 0 2
62 52 0 2
62 53 0 2
62 54 0 2
62 55 0 2
62 56 0 2
62 57 0 1
62 58 0 2
62 59 0 2
62 60 0 2
62 61 1 2
62 62 0 2
62 63 2 5
62 64 0 2
62 65 0 1
62 66 0 2
62 67 0 2
62 68 0 1
62 69 2 7
62 70 8 11
62 71 6 13
62 72 3 9
62 73 3 9
62 74 4 9
62 75 3 15
62 76 0 2
62 77 0 2
62 78 0 2
62 79 0 2
62 80 0 2
62 81 0 2
62 82 0 2
62 83 0 2
62 84 0 2
62 85 0 2
62 86 2 4
62 87 4 11
62 88 2 9
62 89 4 12
62 90 3 9
62 91 1 5
62 92 4 13
62 93 2 14
62 94 5 9
62 95 4 13
62 96 3 12
62 97 0 2
62 98 0 2
62 99 0 2
62 100 3 12
63 1 4 12
63 2 1 10
63 3 2 10
63 4 6 12
63 5 6 11
63 6 4 7
63 7 4 10
63 8 3 10
63 9 7 13
63 10 1 5
63 11 0 2
63 12 0 2
63 13 0 2
63 14 0 2
63 15 0 2
63 16 0 2
63 17 0 2
63 18 0 2
63 19 0 2
63 20 0 2
63 21 1 4
63 22 0 2
63 23 0 2
63 24 0 2
63 25 1 5
63 26 0 2
63 27 0 2
63 28 0 2
63 29 0 1
63 30 1 3
63 31 0 2
63 32 1 3
63 33 0 2
63 34 0 2
63 35 0 1
63 36 0 2
63 37 0 1
63 38 0 1
63 39 0 1
63 40 0 1
63 41 0 1
63 42 0 2
63 43 0 2
63 44 0 2
63 45 0 2
63 46 0 2
63 47 0 2
63 48 0 2
63 49 0 1
63 50 0 2
63 51 0 1
63 52 0 1
63 53 0 2
63 54 0 1
63 55 0 2
63 56 0 2
63 57 0 1
63 58 0 2
63 59 0 2
63 60 0 2
63 61 0 2
63 62 0 2
63 63 0 2
63 64 0 1
63 65 0 2
63 66 0 2
63 67 0 2
63 68 0 1
63 69 0 2
63 70 0 1
63 71 1 3
63 72 0 1
63 73 5 12
63 74 0 2
63 75 0 2
63 76 0 2
63 77 0 1
63 78 0 2
63 79 0 2
63 80 0 2
63 81 0 1
63 82 0 2
63 83 3 7
63 84 4 14
63 85 0 2
63 86 0 2
63 87 0 2
63 88 0 2
63 89 0 2
63 90 4 13
63 91 6 13
63 92 3 9
63 93 6 12
63 94 8 13
63 95 5 12
63 96 4 14
63 97 7 13
63 98 3 8
63 99 3 9
63 100 0 2
64 1 1 10
64 2 2 10
64 3 6 12
64 4 6 11
64 5 4 10
64 6 7 13
64 7 1 5
64 8 0 2
64 9 0 2
64 10 0 2
64 11 0 2
64 12 0 2
64 13 0 2
64 14 0 2
64 15 0 2
64 16 0 2
64 17 0 2
64 18 1 4
64 19 0 2
64 20 0 2
64 21 0 2
64 22 1 5
64 23 0 2
64 24 0 2
64 25 0 2
64 26 0 1
64 27 1 3
64 28 0 1
64 29 0 2
64 30 0 2
64 31 0 2
64 32 0 2
64 33 0 2
64 34 0 2
64 35 0 2
64 36 0 2
64 37 0 1
64 38 0 2
64 39 0 2
64 40 0 1
64 41 0 2
64 42 0 2
64 43 0 1
64 44 0 2
64 45 0 1
64 46 0 1
64 47 1 3
64 48 0 1
64 49 0 2
64 50 4 7
64 51 1 3
64 52 2 4
64 53 0 2
64 54 0 1
64 55 0 2
64 56 0 2
64 57 0 2
64 58 0 2
64 59 1 3
64 60 0 2
64 61 0 2
64 62 0 1
64 63 1 3
64 64 0 1
64 65 0 1
64 66 0 2
64 67 0 2
64 68 4 7
64 69 9 13
64 70 3 10
64 71 4 12
64 72 2 9
64 73 5 11
64 74 13 11
64 75 6 9
64 76 5 10
64 77 6 11
64 78 6 14
64 79 2 6
64 80 5 10
64 81 5 12
64 82 9 12
64 83 5 10
64 84 0 2
64 85 0 2
64 86 0 2
64 87 0 2
64 88 0 2
64 89 0 2
64 90 0 2
64 91 0 2
64 92 6 8
64 93 1 3
64 94 2 6
64 95 0 2
64 96 3 11
64 97 0 2
64 98 0 2
64 99 0 1
64 100 0 1
65 1 2 10
65 2 6 12
65 3 1 10
65 4 4 10
65 5 6 11
65 6 7 13
65 7 6 12
65 8 1 5
65 9 0 2
65 10 0 2
65 11 0 2
65 12 0 2
65 13 0 2
65 14 0 2
65 15 0 2
65 16 0 2
65 17 0 2
65 18 0 2
65 19 1 4
65 20 0 2
65 21 0 2
65 22 0 2
65 23 1 5
65 24 0 2
65 25 0 2
65 26 0 2
65 27 0 1
65 28 1 3
65 29 0 1
65 30 0 2
65 31 0 2
65 32 0 1
65 33 0 2
65 34 0 2
65 35 0 1
65 36 0 2
65 37 0 2
65 38 0 2
65 39 0 1
65 40 0 1
65 41 0 1
65 42 0 2
65 43 0 1
65 44 0 2
65 45 0 2
65 46 0 2
65 47 0 2
65 48 0 2
65 49 0 1
65 50 0 2
65 51 0 1
65 52 0 2
65 53 0 2
65 54 0 2
65 55 0 1
65 56 0 2
65 57 0 2
65 58 0 2
65 59 1 3
65 60 0 1
65 61 0 2
65 62 0 2
65 63 0 1
65 64 0 2
65 65 0 1
65 66 1 4
65 67 0 2
65 68 1 3
65 69 0 2
65 70 0 1
65 71 0 2
65 72 0 2
65 73 0 1
65 74 0 2
65 75 3 8
65 76 4 11
65 77 7 12
65 78 3 11
65 79 1 9
65 80 5 11
65 81 3 7
65 82 5 12
65 83 4 11
65 84 5 14
65 85 8 14
65 86 5 11
65 87 4 12
65 88 0 2
65 89 0 2
65 90 0 2
65 91 0 2
65 92 5 11
65 93 6 12
65 94 2 5
65 95 6 15
65 96 0 3
65 97 5 13
65 98 0 2
65 99 0 2
65 100 0 2
66 1 2 10
66 2 1 10
66 3 6 11
66 4 7 13
66 5 6 12
66 6 7 13
66 7 1 5
66 8 0 2
66 9 0 2
66 10 0 2
66 11 0 2
66 12 0 2
66 13 0 2
66 14 0 2
66 15 0 2
66 16 0 2
66 17 0 2
66 18 1 4
66 19 0 2
66 20 0 2
66 21 0 2
66 22 1 5
66 23 0 2
66 24 0 2
66 25 0 2
66 26 0 1
66 27 1 3
66 28 0 1
66 29 0 2
66 30 0 2
66 31 0 1
66 32 0 2
66 33 4 12
66 34 1 4
66 35 0 2
66 36 0 2
66 37 0 2
66 38 0 2
66 39 0 2
66 40 4 11
66 41 0 1
66 42 0 2
66 43 0 2
66 44 0 2
66 45 0 1
66 46 0 1
66 47 0 1
66 48 0 2
66 49 0 1
66 50 0 2
66 51 0 2
66 52 0 2
66 53 0 1
66 54 0 2
66 55 0 2
66 56 0 1
66 57 0 1
66 58 0 2
66 59 0 2
66 60 0 2
66 61 0 2
66 62 1 4
66 63 0 2
66 64 0 2
66 65 0 1
66 66 0 2
66 67 0 2
66 68 0 1
66 69 0 2
66 70 0 2
66 71 0 2
66 72 0 2
66 73 0 1
66 74 0 2
66 75 0 2
66 76 0 2
66 77 0 1
66 78 0 2
66 79 0 2
66 80 0 2
66 81 8 14
66 82 4 10
66 83 6 12
66 84 1 3
66 85 5 11
66 86 5 13
66 87 4 9
66 88 4 11
66 89 1 4
66 90 1 4
66 91 4 11
66 92 0 2
66 93 0 2
66 94 0 2
66 95 5 12
66 96 5 14
66 97 1 8
66 98 0 2
66 99 0 2
66 100 0 1
67 1 2 10
67 2 1 10
67 3 6 11
67 4 7 13
67 5 6 12
67 6 6 12
67 7 7 13
67 8 1 5
67 9 0 2
67 10 0 2
67 11 0 2
67 12 0 2
67 13 0 2
67 14 0 2
67 15 0 2
67 16 0 2
67 17 0 2
67 18 0 2
67 19 1 4
67 20 0 2
67 21 0 2
67 22 0 2
67 23 1 5
67 24 0 2
67 25 0 2
67 26 0 2
67 27 0 1
67 28 1 3
67 29 0 1
67 30 0 2
67 31 0 2
67 32 0 1
67 33 0 2
67 34 0 2
67 35 0 1
67 36 5 8
67 37 0 2
67 38 0 2
67 39 0 1
67 40 0 2
67 41 0 1
67 42 0 1
67 43 0 2
67 44 0 2
67 45 0 2
67 46 0 2
67 47 0 2
67 48 0 2
67 49 0 2
67 50 0 2
67 51 0 2
67 52 0 1
67 53 0 1
67 54 0 2
67 55 0 2
67 56 0 1
67 57 0 2
67 58 0 2
67 59 0 1
67 60 0 2
67 61 0 1
67 62 0 2
67 63 0 2
67 64 0 2
67 65 0 1
67 66 0 2
67 67 0 2
67 68 0 1
67 69 0 2
67 70 0 2
67 71 0 2
67 72 0 2
67 73 0 2
67 74 0 2
67 75 1 3
67 76 0 2
67 77 0 1
67 78 0 1
67 79 6 13
67 80 0 2
67 81 0 2
67 82 0 2
67 83 0 2
67 84 0 1
67 85 0 1
67 86 0 1
67 87 3 12
67 88 9 13
67 89 4 12
67 90 2 5
67 91 1 4
67 92 5 9
67 93 0 2
67 94 0 2
67 95 0 2
67 96 0 2
67 97 4 10
67 98 2 3
67 99 0 2
67 100 1 4
68 1 2 10
68 2 6 11
68 3 7 13
68 4 6 12
68 5 6 12
68 6 7 13
68 7 1 4
68 8 1 5
68 9 0 2
68 10 0 2
68 11 0 2
68 12 0 2
68 13 0 2
68 14 0 2
68 15 0 2
68 16 0 2
68 17 0 2
68 18 0 2
68 19 1 4
68 20 0 2
68 21 0 2
68 22 0 2
68 23 1 5
68 24 0 2
68 25 0 2
68 26 0 2
68 27 0 1
68 28 1 3
68 29 0 1
68 30 0 2
68 31 0 2
68 32 0 1
68 33 0 2
68 34 0 1
68 35 0 1
68 36 0 2
68 37 0 2
68 38 0 1
68 39 0 2
68 40 0 2
68 41 0 2
68 42 0 2
68 43 0 2
68 44 4 12
68 45 0 2
68 46 0 2
68 47 4 8
68 48 0 1
68 49 0 2
68 50 0 1
68 51 0 2
68 52 0 2
68 53 0 2
68 54 2 4
68 55 0 2
68 56 0 1
68 57 0 2
68 58 0 2
68 59 0 1
68 60 0 1
68 61 0 2
68 62 0 2
68 63 0 2
68 64 0 2
68 65 0 1
68 66 0 2
68 67 0 1
68 68 1 3
68 69 0 2
68 70 0 2
68 71 0 1
68 72 0 2
68 73 0 2
68 74 0 2
68 75 0 1
68 76 0 1
68 77 0 1
68 78 0 2
68 79 0 1
68 80 0 2
68 81 0 2
68 82 0 2
68 83 0 2
68 84 0 2
68 85 2 8
68 86 6 11
68 87 7 11
68 88 1 10
68 89 7 13
68 90 3 11
68 91 5 11
68 92 0 2
68 93 0 2
68 94 5 11
68 95 4 13
68 96 5 14
68 97 4 9
68 98 3 9
68 99 0 2
68 100 0 2
69 1 2 10
69 2 7 13
69 3 6 13
69 4 1 5
69 5 0 2
69 6 0 2
69 7 0 2
69 8 0 2
69 9 0 2
69 10 0 2
69 11 0 2
69 12 0 2
69 13 0 2
69 14 0 2
69 15 1 4
69 16 0 2
69 17 0 2
69 18 0 2
69 19 1 5
69 20 0 2
69 21 0 2
69 22 0 2
69 23 0 1
69 24 1 3
69 25 0 1
69 26 0 2
69 27 0 2
69 28 0 1
69 29 0 2
69 30 0 2
69 31 0 1
69 32 0 2
69 33 0 1
69 34 0 2
69 35 0 1
69 36 0 1
69 37 0 2
69 38 2 4
69 39 0 2
69 40 1 3
69 41 4 11
69 42 0 2
69 43 0 2
69 44 0 2
69 45 0 2
69 46 0 1
69 47 4 14
69 48 0 1
69 49 0 2
69 50 0 2
69 51 8 11
69 52 0 2
69 53 0 2
69 54 0 1
69 55 0 1
69 56 0 2
69 57 0 2
69 58 0 2
69 59 0 2
69 60 0 2
69 61 0 2
69 62 0 1
69 63 0 1
69 64 0 2
69 65 0 2
69 66 0 2
69 67 0 2
69 68 0 2
69 69 0 1
69 70 0 2
69 71 0 2
69 72 0 2
69 73 0 2
69 74 0 2
69 75 0 2
69 76 0 2
69 77 0 1
69 78 0 2
69 79 0 1
69 80 0 2
69 81 0 1
69 82 0 2
69 83 4 12
69 84 0 2
69 85 1 4
69 86 6 12
69 87 5 13
69 88 5 12
69 89 6 11
69 90 7 13
69 91 6 12
69 92 5 9
69 93 0 2
69 94 0 2
69 95 0 2
69 96 0 2
69 97 7 14
69 98 0 2
69 99 0 1
69 100 0 2
70 1 2 10
70 2 6 13
70 3 1 5
70 4 0 2
70 5 0 2
70 6 0 2
70 7 0 2
70 8 0 2
70 9 0 2
70 10 0 2
70 11 0 2
70 12 0 2
70 13 0 2
70 14 1 4
70 15 0 2
70 16 0 2
70 17 0 2
70 18 1 5
70 19 0 2
70 20 0 2
70 21 0 2
70 22 0 1
70 23 1 3
70 24 0 1
70 25 0 2
70 26 0 2
70 27 0 1
70 28 0 2
70 29 0 2
70 30 0 1
70 31 0 2
70 32 0 2
70 33 0 1
70 34 0 2
70 35 0 1
70 36 0 2
70 37 0 2
70 38 0 2
70 39 0 2
70 40 0 2
70 41 0 1
70 42 0 1
70 43 0 1
70 44 0 1
70 45 0 2
70 46 0 2
70 47 1 2
70 48 0 2
70 49 0 2
70 50 0 1
70 51 0 2
70 52 0 2
70 53 0 2
70 54 0 2
70 55 0 2
70 56 0 2
70 57 0 2
70 58 0 2
70 59 0 1
70 60 0 2
70 61 0 2
70 62 0 1
70 63 0 2
70 64 0 2
70 65 0 2
70 66 0 2
70 67 0 1
70 68 0 1
70 69 0 2
70 70 0 1
70 71 0 1
70 72 0 1
70 73 0 2
70 74 1 3
70 75 0 2
70 76 0 2
70 77 1 3
70 78 0 2
70 79 2 4
70 80 7 13
70 81 5 12
70 82 5 11
70 83 4 10
70 84 11 11
70 85 4 12
70 86 6 11
70 87 2 7
70 88 4 8
70 89 4 9
70 90 6 12
70 91 0 2
70 92 0 2
70 93 0 2
70 94 5 14
70 95 5 8
70 96 6 12
70 97 10 13
70 98 4 12
70 99 5 10
70 100 0 2
71 1 2 10
71 2 1 5
71 3 0 2
71 4 0 2
71 5 0 2
71 6 0 2
71 7 0 2
71 8 0 2
71 9 0 2
71 10 0 2
71 11 0 2
71 12 0 2
71 13 1 4
71 14 0 2
71 15 0 2
71 16 0 2
71 17 1 5
71 18 0 2
71 19 0 2
71 20 0 2
71 21 0 1
71 22 1 3
71 23 0 1
71 24 0 2
71 25 0 2
71 26 0 1
71 27 0 2
71 28 0 2
71 29 0 1
71 30 0 2
71 31 0 2
71 32 0 2
71 33 0 2
71 34 0 2
71 35 0 2
71 36 0 1
71 37 0 1
71 38 0 1
71 39 0 2
71 40 0 2
71 41 0 1
71 42 0 2
71 43 0 2
71 44 0 1
71 45 0 2
71 46 0 1
71 47 0 1
71 48 0 2
71 49 0 1
71 50 0 2
71 51 0 2
71 52 0 2
71 53 0 2
71 54 0 2
71 55 0 2
71 56 0 2
71 57 0 1
71 58 0 2
71 59 0 2
71 60 0 1
71 61 0 2
71 62 0 1
71 63 1 2
71 64 0 1
71 65 0 2
71 66 0 2
71 67 0 2
71 68 0 2
71 69 0 1
71 70 0 2
71 71 0 2
71 72 0 1
71 73 0 1
71 74 0 2
71 75 0 2
71 76 0 2
71 77 0 2
71 78 0 2
71 79 0 2
71 80 4 9
71 81 6 13
71 82 4 13
71 83 4 10
71 84 3 10
71 85 5 12
71 86 5 14
71 87 5 15
71 88 4 13
71 89 0 2
71 90 0 2
71 91 4 12
71 92 7 15
71 93 5 9
71 94 3 10
71 95 2 10
71 96 5 10
71 97 0 2
71 98 0 2
71 99 0 2
71 100 7 13
72 1 2 10
72 2 1 5
72 3 0 2
72 4 0 2
72 5 0 2
72 6 0 2
72 7 0 2
72 8 0 2
72 9 0 2
72 10 0 2
72 11 0 2
72 12 0 2
72 13 1 4
72 14 0 2
72 15 0 2
72 16 0 2
72 17 1 5
72 18 0 2
72 19 0 2
72 20 0 2
72 21 0 1
72 22 1 3
72 23 0 1
72 24 0 2
72 25 0 2
72 26 0 1
72 27 0 2
72 28 0 2
72 29 0 1
72 30 0 2
72 31 0 2
72 32 0 2
72 33 0 2
72 34 0 2
72 35 0 2
72 36 0 2
72 37 0 1
72 38 0 1
72 39 0 1
72 40 3 4
72 41 0 1
72 42 0 2
72 43 0 2
72 44 0 1
72 45 0 1
72 46 0 2
72 47 0 2
72 48 0 2
72 49 0 1
72 50 0 2
72 51 0 2
72 52 0 2
72 53 0 2
72 54 0 1
72 55 0 2
72 56 0 2
72 57 0 2
72 58 0 2
72 59 0 2
72 60 0 1
72 61 0 2
72 62 0 2
72 63 0 2
72 64 0 2
72 65 3 8
72 66 0 1
72 67 0 2
72 68 0 2
72 69 1 2
72 70 0 2
72 71 0 2
72 72 0 1
72 73 0 2
72 74 0 2
72 75 0 2
72 76 0 2
72 77 0 2
72 78 5 11
72 79 4 12
72 80 4 8
72 81 2 7
72 82 4 7
72 83 4 10
72 84 6 10
72 85 4 10
72 86 3 9
72 87 5 11
72 88 7 12
72 89 3 13
72 90 3 7
72 91 0 2
72 92 1 3
72 93 3 7
72 94 1 2
72 95 4 8
72 96 6 13
72 97 5 15
72 98 0 2
72 99 0 2
72 100 0 1
73 1 2 10
73 2 1 5
73 3 0 2
73 4 0 2
73 5 0 2
73 6 0 2
73 7 0 2
73 8 0 2
73 9 0 2
73 10 0 2
73 11 0 2
73 12 0 2
73 13 1 4
73 14 0 2
73 15 0 2
73 16 0 2
73 17 1 5
73 18 0 2
73 19 0 2
73 20 0 2
73 21 0 1
73 22 1 3
73 23 0 1
73 24 0 2
73 25 0 2
73 26 0 1
73 27 0 2
73 28 0 2
73 29 0 1
73 30 0 2
73 31 0 2
73 32 0 1
73 33 0 2
73 34 0 2
73 35 0 2
73 36 0 2
73 37 0 1
73 38 0 2
73 39 0 2
73 40 0 1
73 41 0 1
73 42 0 2
73 43 0 2
73 44 0 2
73 45 0 2
73 46 0 2
73 47 1 3
73 48 1 3
73 49 3 12
73 50 0 1
73 51 0 2
73 52 0 2
73 53 0 2
73 54 0 2
73 55 0 2
73 56 0 2
73 57 0 2
73 58 0 2
73 59 3 9
73 60 0 1
73 61 0 2
73 62 0 2
73 63 0 2
73 64 0 1
73 65 0 2
73 66 0 2
73 67 0 1
73 68 0 2
73 69 0 2
73 70 4 12
73 71 0 2
73 72 0 2
73 73 0 1
73 74 0 2
73 75 0 2
73 76 0 2
73 77 0 2
73 78 0 1
73 79 0 2
73 80 0 2
73 81 0 2
73 82 6 13
73 83 4 12
73 84 4 15
73 85 2 7
73 86 5 13
73 87 2 7
73 88 1 6
73 89 4 12
73 90 2 3
73 91 3 9
73 92 6 12
73 93 9 11
73 94 11 14
73 95 5 10
73 96 0 2
73 97 0 2
73 98 0 2
73 99 0 2
73 100 0 1
74 1 2 10
74 2 4 15
74 3 1 5
74 4 0 2
74 5 0 2
74 6 0 2
74 7 0 2
74 8 0 2
74 9 0 2
74 10 0 2
74 11 0 2
74 12 0 2
74 13 0 2
74 14 1 4
74 15 0 2
74 16 0 2
74 17 0 2
74 18 1 5
74 19 0 2
74 20 0 2
74 21 0 2
74 22 0 1
74 23 1 3
74 24 0 1
74 25 0 2
74 26 0 2
74 27 0 1
74 28 0 2
74 29 0 2
74 30 0 1
74 31 0 2
74 32 4 12
74 33 0 1
74 34 0 2
74 35 0 1
74 36 0 2
74 37 0 2
74 38 0 2
74 39 0 2
74 40 0 1
74 41 0 2
74 42 0 1
74 43 0 2
74 44 0 2
74 45 0 1
74 46 0 2
74 47 0 2
74 48 5 13
74 49 0 1
74 50 0 2
74 51 0 1
74 52 5 7
74 53 0 2
74 54 0 2
74 55 0 2
74 56 0 2
74 57 0 2
74 58 0 2
74 59 0 2
74 60 0 2
74 61 0 2
74 62 1 4
74 63 0 2
74 64 0 1
74 65 0 1
74 66 0 2
74 67 0 1
74 68 0 1
74 69 0 2
74 70 0 2
74 71 0 2
74 72 0 2
74 73 0 2
74 74 0 2
74 75 0 2
74 76 0 1
74 77 0 2
74 78 0 2
74 79 0 2
74 80 0 2
74 81 0 1
74 82 0 2
74 83 9 14
74 84 0 1
74 85 0 2
74 86 0 1
74 87 0 2
74 88 5 10
74 89 3 13
74 90 4 11
74 91 3 8
74 92 4 12
74 93 2 11
74 94 5 12
74 95 5 10
74 96 4 13
74 97 4 12
74 98 0 2
74 99 0 1
74 100 0 1
75 1 2 10
75 2 1 4
75 3 1 5
75 4 0 2
75 5 0 2
75 6 0 2
75 7 0 2
75 8 0 2
75 9 0 2
75 10 0 2
75 11 0 2
75 12 0 2
75 13 0 2
75 14 1 4
75 15 0 2
75 16 0 2
75 17 0 2
75 18 1 5
75 19 0 2
75 20 0 2
75 21 0 2
75 22 0 1
75 23 1 3
75 24 0 1
75 25 0 2
75 26 0 2
75 27 0 1
75 28 0 2
75 29 0 2
75 30 0 1
75 31 0 2
75 32 0 2
75 33 0 1
75 34 0 2
75 35 0 1
75 36 0 2
75 37 0 1
75 38 0 1
75 39 2 4
75 40 0 2
75 41 0 2
75 42 0 1
75 43 0 2
75 44 0 1
75 45 0 1
75 46 0 2
75 47 0 1
75 48 0 2
75 49 1 3
75 50 0 1
75 51 5 13
75 52 1 3
75 53 0 2
75 54 0 2
75 55 0 2
75 56 0 1
75 57 0 2
75 58 0 1
75 59 4 9
75 60 0 2
75 61 0 2
75 62 0 2
75 63 0 2
75 64 0 1
75 65 0 2
75 66 0 2
75 67 0 1
75 68 0 1
75 69 0 2
75 70 0 2
75 71 0 1
75 72 0 2
75 73 0 1
75 74 0 1
75 75 0 1
75 76 0 1
75 77 0 1
75 78 0 2
75 79 0 1
75 80 0 2
75 81 0 2
75 82 0 1
75 83 0 2
75 84 0 2
75 85 8 12
75 86 4 15
75 87 6 11
75 88 15 14
75 89 3 11
75 90 4 11
75 91 4 10
75 92 0 2
75 93 0 2
75 94 8 13
75 95 3 9
75 96 5 12
75 97 4 8
75 98 4 12
75 99 0 2
75 100 0 1
76 1 2 10
76 2 3 8
76 3 2 5
76 4 1 5
76 5 0 2
76 6 0 2
76 7 0 2
76 8 0 2
76 9 0 2
76 10 0 2
76 11 0 2
76 12 0 2
76 13 0 2
76 14 0 2
76 15 1 4
76 16 0 2
76 17 0 2
76 18 0 2
76 19 1 5
76 20 0 2
76 21 0 2
76 22 0 2
76 23 0 1
76 24 1 3
76 25 0 1
76 26 0 2
76 27 0 2
76 28 0 1
76 29 0 2
76 30 0 2
76 31 0 1
76 32 0 2
76 33 0 1
76 34 0 1
76 35 1 3
76 36 0 1
76 37 0 2
76 38 0 1
76 39 0 2
76 40 0 1
76 41 0 1
76 42 0 2
76 43 0 1
76 44 0 1
76 45 0 1
76 46 0 1
76 47 0 1
76 48 0 1
76 49 0 1
76 50 0 2
76 51 0 2
76 52 0 2
76 53 0 2
76 54 0 2
76 55 0 2
76 56 0 2
76 57 0 2
76 58 0 2
76 59 0 1
76 60 0 1
76 61 0 1
76 62 0 2
76 63 0 2
76 64 0 2
76 65 0 2
76 66 0 1
76 67 0 1
76 68 0 2
76 69 0 1
76 70 0 1
76 71 0 1
76 72 0 2
76 73 0 2
76 74 0 2
76 75 0 2
76 76 0 2
76 77 0 2
76 78 0 2
76 79 0 1
76 80 0 2
76 81 10 11
76 82 6 10
76 83 3 11
76 84 6 10
76 85 4 10
76 86 4 12
76 87 1 4
76 88 4 10
76 89 6 10
76 90 6 10
76 91 4 10
76 92 7 9
76 93 9 13
76 94 5 13
76 95 0 2
76 96 5 9
76 97 1 3
76 98 0 2
76 99 0 2
76 100 0 1
77 1 2 10
77 2 3 8
77 3 2 5
77 4 1 5
77 5 0 2
77 6 0 2
77 7 0 2
77 8 0 2
77 9 0 2
77 10 0 2
77 11 0 2
77 12 0 2
77 13 0 2
77 14 0 2
77 15 1 4
77 16 0 2
77 17 0 2
77 18 0 2
77 19 1 5
77 20 0 2
77 21 0 2
77 22 0 2
77 23 0 1
77 24 1 3
77 25 0 1
77 26 0 2
77 27 0 2
77 28 0 1
77 29 0 2
77 30 0 2
77 31 0 2
77 32 0 2
77 33 0 1
77 34 0 2
77 35 0 1
77 36 0 2
77 37 0 1
77 38 0 1
77 39 0 2
77 40 0 1
77 41 0 2
77 42 0 1
77 43 0 1
77 44 0 1
77 45 0 2
77 46 0 2
77 47 0 1
77 48 3 11
77 49 0 1
77 50 0 1
77 51 0 2
77 52 0 2
77 53 0 2
77 54 0 1
77 55 3 5
77 56 0 1
77 57 0 2
77 58 0 1
77 59 0 1
77 60 0 2
77 61 0 2
77 62 0 2
77 63 0 1
77 64 1 3
77 65 0 2
77 66 0 2
77 67 0 2
77 68 0 2
77 69 0 1
77 70 0 1
77 71 0 2
77 72 0 2
77 73 0 2
77 74 2 4
77 75 0 2
77 76 0 1
77 77 0 2
77 78 0 1
77 79 0 2
77 80 0 2
77 81 0 1
77 82 0 2
77 83 0 1
77 84 0 2
77 85 0 1
77 86 0 1
77 87 0 1
77 88 0 1
77 89 7 12
77 90 3 9
77 91 2 7
77 92 4 9
77 93 5 14
77 94 0 2
77 95 0 2
77 96 7 13
77 97 6 11
77 98 4 8
77 99 0 2
77 100 0 2
78 1 2 10
78 2 2 5
78 3 5 11
78 4 1 5
78 5 0 2
78 6 0 2
78 7 0 2
78 8 0 2
78 9 0 2
78 10 0 2
78 11 0 2
78 12 0 2
78 13 0 2
78 14 0 2
78 15 1 4
78 16 0 2
78 17 0 2
78 18 0 2
78 19 1 5
78 20 0 2
78 21 0 2
78 22 0 2
78 23 0 1
78 24 1 3
78 25 0 1
78 26 0 2
78 27 0 2
78 28 0 1
78 29 0 2
78 30 0 2
78 31 0 2
78 32 0 1
78 33 0 2
78 34 0 2
78 35 0 1
78 36 0 1
78 37 0 2
78 38 0 1
78 39 0 1
78 40 0 1
78 41 0 1
78 42 0 2
78 43 0 2
78 44 0 2
78 45 0 2
78 46 0 1
78 47 0 2
78 48 0 2
78 49 0 1
78 50 0 2
78 51 0 1
78 52 0 2
78 53 0 1
78 54 0 2
78 55 0 2
78 56 0 2
78 57 0 1
78 58 0 2
78 59 0 1
78 60 0 1
78 61 1 2
78 62 0 1
78 63 0 1
78 64 0 2
78 65 0 2
78 66 0 1
78 67 1 2
78 68 0 2
78 69 1 4
78 70 0 2
78 71 0 1
78 72 0 2
78 73 0 2
78 74 0 1
78 75 0 2
78 76 2 6
78 77 4 7
78 78 4 9
78 79 5 11
78 80 7 14
78 81 6 13
78 82 9 13
78 83 7 11
78 84 7 14
78 85 8 11
78 86 3 8
78 87 2 7
78 88 6 12
78 89 3 11
78 90 1 3
78 91 4 12
78 92 6 13
78 93 5 11
78 94 5 12
78 95 6 10
78 96 4 11
78 97 9 13
78 98 5 13
78 99 5 9
78 100 0 1
79 1 2 10
79 2 0 2
79 3 7 12
79 4 3 13
79 5 6 10
79 6 1 5
79 7 0 2
79 8 0 2
79 9 0 2
79 10 0 2
79 11 0 2
79 12 0 2
79 13 0 2
79 14 0 2
79 15 0 2
79 16 0 2
79 17 1 4
79 18 0 2
79 19 0 2
79 20 0 2
79 21 1 5
79 22 0 2
79 23 0 2
79 24 0 2
79 25 0 1
79 26 1 3
79 27 0 1
79 28 0 2
79 29 0 2
79 30 0 1
79 31 0 2
79 32 0 2
79 33 0 2
79 34 0 1
79 35 0 1
79 36 0 2
79 37 1 3
79 38 0 1
79 39 0 2
79 40 0 2
79 41 0 2
79 42 0 2
79 43 0 1
79 44 0 1
79 45 1 4
79 46 0 2
79 47 0 1
79 48 0 2
79 49 0 2
79 50 0 1
79 51 0 2
79 52 0 1
79 53 0 1
79 54 1 2
79 55 0 2
79 56 0 2
79 57 0 2
79 58 3 11
79 59 1 2
79 60 1 3
79 61 0 2
79 62 0 2
79 63 0 2
79 64 0 1
79 65 0 2
79 66 0 1
79 67 0 1
79 68 0 1
79 69 0 1
79 70 0 2
79 71 0 1
79 72 0 2
79 73 0 1
79 74 4 11
79 75 0 2
79 76 0 1
79 77 0 1
79 78 0 1
79 79 0 2
79 80 0 2
79 81 0 2
79 82 0 1
79 83 0 2
79 84 0 2
79 85 3 11
79 86 4 10
79 87 4 12
79 88 4 10
79 89 5 11
79 90 5 10
79 91 3 8
79 92 2 5
79 93 6 13
79 94 6 12
79 95 4 6
79 96 3 9
79 97 6 11
79 98 4 11
79 99 4 12
79 100 6 8
80 1 2 10
80 2 6 11
80 3 6 10
80 4 6 13
80 5 6 12
80 6 1 5
80 7 0 2
80 8 0 2
80 9 0 2
80 10 0 2
80 11 0 2
80 12 0 2
80 13 0 2
80 14 0 2
80 15 0 2
80 16 0 2
80 17 1 4
80 18 0 2
80 19 0 2
80 20 0 2
80 21 1 5
80 22 0 2
80 23 0 2
80 24 0 2
80 25 0 1
80 26 1 3
80 27 0 1
80 28 0 2
80 29 0 2
80 30 0 1
80 31 0 1
80 32 0 1
80 33 0 2
80 34 0 2
80 35 0 2
80 36 0 2
80 37 1 3
80 38 0 2
80 39 0 2
80 40 0 1
80 41 0 2
80 42 0 2
80 43 0 2
80 44 0 1
80 45 0 1
80 46 0 1
80 47 0 2
80 48 1 2
80 49 0 2
80 50 0 1
80 51 0 2
80 52 0 2
80 53 0 2
80 54 0 1
80 55 0 2
80 56 0 2
80 57 0 2
80 58 0 2
80 59 0 2
80 60 0 2
80 61 0 2
80 62 0 1
80 63 0 1
80 64 1 3
80 65 0 1
80 66 0 2
80 67 0 1
80 68 0 1
80 69 4 14
80 70 0 2
80 71 0 2
80 72 0 1
80 73 0 1
80 74 0 2
80 75 0 2
80 76 0 1
80 77 0 2
80 78 0 1
80 79 0 2
80 80 0 1
80 81 0 2
80 82 0 1
80 83 0 1
80 84 0 2
80 85 0 2
80 86 0 2
80 87 0 2
80 88 2 7
80 89 3 13
80 90 5 12
80 91 3 13
80 92 0 3
80 93 7 12
80 94 3 12
80 95 5 13
80 96 0 2
80 97 4 10
80 98 8 15
80 99 0 1
80 100 0 1
81 1 2 10
81 2 6 11
81 3 6 13
81 4 4 12
81 5 6 10
81 6 1 5
81 7 0 2
81 8 0 2
81 9 0 2
81 10 0 2
81 11 0 2
81 12 0 2
81 13 0 2
81 14 0 2
81 15 0 2
81 16 0 2
81 17 1 4
81 18 0 2
81 19 0 2
81 20 0 2
81 21 1 5
81 22 0 2
81 23 0 2
81 24 0 2
81 25 0 1
81 26 1 3
81 27 0 1
81 28 0 2
81 29 0 2
81 30 0 1
81 31 0 1
81 32 0 2
81 33 0 1
81 34 0 1
81 35 0 1
81 36 0 2
81 37 0 2
81 38 0 1
81 39 0 2
81 40 0 2
81 41 0 2
81 42 0 2
81 43 0 2
81 44 0 2
81 45 0 2
81 46 0 1
81 47 0 2
81 48 0 2
81 49 0 1
81 50 0 1
81 51 0 2
81 52 0 2
81 53 0 2
81 54 0 1
81 55 0 1
81 56 0 1
81 57 0 1
81 58 0 2
81 59 0 1
81 60 0 2
81 61 0 1
81 62 0 2
81 63 0 2
81 64 0 2
81 65 0 2
81 66 0 1
81 67 0 2
81 68 0 2
81 69 0 2
81 70 0 2
81 71 0 2
81 72 0 2
81 73 0 2
81 74 0 2
81 75 0 2
81 76 0 1
81 77 0 1
81 78 0 2
81 79 0 2
81 80 0 2
81 81 0 2
81 82 0 2
81 83 0 2
81 84 2 10
81 85 6 12
81 86 6 13
81 87 2 8
81 88 3 10
81 89 3 9
81 90 5 13
81 91 0 2
81 92 0 2
81 93 0 2
81 94 5 11
81 95 4 8
81 96 4 6
81 97 3 7
81 98 5 12
81 99 0 2
81 100 0 2
82 1 2 10
82 2 6 13
82 3 6 11
82 4 6 10
82 5 1 5
82 6 0 2
82 7 0 2
82 8 0 2
82 9 0 2
82 10 0 2
82 11 0 2
82 12 0 2
82 13 0 2
82 14 0 2
82 15 0 2
82 16 1 4
82 17 0 2
82 18 0 2
82 19 0 2
82 20 1 5
82 21 0 2
82 22 0 2
82 23 0 2
82 24 0 1
82 25 1 3
82 26 0 1
82 27 0 2
82 28 0 2
82 29 0 1
82 30 0 2
82 31 0 2
82 32 0 2
82 33 0 1
82 34 0 2
82 35 0 2
82 36 0 2
82 37 0 2
82 38 0 2
82 39 0 1
82 40 0 2
82 41 0 2
82 42 0 1
82 43 0 2
82 44 0 2
82 45 0 2
82 46 1 2
82 47 0 2
82 48 0 1
82 49 1 4
82 50 0 2
82 51 0 1
82 52 0 2
82 53 0 2
82 54 0 2
82 55 0 2
82 56 0 1
82 57 0 2
82 58 0 1
82 59 0 2
82 60 0 1
82 61 0 1
82 62 0 1
82 63 0 2
82 64 0 1
82 65 0 2
82 66 0 1
82 67 0 2
82 68 0 2
82 69 0 2
82 70 0 1
82 71 0 2
82 72 0 1
82 73 0 1
82 74 0 2
82 75 0 2
82 76 0 1
82 77 0 1
82 78 0 2
82 79 0 2
82 80 0 1
82 81 0 1
82 82 0 1
82 83 0 1
82 84 5 9
82 85 2 9
82 86 6 11
82 87 2 6
82 88 3 8
82 89 5 13
82 90 0 2
82 91 0 2
82 92 4 12
82 93 3 12
82 94 4 10
82 95 5 11
82 96 4 11
82 97 6 12
82 98 6 10
82 99 7 13
82 100 3 5
83 1 2 10
83 2 6 11
83 3 4 7
83 4 6 10
83 5 3 12
83 6 8 11
83 7 1 5
83 8 0 2
83 9 0 2
83 10 0 2
83 11 0 2
83 12 0 2
83 13 0 2
83 14 0 2
83 15 0 2
83 16 0 2
83 17 0 2
83 18 1 4
83 19 0 2
83 20 0 2
83 21 0 2
83 22 1 5
83 23 0 2
83 24 0 2
83 25 0 2
83 26 0 1
83 27 1 3
83 28 0 1
83 29 0 2
83 30 0 2
83 31 0 1
83 32 0 2
83 33 0 1
83 34 0 2
83 35 0 1
83 36 0 2
83 37 0 1
83 38 1 2
83 39 0 1
83 40 0 1
83 41 0 1
83 42 0 2
83 43 0 2
83 44 0 2
83 45 0 1
83 46 0 1
83 47 4 12
83 48 0 1
83 49 0 1
83 50 0 2
83 51 0 1
83 52 0 1
83 53 0 2
83 54 0 1
83 55 0 2
83 56 0 2
83 57 3 8
83 58 0 2
83 59 1 2
83 60 0 2
83 61 0 1
83 62 0 2
83 63 0 2
83 64 0 2
83 65 0 2
83 66 0 1
83 67 0 1
83 68 0 2
83 69 0 2
83 70 0 2
83 71 0 1
83 72 0 1
83 73 0 2
83 74 0 2
83 75 0 1
83 76 0 2
83 77 0 2
83 78 0 2
83 79 0 2
83 80 0 2
83 81 0 2
83 82 0 2
83 83 0 1
83 84 0 1
83 85 0 1
83 86 0 2
83 87 0 2
83 88 0 1
83 89 4 14
83 90 6 13
83 91 3 8
83 92 0 2
83 93 0 2
83 94 0 2
83 95 5 12
83 96 5 11
83 97 5 13
83 98 2 12
83 99 0 2
83 100 0 1
84 1 2 10
84 2 1 5
84 3 0 2
84 4 0 2
84 5 0 2
84 6 0 2
84 7 0 2
84 8 0 2
84 9 0 2
84 10 0 2
84 11 0 2
84 12 0 2
84 13 1 4
84 14 0 2
84 15 0 2
84 16 0 2
84 17 1 5
84 18 0 2
84 19 0 2
84 20 0 2
84 21 0 1
84 22 1 3
84 23 0 1
84 24 0 2
84 25 0 2
84 26 0 2
84 27 0 2
84 28 0 2
84 29 0 2
84 30 0 2
84 31 0 1
84 32 0 2
84 33 0 1
84 34 0 1
84 35 0 1
84 36 0 1
84 37 0 2
84 38 0 1
84 39 0 1
84 40 0 2
84 41 0 1
84 42 0 1
84 43 0 1
84 44 0 2
84 45 0 2
84 46 0 1
84 47 0 2
84 48 0 1
84 49 0 2
84 50 0 2
84 51 0 1
84 52 0 1
84 53 0 2
84 54 0 1
84 55 0 1
84 56 0 1
84 57 0 2
84 58 0 2
84 59 0 2
84 60 0 2
84 61 1 9
84 62 0 2
84 63 0 2
84 64 0 1
84 65 1 2
84 66 0 2
84 67 0 2
84 68 0 2
84 69 0 2
84 70 1 2
84 71 0 1
84 72 0 1
84 73 0 2
84 74 0 1
84 75 0 2
84 76 0 1
84 77 1 2
84 78 4 7
84 79 6 10
84 80 5 10
84 81 6 11
84 82 4 13
84 83 4 10
84 84 7 11
84 85 4 11
84 86 3 12
84 87 5 11
84 88 0 2
84 89 0 2
84 90 0 2
84 91 8 11
84 92 2 4
84 93 4 11
84 94 5 8
84 95 1 2
84 96 3 8
84 97 6 13
84 98 5 14
84 99 5 13
84 100 0 2
85 1 2 10
85 2 1 5
85 3 0 2
85 4 0 2
85 5 0 2
85 6 0 2
85 7 0 2
85 8 0 2
85 9 0 2
85 10 0 2
85 11 0 2
85 12 0 2
85 13 1 4
85 14 0 2
85 15 0 2
85 16 0 2
85 17 1 5
85 18 0 2
85 19 0 2
85 20 0 2
85 21 0 1
85 22 1 3
85 23 0 1
85 24 0 2
85 25 0 2
85 26 0 2
85 27 0 2
85 28 0 2
85 29 0 2
85 30 0 2
85 31 0 2
85 32 1 2
85 33 0 1
85 34 0 1
85 35 7 14
85 36 0 2
85 37 4 12
85 38 0 1
85 39 0 1
85 40 1 2
85 41 0 1
85 42 0 2
85 43 0 2
85 44 0 1
85 45 0 2
85 46 0 1
85 47 0 1
85 48 0 2
85 49 0 1
85 50 0 2
85 51 0 2
85 52 0 2
85 53 0 2
85 54 0 2
85 55 0 1
85 56 0 2
85 57 0 2
85 58 0 1
85 59 0 1
85 60 0 1
85 61 0 1
85 62 0 2
85 63 0 2
85 64 1 3
85 65 0 1
85 66 0 2
85 67 0 1
85 68 0 2
85 69 0 1
85 70 0 1
85 71 0 1
85 72 0 2
85 73 0 1
85 74 1 2
85 75 0 2
85 76 0 1
85 77 0 2
85 78 0 1
85 79 0 1
85 80 0 2
85 81 0 2
85 82 0 2
85 83 0 2
85 84 6 14
85 85 7 13
85 86 6 14
85 87 6 13
85 88 5 12
85 89 7 14
85 90 7 12
85 91 0 2
85 92 3 11
85 93 5 10
85 94 6 12
85 95 6 14
85 96 7 9
85 97 7 12
85 98 4 8
85 99 2 7
85 100 0 2
86 1 2 10
86 2 4 9
86 3 1 5
86 4 0 2
86 5 0 2
86 6 0 2
86 7 0 2
86 8 0 2
86 9 0 2
86 10 0 2
86 11 0 2
86 12 0 2
86 13 0 2
86 14 1 4
86 15 0 2
86 16 0 2
86 17 0 2
86 18 1 5
86 19 0 2
86 20 0 2
86 21 0 2
86 22 0 1
86 23 1 3
86 24 0 1
86 25 0 2
86 26 0 2
86 27 0 2
86 28 0 2
86 29 0 2
86 30 0 2
86 31 0 2
86 32 0 2
86 33 0 2
86 34 0 1
86 35 0 2
86 36 0 2
86 37 0 1
86 38 6 12
86 39 0 1
86 40 0 2
86 41 0 2
86 42 0 2
86 43 0 2
86 44 0 1
86 45 0 2
86 46 0 1
86 47 0 2
86 48 0 2
86 49 0 2
86 50 0 2
86 51 0 2
86 52 0 2
86 53 0 2
86 54 0 2
86 55 0 2
86 56 0 2
86 57 1 2
86 58 0 2
86 59 0 2
86 60 0 2
86 61 0 1
86 62 0 1
86 63 0 1
86 64 0 1
86 65 0 1
86 66 0 1
86 67 0 2
86 68 0 1
86 69 0 2
86 70 0 2
86 71 2 4
86 72 0 2
86 73 0 2
86 74 0 2
86 75 0 2
86 76 0 1
86 77 0 1
86 78 0 2
86 79 0 1
86 80 0 2
86 81 0 1
86 82 0 2
86 83 0 2
86 84 0 1
86 85 0 2
86 86 4 15
86 87 2 3
86 88 7 13
86 89 5 12
86 90 4 12
86 91 0 2
86 92 1 6
86 93 4 9
86 94 3 9
86 95 6 10
86 96 9 11
86 97 2 5
86 98 6 12
86 99 0 2
86 100 0 1
87 1 2 10
87 2 4 9
87 3 7 8
87 4 1 5
87 5 0 2
87 6 0 2
87 7 0 2
87 8 0 2
87 9 0 2
87 10 0 2
87 11 0 2
87 12 0 2
87 13 0 2
87 14 0 2
87 15 1 4
87 16 0 2
87 17 0 2
87 18 0 2
87 19 1 5
87 20 0 2
87 21 0 2
87 22 0 2
87 23 0 1
87 24 1 3
87 25 0 1
87 26 0 2
87 27 0 2
87 28 0 2
87 29 0 2
87 30 0 2
87 31 0 2
87 32 0 1
87 33 0 1
87 34 0 2
87 35 0 2
87 36 0 1
87 37 0 2
87 38 0 2
87 39 0 2
87 40 1 3
87 41 5 12
87 42 0 2
87 43 0 2
87 44 0 2
87 45 0 2
87 46 0 2
87 47 0 1
87 48 0 2
87 49 0 1
87 50 0 1
87 51 0 2
87 52 0 1
87 53 0 2
87 54 0 2
87 55 0 2
87 56 0 1
87 57 0 1
87 58 0 2
87 59 0 2
87 60 0 1
87 61 0 1
87 62 1 2
87 63 0 2
87 64 0 2
87 65 0 2
87 66 0 2
87 67 0 2
87 68 0 2
87 69 1 2
87 70 0 2
87 71 0 2
87 72 0 2
87 73 0 2
87 74 0 2
87 75 0 2
87 76 3 9
87 77 5 14
87 78 3 8
87 79 6 10
87 80 3 9
87 81 3 12
87 82 4 12
87 83 5 13
87 84 8 12
87 85 4 14
87 86 8 15
87 87 5 11
87 88 7 13
87 89 0 2
87 90 0 2
87 91 5 13
87 92 5 15
87 93 7 10
87 94 1 2
87 95 6 12
87 96 3 12
87 97 4 10
87 98 0 2
87 99 0 2
87 100 5 11
88 1 3 9
88 2 2 10
88 3 4 9
88 4 7 8
88 5 1 5
88 6 0 2
88 7 0 2
88 8 0 2
88 9 0 2
88 10 0 2
88 11 0 2
88 12 0 2
88 13 0 2
88 14 0 2
88 15 0 2
88 16 1 4
88 17 0 2
88 18 0 2
88 19 0 2
88 20 1 5
88 21 0 2
88 22 0 2
88 23 0 2
88 24 0 1
88 25 1 3
88 26 0 1
88 27 0 2
88 28 0 2
88 29 0 2
88 30 0 2
88 31 0 2
88 32 0 2
88 33 0 2
88 34 0 2
88 35 0 2
88 36 0 1
88 37 0 2
88 38 3 9
88 39 0 2
88 40 0 2
88 41 0 1
88 42 4 8
88 43 0 1
88 44 0 2
88 45 1 2
88 46 0 2
88 47 0 2
88 48 0 1
88 49 0 1
88 50 0 2
88 51 0 2
88 52 0 1
88 53 0 2
88 54 0 2
88 55 0 2
88 56 0 2
88 57 0 2
88 58 0 2
88 59 0 2
88 60 6 8
88 61 0 1
88 62 0 1
88 63 0 2
88 64 0 1
88 65 0 1
88 66 0 2
88 67 0 1
88 68 0 2
88 69 0 2
88 70 0 2
88 71 0 2
88 72 0 2
88 73 0 1
88 74 0 1
88 75 5 12
88 76 1 5
88 77 9 13
88 78 6 12
88 79 7 12
88 80 2 7
88 81 5 10
88 82 5 12
88 83 4 11
88 84 6 14
88 85 3 12
88 86 6 13
88 87 4 13
88 88 0 2
88 89 0 2
88 90 3 10
88 91 5 12
88 92 4 13
88 93 3 9
88 94 5 10
88 95 1 6
88 96 1 3
88 97 0 2
88 98 0 2
88 99 0 2
88 100 6 14
89 1 2 10
89 2 7 8
89 3 1 5
89 4 0 2
89 5 0 2
89 6 0 2
89 7 0 2
89 8 0 2
89 9 0 2
89 10 0 2
89 11 0 2
89 12 0 2
89 13 0 2
89 14 1 4
89 15 0 2
89 16 0 2
89 17 0 2
89 18 1 5
89 19 0 2
89 20 0 2
89 21 0 2
89 22 0 1
89 23 1 3
89 24 0 1
89 25 0 2
89 26 0 2
89 27 0 2
89 28 0 2
89 29 0 2
89 30 0 1
89 31 0 2
89 32 0 2
89 33 0 2
89 34 0 2
89 35 0 1
89 36 0 2
89 37 0 1
89 38 2 3
89 39 0 2
89 40 0 1
89 41 0 2
89 42 0 1
89 43 1 2
89 44 0 2
89 45 0 2
89 46 0 2
89 47 0 2
89 48 1 2
89 49 0 2
89 50 0 2
89 51 0 2
89 52 0 2
89 53 0 1
89 54 0 2
89 55 0 2
89 56 0 2
89 57 0 2
89 58 0 1
89 59 0 2
89 60 2 3
89 61 0 2
89 62 0 1
89 63 0 2
89 64 0 2
89 65 0 2
89 66 0 1
89 67 0 2
89 68 1 2
89 69 0 2
89 70 0 1
89 71 0 2
89 72 0 2
89 73 0 1
89 74 0 1
89 75 0 2
89 76 0 1
89 77 0 2
89 78 0 2
89 79 0 2
89 80 0 1
89 81 1 4
89 82 0 2
89 83 0 2
89 84 4 8
89 85 1 4
89 86 4 7
89 87 4 13
89 88 6 12
89 89 8 15
89 90 7 12
89 91 1 7
89 92 3 9
89 93 5 11
89 94 8 14
89 95 5 14
89 96 4 9
89 97 2 8
89 98 6 9
89 99 8 13
89 100 8 11
90 1 5 11
90 2 2 10
90 3 6 12
90 4 7 8
90 5 1 5
90 6 0 2
90 7 0 2
90 8 0 2
90 9 0 2
90 10 0 2
90 11 0 2
90 12 0 2
90 13 0 2
90 14 0 2
90 15 0 2
90 16 1 4
90 17 0 2
90 18 0 2
90 19 0 2
90 20 1 5
90 21 0 2
90 22 0 2
90 23 0 2
90 24 0 1
90 25 1 3
90 26 0 1
90 27 0 2
90 28 0 2
90 29 0 2
90 30 0 2
90 31 0 2
90 32 0 1
90 33 0 2
90 34 0 2
90 35 0 1
90 36 1 3
90 37 0 2
90 38 0 2
90 39 0 2
90 40 0 2
90 41 0 2
90 42 0 2
90 43 0 2
90 44 0 2
90 45 0 2
90 46 0 1
90 47 1 3
90 48 0 2
90 49 0 2
90 50 0 2
90 51 4 11
90 52 1 3
90 53 0 2
90 54 0 2
90 55 0 2
90 56 0 2
90 57 0 2
90 58 0 2
90 59 0 2
90 60 0 2
90 61 0 2
90 62 0 1
90 63 0 2
90 64 0 1
90 65 0 2
90 66 1 4
90 67 0 2
90 68 1 2
90 69 0 2
90 70 0 1
90 71 0 2
90 72 0 2
90 73 0 2
90 74 0 2
90 75 0 2
90 76 0 2
90 77 0 2
90 78 8 12
90 79 0 1
90 80 1 2
90 81 0 2
90 82 0 1
90 83 0 2
90 84 0 2
90 85 0 1
90 86 5 12
90 87 3 13
90 88 3 9
90 89 3 10
90 90 8 11
90 91 4 10
90 92 1 5
90 93 4 15
90 94 0 2
90 95 5 11
90 96 6 12
90 97 6 10
90 98 7 8
90 99 4 8
90 100 0 2
91 1 2 10
91 2 5 10
91 3 2 5
91 4 1 5
91 5 0 2
91 6 0 2
91 7 0 2
91 8 0 2
91 9 0 2
91 10 0 2
91 11 0 2
91 12 0 2
91 13 0 2
91 14 0 2
91 15 1 4
91 16 0 2
91 17 0 2
91 18 0 2
91 19 1 5
91 20 0 2
91 21 0 2
91 22 0 2
91 23 0 1
91 24 1 3
91 25 0 1
91 26 0 2
91 27 0 2
91 28 0 2
91 29 0 2
91 30 0 2
91 31 0 2
91 32 0 2
91 33 0 2
91 34 0 1
91 35 0 1
91 36 0 2
91 37 0 1
91 38 0 2
91 39 0 2
91 40 0 2
91 41 0 2
91 42 0 2
91 43 1 2
91 44 0 1
91 45 0 2
91 46 0 2
91 47 0 1
91 48 0 2
91 49 0 2
91 50 0 2
91 51 0 2
91 52 0 2
91 53 0 2
91 54 0 2
91 55 0 2
91 56 0 2
91 57 0 2
91 58 0 2
91 59 1 4
91 60 0 2
91 61 0 2
91 62 0 2
91 63 0 2
91 64 0 1
91 65 0 2
91 66 0 2
91 67 0 2
91 68 1 2
91 69 0 1
91 70 6 13
91 71 0 2
91 72 0 1
91 73 0 1
91 74 0 2
91 75 0 2
91 76 0 1
91 77 0 2
91 78 0 2
91 79 1 7
91 80 7 8
91 81 5 11
91 82 6 12
91 83 5 10
91 84 6 12
91 85 5 12
91 86 0 2
91 87 0 2
91 88 0 2
91 89 0 2
91 90 0 2
91 91 5 15
91 92 5 11
91 93 4 8
91 94 1 4
91 95 7 14
91 96 1 3
91 97 0 2
91 98 0 1
91 99 0 1
91 100 0 1
92 1 2 10
92 2 5 10
92 3 5 9
92 4 3 8
92 5 2 5
92 6 5 10
92 7 1 5
92 8 0 2
92 9 0 2
92 10 0 2
92 11 0 2
92 12 0 2
92 13 0 2
92 14 0 2
92 15 0 2
92 16 0 2
92 17 0 2
92 18 1 4
92 19 0 2
92 20 0 2
92 21 0 2
92 22 1 5
92 23 0 2
92 24 0 2
92 25 0 2
92 26 0 1
92 27 1 3
92 28 0 1
92 29 0 2
92 30 0 2
92 31 0 2
92 32 0 2
92 33 0 2
92 34 0 1
92 35 0 2
92 36 0 2
92 37 0 2
92 38 0 1
92 39 0 2
92 40 0 2
92 41 0 2
92 42 0 2
92 43 0 1
92 44 0 2
92 45 0 2
92 46 0 2
92 47 0 2
92 48 0 2
92 49 0 2
92 50 0 2
92 51 0 2
92 52 0 1
92 53 0 2
92 54 0 2
92 55 0 2
92 56 0 2
92 57 0 2
92 58 0 1
92 59 0 2
92 60 0 2
92 61 0 1
92 62 0 2
92 63 0 1
92 64 0 2
92 65 1 2
92 66 0 2
92 67 0 1
92 68 0 2
92 69 0 2
92 70 0 2
92 71 0 2
92 72 0 2
92 73 0 2
92 74 0 1
92 75 1 2
92 76 0 2
92 77 0 2
92 78 0 2
92 79 0 1
92 80 3 8
92 81 6 12
92 82 7 15
92 83 1 4
92 84 5 9
92 85 2 7
92 86 5 11
92 87 0 2
92 88 0 2
92 89 0 2
92 90 0 2
92 91 0 2
92 92 0 2
92 93 9 12
92 94 6 11
92 95 3 9
92 96 4 7
92 97 3 7
92 98 3 7
92 99 1 2
92 100 0 2
93 1 2 10
93 2 5 10
93 3 5 9
93 4 5 10
93 5 5 10
93 6 1 5
93 7 0 2
93 8 0 2
93 9 0 2
93 10 0 2
93 11 0 2
93 12 0 2
93 13 0 2
93 14 0 2
93 15 0 2
93 16 0 2
93 17 1 4
93 18 0 2
93 19 0 2
93 20 0 2
93 21 1 5
93 22 0 2
93 23 0 2
93 24 0 2
93 25 0 1
93 26 1 3
93 27 0 1
93 28 0 2
93 29 0 2
93 30 0 2
93 31 3 12
93 32 0 2
93 33 0 2
93 34 0 1
93 35 0 1
93 36 0 2
93 37 0 2
93 38 0 2
93 39 0 1
93 40 0 1
93 41 0 2
93 42 0 2
93 43 0 2
93 44 0 2
93 45 6 9
93 46 0 2
93 47 0 1
93 48 0 2
93 49 0 2
93 50 0 2
93 51 0 1
93 52 0 2
93 53 0 1
93 54 2 5
93 55 0 2
93 56 2 7
93 57 0 2
93 58 0 2
93 59 0 2
93 60 0 2
93 61 0 1
93 62 0 2
93 63 0 1
93 64 0 2
93 65 0 2
93 66 0 1
93 67 0 1
93 68 0 2
93 69 0 2
93 70 0 2
93 71 0 2
93 72 0 1
93 73 0 2
93 74 0 2
93 75 0 2
93 76 0 1
93 77 2 5
93 78 2 4
93 79 3 10
93 80 4 12
93 81 5 13
93 82 3 8
93 83 5 15
93 84 4 10
93 85 3 8
93 86 4 11
93 87 6 13
93 88 0 2
93 89 0 2
93 90 0 2
93 91 0 2
93 92 0 2
93 93 6 11
93 94 4 7
93 95 3 11
93 96 6 8
93 97 5 10
93 98 1 2
93 99 0 1
93 100 1 2
94 1 2 10
94 2 5 10
94 3 5 9
94 4 5 10
94 5 1 5
94 6 0 2
94 7 0 2
94 8 0 2
94 9 0 2
94 10 0 2
94 11 0 2
94 12 0 2
94 13 0 2
94 14 0 2
94 15 0 2
94 16 1 4
94 17 0 2
94 18 0 2
94 19 0 2
94 20 1 5
94 21 0 2
94 22 0 2
94 23 0 2
94 24 0 1
94 25 1 3
94 26 0 1
94 27 0 2
94 28 0 2
94 29 0 2
94 30 1 4
94 31 0 2
94 32 0 1
94 33 0 2
94 34 0 2
94 35 0 1
94 36 0 1
94 37 0 2
94 38 0 2
94 39 0 1
94 40 0 2
94 41 0 1
94 42 0 2
94 43 0 2
94 44 0 2
94 45 0 2
94 46 0 1
94 47 0 2
94 48 0 1
94 49 0 2
94 50 3 10
94 51 0 2
94 52 0 2
94 53 2 4
94 54 1 2
94 55 0 2
94 56 0 2
94 57 0 2
94 58 0 1
94 59 0 2
94 60 0 1
94 61 0 1
94 62 0 2
94 63 0 2
94 64 0 2
94 65 0 2
94 66 0 2
94 67 0 1
94 68 0 1
94 69 1 3
94 70 0 1
94 71 0 2
94 72 0 2
94 73 0 2
94 74 4 7
94 75 0 1
94 76 0 1
94 77 0 2
94 78 0 2
94 79 3 10
94 80 3 12
94 81 5 14
94 82 5 12
94 83 4 11
94 84 6 11
94 85 5 10
94 86 0 2
94 87 0 2
94 88 0 2
94 89 0 2
94 90 0 2
94 91 2 3
94 92 3 10
94 93 6 14
94 94 5 13
94 95 4 10
94 96 1 4
94 97 6 14
94 98 4 7
94 99 0 2
94 100 0 2
95 1 2 10
95 2 5 10
95 3 5 10
95 4 1 5
95 5 0 2
95 6 0 2
95 7 0 2
95 8 0 2
95 9 0 2
95 10 0 2
95 11 0 2
95 12 0 2
95 13 0 2
95 14 0 2
95 15 1 4
95 16 0 2
95 17 0 2
95 18 0 2
95 19 1 5
95 20 0 2
95 21 0 2
95 22 0 2
95 23 0 1
95 24 1 3
95 25 0 1
95 26 0 2
95 27 0 2
95 28 0 2
95 29 1 4
95 30 0 2
95 31 0 2
95 32 0 2
95 33 1 4
95 34 0 1
95 35 0 1
95 36 3 13
95 37 0 2
95 38 0 1
95 39 0 2
95 40 0 1
95 41 0 2
95 42 0 2
95 43 0 2
95 44 0 2
95 45 0 2
95 46 0 2
95 47 0 1
95 48 0 1
95 49 0 2
95 50 0 2
95 51 0 2
95 52 0 2
95 53 0 2
95 54 0 1
95 55 0 2
95 56 0 2
95 57 0 2
95 58 0 1
95 59 1 2
95 60 0 2
95 61 0 2
95 62 0 2
95 63 0 1
95 64 0 2
95 65 0 2
95 66 0 2
95 67 1 2
95 68 0 1
95 69 0 1
95 70 0 2
95 71 0 1
95 72 0 2
95 73 0 2
95 74 0 2
95 75 0 1
95 76 0 1
95 77 0 1
95 78 0 2
95 79 8 13
95 80 5 9
95 81 5 8
95 82 5 12
95 83 4 11
95 84 8 11
95 85 4 7
95 86 7 12
95 87 4 11
95 88 7 11
95 89 3 9
95 90 3 10
95 91 1 2
95 92 0 2
95 93 5 12
95 94 5 11
95 95 2 5
95 96 4 8
95 97 4 7
95 98 0 2
95 99 0 2
95 100 0 1
96 1 2 10
96 2 5 10
96 3 1 5
96 4 0 2
96 5 0 2
96 6 0 2
96 7 0 2
96 8 0 2
96 9 0 2
96 10 0 2
96 11 0 2
96 12 0 2
96 13 0 2
96 14 1 4
96 15 0 2
96 16 0 2
96 17 0 2
96 18 1 5
96 19 0 2
96 20 0 2
96 21 0 2
96 22 0 1
96 23 1 3
96 24 0 1
96 25 0 2
96 26 0 2
96 27 0 2
96 28 1 4
96 29 0 2
96 30 0 2
96 31 0 2
96 32 0 2
96 33 0 1
96 34 0 1
96 35 0 1
96 36 0 2
96 37 0 2
96 38 0 2
96 39 0 1
96 40 0 2
96 41 0 2
96 42 0 2
96 43 0 1
96 44 0 2
96 45 2 11
96 46 1 2
96 47 0 1
96 48 0 2
96 49 0 2
96 50 0 2
96 51 0 1
96 52 0 2
96 53 5 14
96 54 0 2
96 55 0 1
96 56 0 2
96 57 0 2
96 58 0 1
96 59 2 5
96 60 0 2
96 61 0 2
96 62 0 2
96 63 0 2
96 64 0 2
96 65 1 2
96 66 0 2
96 67 0 2
96 68 0 2
96 69 5 12
96 70 1 2
96 71 0 2
96 72 0 1
96 73 0 2
96 74 0 2
96 75 0 2
96 76 0 2
96 77 0 2
96 78 0 1
96 79 0 2
96 80 6 12
96 81 5 10
96 82 10 14
96 83 7 13
96 84 1 2
96 85 6 13
96 86 8 14
96 87 4 10
96 88 5 10
96 89 5 14
96 90 0 2
96 91 0 2
96 92 3 9
96 93 4 10
96 94 7 11
96 95 8 13
96 96 0 2
96 97 7 14
96 98 0 1
96 99 0 1
96 100 0 1
97 1 2 10
97 2 3 5
97 3 1 5
97 4 0 2
97 5 0 2
97 6 0 2
97 7 0 2
97 8 0 2
97 9 0 2
97 10 0 2
97 11 0 2
97 12 0 2
97 13 0 2
97 14 1 4
97 15 0 2
97 16 0 2
97 17 0 2
97 18 1 5
97 19 0 2
97 20 0 2
97 21 0 2
97 22 0 1
97 23 1 3
97 24 0 1
97 25 0 2
97 26 0 2
97 27 0 2
97 28 1 4
97 29 0 2
97 30 0 2
97 31 0 1
97 32 0 2
97 33 0 2
97 34 0 2
97 35 0 2
97 36 0 1
97 37 0 2
97 38 0 2
97 39 0 1
97 40 0 1
97 41 0 2
97 42 0 2
97 43 0 1
97 44 0 2
97 45 0 2
97 46 0 2
97 47 1 2
97 48 0 2
97 49 0 1
97 50 0 2
97 51 0 2
97 52 0 2
97 53 1 2
97 54 0 2
97 55 0 1
97 56 0 2
97 57 0 1
97 58 1 2
97 59 0 2
97 60 0 2
97 61 0 2
97 62 0 2
97 63 0 2
97 64 0 1
97 65 0 2
97 66 0 2
97 67 0 2
97 68 0 2
97 69 0 2
97 70 0 2
97 71 0 2
97 72 0 2
97 73 0 2
97 74 0 2
97 75 0 2
97 76 0 2
97 77 1 2
97 78 3 9
97 79 5 10
97 80 4 10
97 81 3 6
97 82 5 10
97 83 3 8
97 84 3 4
97 85 0 3
97 86 4 11
97 87 3 13
97 88 0 2
97 89 0 2
97 90 0 2
97 91 0 2
97 92 0 2
97 93 4 10
97 94 0 2
97 95 0 2
97 96 6 11
97 97 5 12
97 98 0 1
97 99 0 2
97 100 0 1
98 1 2 10
98 2 1 5
98 3 0 2
98 4 0 2
98 5 0 2
98 6 0 2
98 7 0 2
98 8 0 2
98 9 0 2
98 10 0 2
98 11 0 2
98 12 0 2
98 13 1 4
98 14 0 2
98 15 0 2
98 16 0 2
98 17 1 5
98 18 0 2
98 19 0 2
98 20 0 2
98 21 0 1
98 22 1 3
98 23 0 1
98 24 0 2
98 25 0 2
98 26 0 2
98 27 1 4
98 28 0 2
98 29 0 2
98 30 0 2
98 31 0 2
98 32 0 2
98 33 0 2
98 34 0 1
98 35 0 1
98 36 0 2
98 37 0 1
98 38 1 3
98 39 1 2
98 40 0 2
98 41 0 2
98 42 0 2
98 43 0 2
98 44 2 5
98 45 0 2
98 46 0 2
98 47 0 2
98 48 0 2
98 49 0 2
98 50 0 2
98 51 0 2
98 52 0 2
98 53 0 1
98 54 0 2
98 55 0 1
98 56 0 2
98 57 0 2
98 58 0 2
98 59 1 3
98 60 0 2
98 61 0 2
98 62 0 2
98 63 0 1
98 64 0 1
98 65 0 1
98 66 0 2
98 67 0 2
98 68 0 1
98 69 0 1
98 70 0 2
98 71 0 2
98 72 0 1
98 73 0 1
98 74 0 1
98 75 1 2
98 76 1 2
98 77 0 2
98 78 4 9
98 79 3 7
98 80 3 5
98 81 5 13
98 82 7 15
98 83 3 8
98 84 2 10
98 85 5 13
98 86 4 13
98 87 3 6
98 88 6 12
98 89 4 12
98 90 0 2
98 91 0 2
98 92 0 2
98 93 0 2
98 94 0 2
98 95 0 2
98 96 0 2
98 97 3 10
98 98 3 9
98 99 2 7
98 100 0 2
99 1 5 13
99 2 2 10
99 3 4 6
99 4 1 3
99 5 0 2
99 6 0 2
99 7 0 2
99 8 0 2
99 9 0 2
99 10 0 2
99 11 0 2
99 12 4 12
99 13 4 9
99 14 1 4
99 15 5 9
99 16 4 15
99 17 1 5
99 18 0 2
99 19 0 2
99 20 0 2
99 21 0 2
99 22 0 2
99 23 0 2
99 24 0 2
99 25 0 2
99 26 0 2
99 27 0 2
99 28 1 4
99 29 0 2
99 30 0 2
99 31 0 2
99 32 1 5
99 33 0 2
99 34 0 2
99 35 0 2
99 36 0 1
99 37 1 3
99 38 0 1
99 39 0 2
99 40 0 2
99 41 0 2
99 42 1 4
99 43 0 2
99 44 0 2
99 45 0 2
99 46 0 2
99 47 0 2
99 48 8 14
99 49 0 2
99 50 0 2
99 51 0 2
99 52 3 11
99 53 0 2
99 54 0 2
99 55 0 2
99 56 0 2
99 57 0 2
99 58 0 1
99 59 10 12
99 60 0 2
99 61 0 2
99 62 0 1
99 63 0 2
99 64 0 1
99 65 1 2
99 66 0 2
99 67 0 2
99 68 0 1
99 69 0 2
99 70 0 2
99 71 0 2
99 72 0 2
99 73 0 2
99 74 0 2
99 75 0 1
99 76 0 1
99 77 0 1
99 78 0 1
99 79 0 2
99 80 0 2
99 81 0 2
99 82 0 1
99 83 4 10
99 84 0 2
99 85 0 2
99 86 0 2
99 87 0 2
99 88 0 2
99 89 0 2
99 90 0 1
99 91 0 2
99 92 0 2
99 93 5 8
99 94 3 10
99 95 0 2
99 96 2 5
99 97 0 2
99 98 0 2
99 99 2 8
99 100 3 5
